0	0
1	0
2	0
3	0
4	0
5	0
6	0
7	0
8	0
9	0
10	0
11	0
12	0
13	0
14	0
15	0
16	0
17	0
18	0
19	0
20	0
21	0
22	0
23	0
24	0
25	0
26	0
27	0
28	0
29	0
30	0
31	0
32	0
33	0
34	6
35	22
36	84
37	163
38	239
39	311
40	312
41	288
42	233
43	171
44	157
45	147
46	136
47	140
48	172
49	201
50	189
51	198
52	191
53	141
54	148
55	133
56	122
57	115
58	124
59	113
60	116
61	133
62	101
63	99
64	106
65	108
66	118
67	125
68	138
69	161
70	157
71	158
72	159
73	173
74	174
75	222
76	318
77	559
78	871
79	983
80	770
81	514
82	252
83	138
84	132
85	121
86	127
87	122
88	142
89	175
90	248
91	284
92	295
93	242
94	152
95	108
96	92
97	84
98	89
99	89
100	98
101	93
102	86
103	95
104	76
105	85
106	82
107	83
108	84
109	95
110	91
111	79
112	82
113	85
114	107
115	89
116	77
117	94
118	77
119	88
120	75
121	79
122	83
123	81
124	83
125	94
126	93
127	76
128	75
129	82
130	92
131	81
132	71
133	91
134	81
135	82
136	93
137	80
138	95
139	82
140	62
141	72
142	74
143	82
144	89
145	84
146	88
147	81
148	67
149	75
150	87
151	89
152	98
153	78
154	71
155	78
156	68
157	95
158	81
159	77
160	86
161	81
162	64
163	82
164	85
165	76
166	87
167	81
168	96
169	92
170	99
171	94
172	92
173	102
174	101
175	81
176	91
177	88
178	80
179	101
180	97
181	92
182	96
183	81
184	101
185	98
186	84
187	81
188	89
189	88
190	96
191	116
192	101
193	110
194	102
195	87
196	98
197	92
198	107
199	101
200	124
201	102
202	115
203	98
204	119
205	117
206	107
207	128
208	109
209	124
210	120
211	126
212	122
213	137
214	117
215	118
216	127
217	137
218	130
219	131
220	151
221	141
222	146
223	134
224	138
225	124
226	156
227	135
228	156
229	142
230	142
231	148
232	169
233	149
234	147
235	144
236	133
237	152
238	172
239	177
240	178
241	189
242	203
243	210
244	223
245	245
246	234
247	247
248	282
249	289
250	295
251	272
252	280
253	288
254	298
255	260
256	267
257	270
258	273
259	300
260	275
261	249
262	259
263	284
264	290
265	292
266	279
267	300
268	292
269	300
270	272
271	298
272	295
273	296
274	299
275	320
276	314
277	307
278	306
279	294
280	297
281	310
282	313
283	316
284	275
285	277
286	271
287	293
288	288
289	306
290	274
291	274
292	290
293	299
294	274
295	247
296	308
297	287
298	323
299	299
300	292
301	304
302	294
303	285
304	332
305	294
306	337
307	325
308	323
309	354
310	384
311	490
312	885
313	1637
314	2680
315	3789
316	3875
317	3009
318	1751
319	916
320	581
321	659
322	1171
323	2484
324	4623
325	6349
326	6257
327	4597
328	2513
329	1053
330	396
331	187
332	175
333	149
334	174
335	132
336	144
337	107
338	126
339	124
340	131
341	131
342	119
343	81
344	117
345	129
346	127
347	108
348	112
349	131
350	117
351	127
352	126
353	126
354	105
355	123
356	121
357	106
358	139
359	129
360	141
361	133
362	155
363	151
364	155
365	212
366	321
367	653
368	1113
369	1520
370	1971
371	1926
372	1584
373	1052
374	550
375	267
376	179
377	128
378	142
379	223
380	385
381	628
382	695
383	626
384	572
385	342
386	224
387	138
388	98
389	93
390	75
391	71
392	77
393	80
394	62
395	59
396	72
397	63
398	59
399	50
400	65
401	68
402	58
403	71
404	66
405	64
406	62
407	69
408	59
409	72
410	57
411	65
412	60
413	51
414	55
415	72
416	77
417	54
418	62
419	46
420	63
421	52
422	60
423	61
424	66
425	75
426	61
427	76
428	41
429	55
430	59
431	75
432	68
433	70
434	75
435	64
436	60
437	54
438	54
439	74
440	62
441	66
442	55
443	80
444	69
445	58
446	66
447	64
448	65
449	57
450	57
451	91
452	67
453	69
454	61
455	56
456	49
457	60
458	63
459	58
460	84
461	64
462	67
463	52
464	54
465	68
466	65
467	57
468	71
469	61
470	77
471	64
472	63
473	59
474	66
475	75
476	70
477	74
478	66
479	64
480	75
481	75
482	52
483	60
484	73
485	62
486	79
487	63
488	62
489	67
490	59
491	56
492	64
493	55
494	72
495	69
496	54
497	58
498	49
499	63
500	70
501	65
502	73
503	55
504	67
505	78
506	64
507	62
508	66
509	68
510	67
511	72
512	63
513	74
514	79
515	51
516	80
517	65
518	69
519	60
520	52
521	73
522	71
523	56
524	72
525	76
526	73
527	48
528	61
529	76
530	67
531	73
532	73
533	71
534	84
535	63
536	76
537	72
538	79
539	66
540	85
541	67
542	66
543	70
544	62
545	73
546	75
547	77
548	79
549	63
550	71
551	75
552	49
553	76
554	64
555	65
556	64
557	77
558	68
559	60
560	71
561	67
562	78
563	59
564	70
565	69
566	68
567	64
568	63
569	72
570	69
571	64
572	74
573	59
574	57
575	86
576	76
577	57
578	72
579	66
580	72
581	57
582	78
583	59
584	78
585	66
586	67
587	75
588	68
589	71
590	76
591	70
592	66
593	81
594	73
595	69
596	76
597	73
598	64
599	79
600	63
601	70
602	73
603	79
604	70
605	69
606	61
607	67
608	68
609	79
610	70
611	69
612	69
613	83
614	73
615	67
616	85
617	67
618	68
619	53
620	63
621	73
622	57
623	74
624	56
625	64
626	73
627	71
628	65
629	58
630	66
631	58
632	62
633	71
634	78
635	72
636	70
637	69
638	63
639	70
640	68
641	56
642	86
643	76
644	62
645	54
646	51
647	78
648	59
649	68
650	48
651	54
652	77
653	66
654	78
655	73
656	74
657	62
658	70
659	67
660	45
661	60
662	81
663	72
664	71
665	73
666	68
667	62
668	56
669	72
670	71
671	57
672	69
673	70
674	52
675	86
676	66
677	54
678	65
679	55
680	59
681	69
682	75
683	50
684	66
685	73
686	80
687	62
688	68
689	74
690	62
691	63
692	70
693	65
694	60
695	72
696	63
697	59
698	61
699	57
700	65
701	65
702	49
703	53
704	70
705	48
706	68
707	65
708	58
709	60
710	54
711	76
712	60
713	68
714	55
715	65
716	63
717	52
718	60
719	68
720	55
721	66
722	72
723	64
724	68
725	64
726	64
727	56
728	59
729	67
730	65
731	58
732	61
733	73
734	63
735	70
736	62
737	65
738	63
739	60
740	70
741	66
742	76
743	65
744	59
745	71
746	58
747	67
748	58
749	51
750	65
751	75
752	70
753	50
754	79
755	65
756	69
757	69
758	67
759	68
760	80
761	59
762	78
763	56
764	51
765	75
766	54
767	65
768	70
769	55
770	78
771	68
772	63
773	62
774	70
775	68
776	54
777	64
778	61
779	73
780	66
781	52
782	54
783	63
784	75
785	60
786	68
787	82
788	70
789	78
790	76
791	68
792	70
793	92
794	85
795	83
796	87
797	95
798	84
799	85
800	92
801	74
802	68
803	87
804	82
805	77
806	98
807	90
808	86
809	89
810	73
811	87
812	75
813	78
814	74
815	77
816	83
817	85
818	76
819	86
820	102
821	80
822	69
823	70
824	74
825	78
826	77
827	77
828	78
829	90
830	75
831	66
832	78
833	83
834	74
835	88
836	86
837	77
838	87
839	64
840	90
841	80
842	74
843	79
844	73
845	79
846	73
847	85
848	86
849	83
850	83
851	78
852	92
853	92
854	91
855	72
856	92
857	68
858	79
859	72
860	66
861	65
862	66
863	68
864	89
865	68
866	83
867	69
868	81
869	67
870	77
871	89
872	71
873	64
874	66
875	86
876	77
877	78
878	79
879	94
880	83
881	69
882	81
883	75
884	85
885	86
886	85
887	64
888	87
889	82
890	77
891	75
892	67
893	69
894	66
895	85
896	65
897	74
898	83
899	68
900	72
901	79
902	59
903	66
904	78
905	69
906	86
907	81
908	89
909	71
910	72
911	67
912	69
913	75
914	68
915	73
916	70
917	51
918	75
919	70
920	75
921	79
922	68
923	60
924	90
925	66
926	72
927	80
928	75
929	83
930	80
931	69
932	72
933	71
934	76
935	80
936	75
937	71
938	78
939	78
940	92
941	78
942	76
943	77
944	80
945	80
946	87
947	106
948	76
949	67
950	85
951	70
952	73
953	83
954	97
955	86
956	78
957	99
958	76
959	82
960	87
961	88
962	69
963	83
964	70
965	67
966	80
967	79
968	81
969	66
970	66
971	74
972	82
973	68
974	74
975	88
976	83
977	77
978	76
979	76
980	75
981	80
982	68
983	67
984	64
985	73
986	71
987	88
988	67
989	85
990	79
991	81
992	77
993	84
994	85
995	60
996	91
997	69
998	66
999	81
1000	78
1001	65
1002	75
1003	67
1004	89
1005	56
1006	85
1007	77
1008	78
1009	88
1010	81
1011	60
1012	78
1013	69
1014	65
1015	72
1016	62
1017	63
1018	55
1019	76
1020	67
1021	62
1022	69
1023	85
1024	69
1025	68
1026	88
1027	68
1028	58
1029	65
1030	78
1031	83
1032	74
1033	79
1034	72
1035	72
1036	67
1037	66
1038	66
1039	61
1040	73
1041	55
1042	60
1043	67
1044	68
1045	72
1046	67
1047	68
1048	68
1049	59
1050	77
1051	68
1052	75
1053	70
1054	68
1055	68
1056	62
1057	55
1058	63
1059	60
1060	75
1061	65
1062	67
1063	71
1064	53
1065	70
1066	60
1067	69
1068	65
1069	61
1070	56
1071	70
1072	61
1073	68
1074	56
1075	57
1076	68
1077	72
1078	68
1079	52
1080	74
1081	58
1082	64
1083	68
1084	61
1085	68
1086	60
1087	60
1088	57
1089	69
1090	70
1091	67
1092	62
1093	58
1094	58
1095	52
1096	79
1097	51
1098	68
1099	61
1100	59
1101	61
1102	59
1103	61
1104	60
1105	50
1106	70
1107	56
1108	59
1109	64
1110	67
1111	68
1112	68
1113	78
1114	60
1115	59
1116	63
1117	53
1118	66
1119	51
1120	54
1121	55
1122	58
1123	60
1124	62
1125	76
1126	59
1127	49
1128	57
1129	46
1130	60
1131	48
1132	56
1133	53
1134	58
1135	58
1136	64
1137	52
1138	58
1139	59
1140	57
1141	67
1142	55
1143	54
1144	64
1145	56
1146	52
1147	60
1148	51
1149	60
1150	46
1151	43
1152	58
1153	54
1154	68
1155	55
1156	48
1157	63
1158	63
1159	55
1160	57
1161	54
1162	54
1163	54
1164	54
1165	53
1166	52
1167	65
1168	53
1169	61
1170	51
1171	64
1172	56
1173	61
1174	61
1175	61
1176	43
1177	64
1178	53
1179	61
1180	55
1181	62
1182	61
1183	66
1184	54
1185	54
1186	58
1187	58
1188	64
1189	53
1190	51
1191	43
1192	49
1193	46
1194	42
1195	45
1196	66
1197	52
1198	60
1199	61
1200	54
1201	44
1202	54
1203	48
1204	33
1205	57
1206	45
1207	52
1208	50
1209	38
1210	57
1211	49
1212	58
1213	62
1214	59
1215	45
1216	46
1217	46
1218	58
1219	43
1220	54
1221	65
1222	56
1223	47
1224	40
1225	43
1226	59
1227	49
1228	54
1229	51
1230	53
1231	66
1232	50
1233	45
1234	43
1235	51
1236	48
1237	44
1238	51
1239	50
1240	54
1241	53
1242	52
1243	52
1244	38
1245	60
1246	58
1247	52
1248	41
1249	44
1250	45
1251	53
1252	56
1253	49
1254	58
1255	36
1256	45
1257	53
1258	51
1259	45
1260	52
1261	48
1262	41
1263	42
1264	47
1265	43
1266	53
1267	68
1268	42
1269	49
1270	57
1271	48
1272	41
1273	44
1274	47
1275	48
1276	58
1277	52
1278	39
1279	54
1280	43
1281	46
1282	42
1283	54
1284	35
1285	45
1286	53
1287	57
1288	50
1289	47
1290	64
1291	47
1292	47
1293	48
1294	37
1295	45
1296	50
1297	43
1298	53
1299	50
1300	48
1301	44
1302	43
1303	47
1304	41
1305	39
1306	49
1307	47
1308	48
1309	49
1310	62
1311	54
1312	61
1313	35
1314	39
1315	44
1316	50
1317	40
1318	52
1319	51
1320	47
1321	49
1322	47
1323	44
1324	36
1325	52
1326	41
1327	41
1328	52
1329	55
1330	41
1331	46
1332	45
1333	48
1334	55
1335	54
1336	49
1337	44
1338	56
1339	42
1340	45
1341	42
1342	54
1343	42
1344	55
1345	37
1346	38
1347	44
1348	48
1349	51
1350	52
1351	43
1352	47
1353	46
1354	38
1355	47
1356	45
1357	43
1358	40
1359	41
1360	39
1361	48
1362	39
1363	47
1364	42
1365	37
1366	33
1367	40
1368	62
1369	44
1370	43
1371	39
1372	45
1373	48
1374	44
1375	48
1376	48
1377	47
1378	48
1379	46
1380	51
1381	51
1382	57
1383	46
1384	48
1385	45
1386	67
1387	49
1388	31
1389	48
1390	48
1391	38
1392	49
1393	40
1394	51
1395	45
1396	44
1397	38
1398	44
1399	52
1400	48
1401	37
1402	47
1403	38
1404	37
1405	42
1406	40
1407	42
1408	53
1409	51
1410	46
1411	45
1412	36
1413	43
1414	39
1415	42
1416	47
1417	43
1418	38
1419	46
1420	54
1421	30
1422	49
1423	36
1424	49
1425	41
1426	38
1427	39
1428	48
1429	49
1430	46
1431	41
1432	44
1433	34
1434	33
1435	41
1436	44
1437	39
1438	49
1439	42
1440	45
1441	45
1442	43
1443	40
1444	38
1445	44
1446	36
1447	43
1448	43
1449	37
1450	42
1451	42
1452	45
1453	45
1454	49
1455	48
1456	32
1457	28
1458	38
1459	46
1460	41
1461	39
1462	43
1463	46
1464	44
1465	57
1466	47
1467	45
1468	55
1469	48
1470	53
1471	43
1472	40
1473	42
1474	45
1475	43
1476	37
1477	32
1478	45
1479	43
1480	43
1481	39
1482	50
1483	49
1484	39
1485	40
1486	43
1487	54
1488	49
1489	39
1490	33
1491	44
1492	38
1493	41
1494	53
1495	49
1496	40
1497	54
1498	54
1499	38
1500	47
1501	41
1502	54
1503	52
1504	46
1505	48
1506	40
1507	53
1508	36
1509	45
1510	38
1511	43
1512	51
1513	36
1514	44
1515	39
1516	42
1517	44
1518	50
1519	34
1520	48
1521	48
1522	46
1523	39
1524	43
1525	48
1526	36
1527	60
1528	36
1529	54
1530	53
1531	41
1532	50
1533	42
1534	49
1535	55
1536	54
1537	43
1538	50
1539	46
1540	40
1541	47
1542	53
1543	47
1544	52
1545	46
1546	39
1547	52
1548	50
1549	38
1550	39
1551	36
1552	48
1553	50
1554	46
1555	37
1556	47
1557	52
1558	43
1559	44
1560	49
1561	42
1562	56
1563	39
1564	38
1565	55
1566	44
1567	44
1568	51
1569	45
1570	42
1571	43
1572	53
1573	39
1574	46
1575	46
1576	53
1577	52
1578	40
1579	46
1580	53
1581	38
1582	40
1583	52
1584	48
1585	46
1586	48
1587	59
1588	42
1589	40
1590	38
1591	67
1592	45
1593	47
1594	53
1595	57
1596	45
1597	57
1598	58
1599	37
1600	50
1601	44
1602	42
1603	55
1604	51
1605	51
1606	44
1607	45
1608	47
1609	44
1610	36
1611	45
1612	48
1613	52
1614	42
1615	54
1616	57
1617	51
1618	58
1619	48
1620	53
1621	32
1622	40
1623	50
1624	44
1625	64
1626	40
1627	48
1628	31
1629	38
1630	46
1631	50
1632	52
1633	50
1634	50
1635	49
1636	47
1637	46
1638	37
1639	45
1640	55
1641	43
1642	57
1643	44
1644	50
1645	46
1646	65
1647	50
1648	38
1649	49
1650	46
1651	52
1652	51
1653	51
1654	53
1655	51
1656	60
1657	55
1658	49
1659	37
1660	50
1661	54
1662	45
1663	58
1664	53
1665	59
1666	45
1667	39
1668	50
1669	40
1670	51
1671	38
1672	39
1673	48
1674	48
1675	49
1676	48
1677	50
1678	60
1679	50
1680	55
1681	49
1682	48
1683	68
1684	54
1685	55
1686	55
1687	58
1688	56
1689	49
1690	66
1691	59
1692	46
1693	54
1694	45
1695	47
1696	51
1697	45
1698	53
1699	52
1700	59
1701	64
1702	61
1703	55
1704	54
1705	44
1706	52
1707	49
1708	55
1709	59
1710	47
1711	51
1712	59
1713	59
1714	53
1715	63
1716	52
1717	72
1718	63
1719	70
1720	64
1721	53
1722	38
1723	51
1724	52
1725	58
1726	55
1727	61
1728	55
1729	56
1730	51
1731	48
1732	61
1733	66
1734	52
1735	58
1736	53
1737	57
1738	60
1739	67
1740	56
1741	49
1742	60
1743	46
1744	47
1745	57
1746	65
1747	53
1748	44
1749	62
1750	50
1751	62
1752	63
1753	59
1754	57
1755	56
1756	41
1757	61
1758	53
1759	46
1760	46
1761	61
1762	52
1763	61
1764	50
1765	56
1766	54
1767	65
1768	59
1769	47
1770	64
1771	35
1772	55
1773	66
1774	54
1775	46
1776	45
1777	49
1778	65
1779	52
1780	54
1781	30
1782	57
1783	41
1784	38
1785	44
1786	40
1787	51
1788	39
1789	38
1790	49
1791	46
1792	43
1793	41
1794	39
1795	31
1796	35
1797	38
1798	34
1799	37
1800	34
1801	39
1802	32
1803	47
1804	44
1805	41
1806	30
1807	31
1808	26
1809	35
1810	26
1811	39
1812	33
1813	37
1814	37
1815	28
1816	38
1817	32
1818	26
1819	25
1820	35
1821	37
1822	27
1823	37
1824	41
1825	34
1826	29
1827	35
1828	31
1829	25
1830	23
1831	29
1832	25
1833	25
1834	34
1835	23
1836	36
1837	32
1838	23
1839	25
1840	23
1841	29
1842	32
1843	30
1844	27
1845	21
1846	31
1847	25
1848	38
1849	27
1850	29
1851	28
1852	37
1853	31
1854	38
1855	22
1856	31
1857	30
1858	25
1859	31
1860	30
1861	27
1862	27
1863	32
1864	31
1865	44
1866	29
1867	32
1868	31
1869	31
1870	28
1871	19
1872	22
1873	31
1874	22
1875	31
1876	34
1877	33
1878	28
1879	34
1880	31
1881	18
1882	25
1883	35
1884	31
1885	24
1886	20
1887	26
1888	22
1889	29
1890	34
1891	28
1892	27
1893	23
1894	21
1895	32
1896	36
1897	29
1898	36
1899	24
1900	24
1901	22
1902	41
1903	27
1904	36
1905	22
1906	25
1907	25
1908	29
1909	30
1910	27
1911	27
1912	25
1913	31
1914	14
1915	28
1916	29
1917	35
1918	27
1919	23
1920	19
1921	21
1922	28
1923	20
1924	20
1925	28
1926	18
1927	18
1928	26
1929	21
1930	23
1931	27
1932	24
1933	23
1934	26
1935	27
1936	27
1937	13
1938	32
1939	27
1940	16
1941	19
1942	24
1943	22
1944	27
1945	23
1946	28
1947	28
1948	25
1949	20
1950	26
1951	22
1952	17
1953	20
1954	18
1955	19
1956	30
1957	35
1958	27
1959	24
1960	36
1961	16
1962	26
1963	24
1964	20
1965	28
1966	22
1967	22
1968	27
1969	20
1970	24
1971	34
1972	22
1973	23
1974	21
1975	26
1976	24
1977	23
1978	15
1979	20
1980	26
1981	18
1982	22
1983	22
1984	7
1985	18
1986	25
1987	31
1988	19
1989	27
1990	30
1991	16
1992	26
1993	23
1994	27
1995	26
1996	23
1997	14
1998	30
1999	26
2000	16
2001	30
2002	17
2003	32
2004	19
2005	13
2006	13
2007	23
2008	22
2009	31
2010	21
2011	22
2012	27
2013	17
2014	18
2015	19
2016	23
2017	16
2018	13
2019	20
2020	22
2021	17
2022	20
2023	19
2024	18
2025	22
2026	27
2027	18
2028	21
2029	24
2030	18
2031	18
2032	23
2033	19
2034	13
2035	27
2036	18
2037	13
2038	17
2039	26
2040	17
2041	14
2042	21
2043	19
2044	14
2045	12
2046	14
2047	17
2048	19
2049	26
2050	24
2051	20
2052	18
2053	19
2054	27
2055	18
2056	25
2057	15
2058	15
2059	17
2060	20
2061	18
2062	15
2063	14
2064	29
2065	17
2066	22
2067	22
2068	12
2069	13
2070	19
2071	10
2072	20
2073	19
2074	14
2075	22
2076	19
2077	17
2078	16
2079	16
2080	15
2081	13
2082	17
2083	20
2084	16
2085	22
2086	20
2087	23
2088	18
2089	19
2090	16
2091	15
2092	15
2093	12
2094	19
2095	16
2096	15
2097	19
2098	14
2099	12
2100	16
2101	22
2102	19
2103	16
2104	23
2105	15
2106	24
2107	16
2108	8
2109	22
2110	16
2111	16
2112	24
2113	19
2114	20
2115	16
2116	17
2117	14
2118	8
2119	20
2120	15
2121	20
2122	17
2123	19
2124	15
2125	21
2126	17
2127	17
2128	20
2129	23
2130	23
2131	19
2132	14
2133	12
2134	17
2135	15
2136	20
2137	18
2138	15
2139	17
2140	15
2141	22
2142	15
2143	16
2144	11
2145	15
2146	7
2147	12
2148	19
2149	21
2150	11
2151	15
2152	13
2153	22
2154	15
2155	8
2156	16
2157	20
2158	16
2159	11
2160	18
2161	8
2162	10
2163	22
2164	21
2165	14
2166	15
2167	8
2168	17
2169	14
2170	13
2171	15
2172	18
2173	20
2174	13
2175	22
2176	20
2177	15
2178	5
2179	19
2180	17
2181	13
2182	17
2183	21
2184	18
2185	17
2186	16
2187	9
2188	13
2189	13
2190	13
2191	17
2192	24
2193	14
2194	12
2195	14
2196	16
2197	10
2198	14
2199	15
2200	17
2201	13
2202	11
2203	18
2204	14
2205	20
2206	24
2207	11
2208	15
2209	12
2210	15
2211	9
2212	14
2213	16
2214	10
2215	14
2216	10
2217	18
2218	16
2219	18
2220	16
2221	18
2222	19
2223	8
2224	9
2225	17
2226	21
2227	11
2228	14
2229	17
2230	14
2231	19
2232	12
2233	15
2234	18
2235	17
2236	20
2237	16
2238	13
2239	14
2240	15
2241	14
2242	16
2243	14
2244	19
2245	9
2246	14
2247	13
2248	13
2249	20
2250	8
2251	12
2252	8
2253	7
2254	15
2255	9
2256	15
2257	19
2258	14
2259	8
2260	13
2261	11
2262	19
2263	9
2264	16
2265	20
2266	15
2267	14
2268	12
2269	13
2270	15
2271	19
2272	9
2273	4
2274	8
2275	16
2276	9
2277	13
2278	11
2279	11
2280	12
2281	17
2282	20
2283	13
2284	18
2285	14
2286	6
2287	16
2288	15
2289	13
2290	16
2291	11
2292	16
2293	11
2294	20
2295	8
2296	15
2297	21
2298	15
2299	13
2300	12
2301	16
2302	18
2303	16
2304	18
2305	16
2306	13
2307	15
2308	17
2309	13
2310	12
2311	11
2312	14
2313	10
2314	20
2315	13
2316	10
2317	14
2318	15
2319	23
2320	11
2321	16
2322	12
2323	18
2324	23
2325	16
2326	19
2327	16
2328	12
2329	10
2330	14
2331	13
2332	15
2333	18
2334	7
2335	15
2336	10
2337	8
2338	14
2339	9
2340	15
2341	8
2342	14
2343	14
2344	12
2345	10
2346	14
2347	13
2348	15
2349	10
2350	11
2351	15
2352	8
2353	15
2354	15
2355	17
2356	13
2357	15
2358	8
2359	8
2360	15
2361	15
2362	12
2363	15
2364	8
2365	7
2366	14
2367	9
2368	11
2369	20
2370	16
2371	8
2372	13
2373	17
2374	15
2375	14
2376	13
2377	16
2378	17
2379	11
2380	11
2381	14
2382	10
2383	17
2384	10
2385	14
2386	15
2387	12
2388	12
2389	13
2390	13
2391	15
2392	14
2393	13
2394	11
2395	18
2396	16
2397	19
2398	9
2399	12
2400	11
2401	18
2402	16
2403	10
2404	12
2405	15
2406	19
2407	15
2408	16
2409	13
2410	14
2411	14
2412	12
2413	15
2414	10
2415	9
2416	11
2417	15
2418	6
2419	7
2420	10
2421	13
2422	10
2423	8
2424	13
2425	11
2426	10
2427	12
2428	9
2429	16
2430	22
2431	11
2432	14
2433	16
2434	10
2435	17
2436	10
2437	17
2438	19
2439	17
2440	14
2441	16
2442	8
2443	10
2444	16
2445	12
2446	12
2447	17
2448	12
2449	12
2450	11
2451	15
2452	16
2453	12
2454	15
2455	8
2456	11
2457	14
2458	18
2459	19
2460	15
2461	12
2462	6
2463	7
2464	10
2465	9
2466	9
2467	7
2468	15
2469	11
2470	10
2471	7
2472	11
2473	11
2474	13
2475	7
2476	9
2477	14
2478	12
2479	19
2480	11
2481	15
2482	9
2483	12
2484	16
2485	17
2486	7
2487	14
2488	12
2489	12
2490	15
2491	13
2492	7
2493	16
2494	14
2495	15
2496	9
2497	17
2498	11
2499	11
2500	6
2501	8
2502	11
2503	9
2504	21
2505	13
2506	7
2507	20
2508	17
2509	15
2510	12
2511	13
2512	15
2513	17
2514	8
2515	15
2516	12
2517	13
2518	18
2519	17
2520	14
2521	15
2522	14
2523	8
2524	18
2525	15
2526	17
2527	12
2528	8
2529	14
2530	15
2531	12
2532	13
2533	16
2534	12
2535	13
2536	12
2537	23
2538	13
2539	7
2540	16
2541	6
2542	12
2543	15
2544	10
2545	12
2546	14
2547	13
2548	16
2549	11
2550	13
2551	19
2552	19
2553	13
2554	10
2555	17
2556	23
2557	11
2558	15
2559	14
2560	12
2561	16
2562	13
2563	9
2564	11
2565	17
2566	10
2567	25
2568	16
2569	21
2570	19
2571	11
2572	11
2573	25
2574	16
2575	15
2576	28
2577	21
2578	31
2579	63
2580	118
2581	280
2582	584
2583	1018
2584	1609
2585	2284
2586	2734
2587	2838
2588	2475
2589	1804
2590	1197
2591	646
2592	314
2593	146
2594	44
2595	18
2596	15
2597	13
2598	16
2599	13
2600	10
2601	11
2602	10
2603	9
2604	13
2605	13
2606	10
2607	10
2608	6
2609	11
2610	12
2611	8
2612	10
2613	12
2614	8
2615	12
2616	14
2617	9
2618	12
2619	13
2620	11
2621	11
2622	12
2623	10
2624	11
2625	4
2626	6
2627	8
2628	9
2629	14
2630	10
2631	11
2632	12
2633	10
2634	6
2635	11
2636	12
2637	12
2638	14
2639	16
2640	8
2641	13
2642	9
2643	10
2644	15
2645	16
2646	6
2647	13
2648	5
2649	12
2650	6
2651	10
2652	10
2653	13
2654	14
2655	13
2656	12
2657	10
2658	12
2659	15
2660	14
2661	16
2662	11
2663	11
2664	14
2665	11
2666	13
2667	7
2668	5
2669	7
2670	5
2671	11
2672	12
2673	10
2674	7
2675	8
2676	15
2677	14
2678	6
2679	10
2680	18
2681	10
2682	9
2683	12
2684	14
2685	14
2686	14
2687	13
2688	4
2689	9
2690	10
2691	9
2692	10
2693	11
2694	7
2695	11
2696	9
2697	9
2698	12
2699	11
2700	7
2701	8
2702	7
2703	15
2704	14
2705	11
2706	11
2707	6
2708	10
2709	14
2710	9
2711	8
2712	12
2713	8
2714	13
2715	7
2716	3
2717	16
2718	9
2719	12
2720	13
2721	14
2722	12
2723	13
2724	9
2725	10
2726	13
2727	10
2728	17
2729	8
2730	7
2731	11
2732	6
2733	9
2734	8
2735	12
2736	8
2737	10
2738	8
2739	7
2740	8
2741	11
2742	8
2743	9
2744	9
2745	11
2746	18
2747	17
2748	12
2749	4
2750	12
2751	15
2752	9
2753	12
2754	9
2755	10
2756	13
2757	7
2758	11
2759	9
2760	9
2761	10
2762	15
2763	8
2764	7
2765	8
2766	12
2767	13
2768	11
2769	9
2770	11
2771	6
2772	10
2773	12
2774	9
2775	8
2776	12
2777	9
2778	11
2779	8
2780	9
2781	13
2782	11
2783	9
2784	7
2785	5
2786	6
2787	4
2788	14
2789	14
2790	5
2791	10
2792	12
2793	12
2794	8
2795	8
2796	11
2797	12
2798	9
2799	5
2800	9
2801	8
2802	6
2803	8
2804	12
2805	7
2806	10
2807	7
2808	7
2809	11
2810	5
2811	8
2812	13
2813	13
2814	9
2815	10
2816	10
2817	12
2818	11
2819	19
2820	14
2821	13
2822	7
2823	8
2824	11
2825	10
2826	11
2827	12
2828	7
2829	11
2830	13
2831	11
2832	11
2833	14
2834	10
2835	11
2836	9
2837	4
2838	7
2839	12
2840	11
2841	9
2842	12
2843	10
2844	9
2845	8
2846	3
2847	12
2848	8
2849	12
2850	6
2851	9
2852	12
2853	8
2854	14
2855	7
2856	8
2857	13
2858	8
2859	8
2860	9
2861	10
2862	9
2863	8
2864	13
2865	15
2866	8
2867	10
2868	13
2869	7
2870	10
2871	8
2872	8
2873	6
2874	13
2875	15
2876	9
2877	11
2878	13
2879	14
2880	7
2881	8
2882	7
2883	15
2884	6
2885	14
2886	9
2887	12
2888	10
2889	11
2890	9
2891	10
2892	10
2893	9
2894	9
2895	10
2896	8
2897	9
2898	6
2899	10
2900	4
2901	5
2902	9
2903	11
2904	13
2905	17
2906	14
2907	10
2908	10
2909	13
2910	8
2911	8
2912	10
2913	9
2914	14
2915	5
2916	12
2917	11
2918	11
2919	14
2920	11
2921	10
2922	10
2923	9
2924	11
2925	13
2926	14
2927	10
2928	16
2929	11
2930	13
2931	12
2932	9
2933	15
2934	12
2935	10
2936	13
2937	17
2938	8
2939	9
2940	7
2941	8
2942	7
2943	10
2944	5
2945	10
2946	13
2947	12
2948	6
2949	14
2950	10
2951	9
2952	14
2953	10
2954	8
2955	7
2956	7
2957	10
2958	10
2959	6
2960	12
2961	15
2962	5
2963	11
2964	5
2965	8
2966	10
2967	8
2968	14
2969	13
2970	7
2971	7
2972	8
2973	9
2974	8
2975	11
2976	11
2977	8
2978	6
2979	13
2980	7
2981	10
2982	7
2983	13
2984	8
2985	7
2986	9
2987	8
2988	8
2989	8
2990	19
2991	12
2992	13
2993	13
2994	9
2995	10
2996	6
2997	9
2998	18
2999	13
3000	7
3001	14
3002	9
3003	9
3004	8
3005	12
3006	11
3007	7
3008	16
3009	8
3010	7
3011	8
3012	11
3013	11
3014	13
3015	11
3016	10
3017	12
3018	12
3019	9
3020	15
3021	14
3022	17
3023	10
3024	14
3025	10
3026	6
3027	11
3028	10
3029	12
3030	8
3031	22
3032	16
3033	6
3034	10
3035	10
3036	16
3037	15
3038	10
3039	13
3040	8
3041	7
3042	13
3043	9
3044	8
3045	14
3046	14
3047	8
3048	11
3049	10
3050	17
3051	7
3052	14
3053	13
3054	10
3055	12
3056	7
3057	13
3058	9
3059	13
3060	7
3061	12
3062	7
3063	13
3064	14
3065	8
3066	8
3067	7
3068	10
3069	9
3070	8
3071	8
3072	10
3073	9
3074	7
3075	12
3076	9
3077	11
3078	9
3079	12
3080	13
3081	10
3082	15
3083	13
3084	6
3085	13
3086	12
3087	6
3088	7
3089	7
3090	13
3091	11
3092	6
3093	5
3094	13
3095	12
3096	9
3097	12
3098	6
3099	12
3100	15
3101	8
3102	7
3103	12
3104	12
3105	9
3106	12
3107	9
3108	12
3109	9
3110	7
3111	14
3112	13
3113	14
3114	14
3115	13
3116	7
3117	11
3118	15
3119	13
3120	12
3121	10
3122	14
3123	14
3124	17
3125	9
3126	7
3127	10
3128	10
3129	15
3130	9
3131	14
3132	9
3133	13
3134	11
3135	15
3136	8
3137	7
3138	9
3139	10
3140	10
3141	10
3142	9
3143	10
3144	10
3145	16
3146	14
3147	11
3148	12
3149	7
3150	10
3151	9
3152	9
3153	6
3154	4
3155	7
3156	4
3157	10
3158	9
3159	5
3160	17
3161	12
3162	8
3163	10
3164	13
3165	11
3166	9
3167	18
3168	8
3169	14
3170	11
3171	11
3172	6
3173	20
3174	11
3175	17
3176	15
3177	9
3178	9
3179	16
3180	11
3181	15
3182	10
3183	11
3184	6
3185	14
3186	9
3187	12
3188	13
3189	11
3190	13
3191	8
3192	11
3193	10
3194	15
3195	16
3196	13
3197	6
3198	16
3199	12
3200	9
3201	6
3202	10
3203	6
3204	11
3205	10
3206	8
3207	8
3208	16
3209	11
3210	8
3211	9
3212	11
3213	12
3214	10
3215	11
3216	12
3217	8
3218	11
3219	11
3220	11
3221	11
3222	8
3223	19
3224	11
3225	17
3226	4
3227	9
3228	10
3229	15
3230	11
3231	9
3232	13
3233	8
3234	11
3235	5
3236	13
3237	11
3238	9
3239	12
3240	9
3241	13
3242	11
3243	12
3244	8
3245	14
3246	13
3247	9
3248	5
3249	13
3250	14
3251	8
3252	13
3253	10
3254	10
3255	12
3256	7
3257	14
3258	10
3259	15
3260	6
3261	9
3262	9
3263	13
3264	14
3265	9
3266	5
3267	11
3268	12
3269	9
3270	16
3271	15
3272	15
3273	10
3274	10
3275	12
3276	13
3277	14
3278	14
3279	5
3280	7
3281	10
3282	14
3283	9
3284	11
3285	11
3286	10
3287	8
3288	14
3289	7
3290	15
3291	10
3292	10
3293	16
3294	8
3295	11
3296	13
3297	12
3298	5
3299	12
3300	9
3301	9
3302	12
3303	8
3304	10
3305	7
3306	5
3307	10
3308	14
3309	11
3310	17
3311	11
3312	14
3313	16
3314	15
3315	14
3316	12
3317	10
3318	11
3319	7
3320	11
3321	15
3322	12
3323	12
3324	16
3325	12
3326	6
3327	7
3328	11
3329	12
3330	13
3331	12
3332	13
3333	13
3334	15
3335	18
3336	10
3337	9
3338	12
3339	14
3340	12
3341	11
3342	11
3343	9
3344	14
3345	9
3346	14
3347	8
3348	10
3349	11
3350	10
3351	16
3352	11
3353	8
3354	13
3355	12
3356	15
3357	10
3358	11
3359	16
3360	12
3361	13
3362	13
3363	12
3364	9
3365	12
3366	10
3367	11
3368	8
3369	6
3370	12
3371	14
3372	12
3373	12
3374	18
3375	8
3376	11
3377	9
3378	5
3379	9
3380	10
3381	14
3382	10
3383	9
3384	7
3385	17
3386	15
3387	13
3388	11
3389	14
3390	18
3391	12
3392	15
3393	16
3394	9
3395	11
3396	8
3397	19
3398	10
3399	12
3400	17
3401	17
3402	18
3403	20
3404	6
3405	17
3406	14
3407	10
3408	13
3409	7
3410	11
3411	7
3412	15
3413	3
3414	12
3415	17
3416	13
3417	14
3418	15
3419	6
3420	8
3421	12
3422	14
3423	11
3424	14
3425	14
3426	10
3427	16
3428	15
3429	12
3430	18
3431	11
3432	7
3433	17
3434	16
3435	12
3436	8
3437	15
3438	11
3439	9
3440	19
3441	9
3442	13
3443	12
3444	11
3445	11
3446	6
3447	10
3448	15
3449	10
3450	17
3451	9
3452	9
3453	11
3454	12
3455	6
3456	8
3457	13
3458	18
3459	10
3460	12
3461	11
3462	12
3463	9
3464	12
3465	17
3466	13
3467	8
3468	13
3469	11
3470	6
3471	10
3472	7
3473	12
3474	14
3475	17
3476	15
3477	10
3478	9
3479	17
3480	9
3481	10
3482	12
3483	14
3484	12
3485	14
3486	10
3487	7
3488	14
3489	13
3490	6
3491	10
3492	8
3493	11
3494	11
3495	10
3496	12
3497	15
3498	14
3499	7
3500	12
3501	17
3502	16
3503	12
3504	10
3505	14
3506	14
3507	8
3508	16
3509	4
3510	16
3511	15
3512	11
3513	15
3514	15
3515	14
3516	16
3517	7
3518	7
3519	6
3520	9
3521	6
3522	16
3523	20
3524	16
3525	11
3526	13
3527	10
3528	12
3529	13
3530	14
3531	13
3532	14
3533	15
3534	13
3535	17
3536	13
3537	11
3538	14
3539	10
3540	13
3541	17
3542	13
3543	8
3544	19
3545	8
3546	12
3547	18
3548	14
3549	10
3550	13
3551	19
3552	11
3553	11
3554	9
3555	12
3556	14
3557	14
3558	14
3559	12
3560	11
3561	24
3562	11
3563	14
3564	18
3565	9
3566	10
3567	17
3568	13
3569	16
3570	14
3571	14
3572	21
3573	17
3574	16
3575	10
3576	17
3577	12
3578	13
3579	8
3580	14
3581	21
3582	16
3583	15
3584	12
3585	8
3586	12
3587	8
3588	9
3589	13
3590	17
3591	13
3592	16
3593	10
3594	12
3595	12
3596	12
3597	14
3598	8
3599	13
3600	16
3601	13
3602	14
3603	16
3604	12
3605	7
3606	11
3607	15
3608	7
3609	19
3610	18
3611	17
3612	11
3613	11
3614	16
3615	12
3616	10
3617	13
3618	12
3619	8
3620	16
3621	12
3622	11
3623	13
3624	17
3625	14
3626	18
3627	11
3628	17
3629	12
3630	15
3631	16
3632	12
3633	9
3634	13
3635	16
3636	20
3637	9
3638	14
3639	19
3640	11
3641	15
3642	14
3643	15
3644	18
3645	14
3646	19
3647	9
3648	12
3649	8
3650	20
3651	7
3652	16
3653	18
3654	10
3655	12
3656	14
3657	13
3658	15
3659	17
3660	14
3661	12
3662	15
3663	12
3664	13
3665	15
3666	15
3667	15
3668	13
3669	19
3670	13
3671	20
3672	14
3673	8
3674	7
3675	17
3676	14
3677	13
3678	14
3679	18
3680	22
3681	22
3682	17
3683	19
3684	17
3685	14
3686	16
3687	14
3688	13
3689	18
3690	14
3691	24
3692	12
3693	16
3694	20
3695	11
3696	8
3697	13
3698	17
3699	15
3700	12
3701	12
3702	14
3703	22
3704	21
3705	16
3706	13
3707	14
3708	21
3709	27
3710	20
3711	15
3712	17
3713	21
3714	12
3715	22
3716	16
3717	17
3718	22
3719	17
3720	19
3721	21
3722	15
3723	15
3724	20
3725	17
3726	15
3727	11
3728	14
3729	14
3730	22
3731	18
3732	13
3733	20
3734	10
3735	17
3736	20
3737	19
3738	20
3739	16
3740	15
3741	17
3742	22
3743	16
3744	23
3745	14
3746	19
3747	20
3748	7
3749	19
3750	15
3751	18
3752	19
3753	18
3754	15
3755	15
3756	19
3757	20
3758	18
3759	22
3760	13
3761	17
3762	14
3763	20
3764	24
3765	22
3766	16
3767	24
3768	21
3769	18
3770	9
3771	14
3772	19
3773	21
3774	10
3775	17
3776	20
3777	19
3778	21
3779	21
3780	11
3781	21
3782	13
3783	20
3784	19
3785	19
3786	16
3787	15
3788	13
3789	10
3790	16
3791	13
3792	20
3793	20
3794	24
3795	17
3796	22
3797	21
3798	21
3799	10
3800	23
3801	18
3802	11
3803	23
3804	17
3805	10
3806	16
3807	15
3808	25
3809	20
3810	30
3811	13
3812	22
3813	16
3814	23
3815	27
3816	15
3817	17
3818	17
3819	19
3820	12
3821	22
3822	23
3823	18
3824	34
3825	10
3826	16
3827	10
3828	17
3829	19
3830	19
3831	16
3832	14
3833	21
3834	14
3835	22
3836	14
3837	22
3838	14
3839	23
3840	18
3841	18
3842	15
3843	22
3844	23
3845	12
3846	17
3847	16
3848	23
3849	26
3850	20
3851	15
3852	17
3853	14
3854	12
3855	21
3856	15
3857	18
3858	18
3859	18
3860	16
3861	20
3862	18
3863	19
3864	22
3865	18
3866	21
3867	23
3868	25
3869	23
3870	17
3871	19
3872	17
3873	32
3874	21
3875	19
3876	14
3877	20
3878	19
3879	17
3880	25
3881	22
3882	17
3883	20
3884	23
3885	24
3886	20
3887	15
3888	22
3889	26
3890	17
3891	12
3892	23
3893	15
3894	14
3895	16
3896	13
3897	11
3898	21
3899	20
3900	12
3901	14
3902	14
3903	19
3904	5
3905	13
3906	17
3907	16
3908	13
3909	13
3910	20
3911	9
3912	9
3913	12
3914	10
3915	14
3916	12
3917	13
3918	14
3919	12
3920	14
3921	14
3922	16
3923	12
3924	10
3925	12
3926	16
3927	9
3928	7
3929	13
3930	5
3931	12
3932	9
3933	10
3934	18
3935	10
3936	13
3937	8
3938	10
3939	11
3940	9
3941	9
3942	9
3943	14
3944	12
3945	10
3946	9
3947	13
3948	9
3949	12
3950	10
3951	13
3952	7
3953	15
3954	14
3955	15
3956	12
3957	6
3958	8
3959	7
3960	8
3961	11
3962	10
3963	7
3964	7
3965	5
3966	19
3967	15
3968	6
3969	15
3970	7
3971	12
3972	10
3973	9
3974	7
3975	11
3976	7
3977	10
3978	10
3979	9
3980	5
3981	11
3982	5
3983	11
3984	9
3985	15
3986	12
3987	5
3988	12
3989	4
3990	8
3991	7
3992	4
3993	12
3994	8
3995	9
3996	9
3997	9
3998	11
3999	12
4000	5
4001	10
4002	16
4003	14
4004	14
4005	7
4006	14
4007	9
4008	9
4009	4
4010	5
4011	8
4012	4
4013	7
4014	9
4015	8
4016	4
4017	7
4018	14
4019	15
4020	11
4021	6
4022	8
4023	7
4024	6
4025	8
4026	12
4027	10
4028	10
4029	7
4030	4
4031	11
4032	9
4033	10
4034	4
4035	9
4036	18
4037	8
4038	9
4039	11
4040	8
4041	10
4042	7
4043	4
4044	5
4045	7
4046	9
4047	6
4048	10
4049	9
4050	7
4051	10
4052	6
4053	11
4054	12
4055	9
4056	9
4057	7
4058	14
4059	9
4060	13
4061	11
4062	11
4063	8
4064	7
4065	16
4066	7
4067	8
4068	5
4069	8
4070	9
4071	9
4072	11
4073	5
4074	13
4075	7
4076	13
4077	7
4078	6
4079	10
4080	6
4081	11
4082	11
4083	14
4084	7
4085	8
4086	13
4087	9
4088	9
4089	8
4090	7
4091	10
4092	10
4093	10
4094	6
4095	6
4096	8
4097	5
4098	7
4099	9
4100	4
4101	7
4102	7
4103	5
4104	2
4105	4
4106	7
4107	3
4108	3
4109	4
4110	10
4111	7
4112	9
4113	5
4114	6
4115	13
4116	9
4117	8
4118	10
4119	7
4120	9
4121	12
4122	6
4123	6
4124	5
4125	9
4126	2
4127	5
4128	6
4129	6
4130	4
4131	3
4132	9
4133	9
4134	12
4135	4
4136	7
4137	6
4138	7
4139	3
4140	7
4141	11
4142	5
4143	6
4144	7
4145	12
4146	13
4147	5
4148	7
4149	9
4150	12
4151	3
4152	7
4153	4
4154	10
4155	6
4156	12
4157	5
4158	13
4159	6
4160	6
4161	11
4162	9
4163	11
4164	10
4165	6
4166	8
4167	8
4168	7
4169	6
4170	5
4171	5
4172	7
4173	4
4174	13
4175	5
4176	6
4177	8
4178	6
4179	5
4180	4
4181	7
4182	8
4183	4
4184	9
4185	2
4186	9
4187	4
4188	9
4189	6
4190	8
4191	7
4192	5
4193	3
4194	7
4195	7
4196	10
4197	3
4198	3
4199	3
4200	6
4201	3
4202	4
4203	5
4204	7
4205	7
4206	9
4207	5
4208	7
4209	7
4210	6
4211	4
4212	8
4213	7
4214	4
4215	6
4216	15
4217	5
4218	9
4219	1
4220	8
4221	7
4222	3
4223	2
4224	5
4225	4
4226	7
4227	9
4228	7
4229	5
4230	4
4231	8
4232	7
4233	7
4234	7
4235	7
4236	12
4237	3
4238	5
4239	2
4240	5
4241	3
4242	3
4243	5
4244	3
4245	6
4246	8
4247	5
4248	4
4249	5
4250	6
4251	6
4252	7
4253	4
4254	3
4255	4
4256	4
4257	0
4258	2
4259	1
4260	5
4261	4
4262	10
4263	2
4264	5
4265	7
4266	4
4267	2
4268	7
4269	7
4270	9
4271	1
4272	3
4273	5
4274	3
4275	4
4276	6
4277	5
4278	9
4279	7
4280	5
4281	6
4282	3
4283	4
4284	2
4285	4
4286	0
4287	4
4288	10
4289	6
4290	4
4291	3
4292	4
4293	4
4294	8
4295	6
4296	0
4297	5
4298	2
4299	5
4300	2
4301	2
4302	2
4303	3
4304	2
4305	10
4306	6
4307	2
4308	8
4309	5
4310	2
4311	5
4312	3
4313	2
4314	4
4315	0
4316	1
4317	5
4318	2
4319	3
4320	2
4321	7
4322	2
4323	2
4324	4
4325	3
4326	5
4327	2
4328	6
4329	3
4330	3
4331	6
4332	5
4333	4
4334	0
4335	5
4336	5
4337	6
4338	4
4339	3
4340	5
4341	3
4342	4
4343	5
4344	4
4345	6
4346	1
4347	8
4348	3
4349	4
4350	3
4351	4
4352	3
4353	4
4354	4
4355	4
4356	2
4357	3
4358	7
4359	4
4360	3
4361	2
4362	1
4363	1
4364	3
4365	3
4366	4
4367	3
4368	2
4369	4
4370	1
4371	3
4372	3
4373	3
4374	6
4375	2
4376	3
4377	2
4378	1
4379	2
4380	5
4381	4
4382	4
4383	2
4384	5
4385	0
4386	1
4387	2
4388	0
4389	1
4390	3
4391	4
4392	6
4393	3
4394	1
4395	1
4396	1
4397	5
4398	5
4399	1
4400	1
4401	3
4402	5
4403	1
4404	0
4405	4
4406	1
4407	5
4408	3
4409	1
4410	1
4411	4
4412	8
4413	3
4414	2
4415	1
4416	2
4417	6
4418	1
4419	4
4420	1
4421	3
4422	4
4423	3
4424	1
4425	3
4426	1
4427	1
4428	3
4429	7
4430	6
4431	1
4432	1
4433	2
4434	4
4435	2
4436	1
4437	3
4438	3
4439	4
4440	1
4441	2
4442	4
4443	3
4444	1
4445	1
4446	2
4447	1
4448	0
4449	1
4450	1
4451	3
4452	1
4453	2
4454	2
4455	2
4456	3
4457	2
4458	3
4459	1
4460	2
4461	3
4462	2
4463	1
4464	1
4465	3
4466	0
4467	0
4468	1
4469	2
4470	8
4471	1
4472	2
4473	0
4474	3
4475	2
4476	0
4477	2
4478	1
4479	2
4480	1
4481	1
4482	3
4483	3
4484	1
4485	3
4486	2
4487	1
4488	2
4489	1
4490	1
4491	2
4492	2
4493	0
4494	6
4495	2
4496	2
4497	5
4498	2
4499	4
4500	3
4501	2
4502	1
4503	1
4504	4
4505	7
4506	1
4507	2
4508	4
4509	1
4510	2
4511	0
4512	3
4513	0
4514	1
4515	3
4516	1
4517	2
4518	2
4519	3
4520	4
4521	0
4522	1
4523	2
4524	5
4525	1
4526	2
4527	2
4528	2
4529	6
4530	3
4531	0
4532	2
4533	2
4534	2
4535	1
4536	0
4537	1
4538	3
4539	1
4540	2
4541	0
4542	6
4543	1
4544	3
4545	2
4546	3
4547	3
4548	2
4549	3
4550	1
4551	2
4552	4
4553	1
4554	2
4555	0
4556	2
4557	2
4558	2
4559	2
4560	1
4561	1
4562	2
4563	3
4564	1
4565	2
4566	2
4567	3
4568	2
4569	0
4570	0
4571	6
4572	1
4573	3
4574	2
4575	1
4576	1
4577	3
4578	1
4579	4
4580	1
4581	3
4582	2
4583	1
4584	1
4585	0
4586	4
4587	1
4588	2
4589	1
4590	0
4591	1
4592	1
4593	5
4594	2
4595	1
4596	2
4597	0
4598	5
4599	1
4600	1
4601	3
4602	1
4603	1
4604	4
4605	2
4606	0
4607	3
4608	0
4609	1
4610	3
4611	2
4612	3
4613	1
4614	3
4615	6
4616	2
4617	4
4618	1
4619	2
4620	4
4621	2
4622	4
4623	2
4624	0
4625	2
4626	0
4627	3
4628	0
4629	2
4630	1
4631	0
4632	5
4633	0
4634	1
4635	0
4636	2
4637	4
4638	2
4639	1
4640	0
4641	2
4642	1
4643	1
4644	1
4645	1
4646	2
4647	3
4648	2
4649	1
4650	0
4651	1
4652	3
4653	0
4654	2
4655	0
4656	0
4657	2
4658	4
4659	2
4660	1
4661	1
4662	0
4663	2
4664	1
4665	2
4666	1
4667	0
4668	2
4669	1
4670	3
4671	2
4672	1
4673	1
4674	2
4675	1
4676	3
4677	6
4678	2
4679	2
4680	7
4681	2
4682	5
4683	4
4684	1
4685	3
4686	3
4687	0
4688	1
4689	0
4690	1
4691	2
4692	6
4693	1
4694	1
4695	1
4696	1
4697	0
4698	0
4699	2
4700	6
4701	2
4702	3
4703	3
4704	1
4705	2
4706	3
4707	2
4708	1
4709	2
4710	1
4711	2
4712	2
4713	4
4714	0
4715	2
4716	2
4717	5
4718	1
4719	1
4720	3
4721	4
4722	0
4723	1
4724	0
4725	1
4726	0
4727	2
4728	4
4729	0
4730	1
4731	2
4732	2
4733	3
4734	0
4735	3
4736	5
4737	1
4738	2
4739	1
4740	3
4741	3
4742	3
4743	4
4744	3
4745	0
4746	1
4747	3
4748	4
4749	2
4750	0
4751	2
4752	1
4753	4
4754	1
4755	0
4756	0
4757	3
4758	3
4759	1
4760	1
4761	0
4762	0
4763	0
4764	2
4765	2
4766	1
4767	2
4768	1
4769	2
4770	0
4771	1
4772	1
4773	2
4774	3
4775	0
4776	3
4777	1
4778	2
4779	4
4780	1
4781	1
4782	2
4783	2
4784	2
4785	1
4786	4
4787	1
4788	2
4789	1
4790	3
4791	3
4792	3
4793	1
4794	0
4795	2
4796	2
4797	1
4798	0
4799	0
4800	4
4801	1
4802	2
4803	4
4804	2
4805	6
4806	1
4807	1
4808	1
4809	4
4810	1
4811	0
4812	1
4813	1
4814	0
4815	3
4816	2
4817	1
4818	0
4819	5
4820	5
4821	1
4822	7
4823	2
4824	1
4825	2
4826	1
4827	4
4828	3
4829	4
4830	6
4831	4
4832	15
4833	23
4834	31
4835	63
4836	103
4837	181
4838	319
4839	411
4840	569
4841	729
4842	833
4843	876
4844	852
4845	774
4846	556
4847	402
4848	278
4849	173
4850	90
4851	39
4852	24
4853	8
4854	7
4855	2
4856	3
4857	2
4858	1
4859	2
4860	3
4861	4
4862	5
4863	2
4864	3
4865	4
4866	2
4867	2
4868	0
4869	4
4870	0
4871	0
4872	3
4873	0
4874	0
4875	2
4876	2
4877	0
4878	0
4879	3
4880	0
4881	3
4882	1
4883	0
4884	0
4885	1
4886	1
4887	2
4888	2
4889	2
4890	3
4891	1
4892	1
4893	0
4894	0
4895	2
4896	1
4897	0
4898	0
4899	1
4900	3
4901	1
4902	0
4903	0
4904	1
4905	2
4906	1
4907	0
4908	0
4909	2
4910	2
4911	0
4912	1
4913	0
4914	0
4915	1
4916	2
4917	1
4918	1
4919	0
4920	0
4921	3
4922	2
4923	1
4924	1
4925	1
4926	1
4927	1
4928	2
4929	0
4930	2
4931	0
4932	0
4933	1
4934	1
4935	1
4936	3
4937	1
4938	0
4939	2
4940	1
4941	1
4942	1
4943	2
4944	0
4945	2
4946	0
4947	2
4948	0
4949	0
4950	1
4951	0
4952	2
4953	2
4954	0
4955	2
4956	3
4957	2
4958	0
4959	4
4960	1
4961	0
4962	3
4963	1
4964	0
4965	0
4966	1
4967	0
4968	0
4969	1
4970	3
4971	0
4972	0
4973	0
4974	1
4975	2
4976	1
4977	0
4978	2
4979	0
4980	0
4981	0
4982	0
4983	0
4984	0
4985	2
4986	0
4987	0
4988	0
4989	2
4990	1
4991	2
4992	0
4993	2
4994	2
4995	2
4996	0
4997	2
4998	2
4999	2
5000	0
5001	0
5002	1
5003	2
5004	3
5005	1
5006	1
5007	1
5008	3
5009	1
5010	0
5011	1
5012	0
5013	1
5014	2
5015	2
5016	2
5017	0
5018	2
5019	1
5020	0
5021	1
5022	2
5023	2
5024	0
5025	2
5026	0
5027	1
5028	0
5029	2
5030	4
5031	0
5032	4
5033	1
5034	1
5035	1
5036	0
5037	1
5038	1
5039	1
5040	2
5041	2
5042	0
5043	1
5044	1
5045	3
5046	2
5047	3
5048	0
5049	1
5050	2
5051	0
5052	0
5053	1
5054	1
5055	1
5056	0
5057	2
5058	5
5059	4
5060	0
5061	1
5062	0
5063	0
5064	0
5065	1
5066	2
5067	2
5068	0
5069	2
5070	2
5071	2
5072	1
5073	0
5074	0
5075	0
5076	1
5077	1
5078	0
5079	1
5080	2
5081	2
5082	2
5083	1
5084	1
5085	0
5086	1
5087	2
5088	2
5089	0
5090	1
5091	2
5092	1
5093	2
5094	3
5095	4
5096	1
5097	0
5098	0
5099	4
5100	2
5101	3
5102	2
5103	2
5104	1
5105	0
5106	3
5107	2
5108	1
5109	0
5110	1
5111	1
5112	1
5113	1
5114	1
5115	2
5116	0
5117	1
5118	2
5119	1
5120	1
5121	0
5122	0
5123	0
5124	1
5125	2
5126	1
5127	1
5128	2
5129	1
5130	1
5131	2
5132	0
5133	0
5134	0
5135	2
5136	1
5137	2
5138	4
5139	0
5140	3
5141	0
5142	3
5143	0
5144	3
5145	0
5146	3
5147	1
5148	3
5149	1
5150	1
5151	1
5152	1
5153	1
5154	0
5155	0
5156	0
5157	0
5158	0
5159	0
5160	1
5161	0
5162	3
5163	1
5164	0
5165	0
5166	1
5167	1
5168	2
5169	1
5170	2
5171	2
5172	2
5173	1
5174	4
5175	3
5176	0
5177	0
5178	1
5179	2
5180	2
5181	0
5182	1
5183	0
5184	2
5185	1
5186	0
5187	0
5188	2
5189	1
5190	2
5191	1
5192	0
5193	1
5194	2
5195	0
5196	0
5197	1
5198	1
5199	0
5200	0
5201	1
5202	1
5203	1
5204	0
5205	2
5206	2
5207	0
5208	1
5209	0
5210	1
5211	0
5212	0
5213	2
5214	0
5215	1
5216	1
5217	1
5218	1
5219	2
5220	2
5221	1
5222	0
5223	2
5224	0
5225	3
5226	0
5227	3
5228	1
5229	1
5230	1
5231	0
5232	1
5233	0
5234	1
5235	0
5236	0
5237	1
5238	1
5239	0
5240	0
5241	0
5242	1
5243	0
5244	0
5245	0
5246	2
5247	1
5248	0
5249	0
5250	0
5251	1
5252	0
5253	2
5254	0
5255	1
5256	3
5257	1
5258	1
5259	1
5260	0
5261	0
5262	1
5263	0
5264	0
5265	0
5266	2
5267	1
5268	1
5269	0
5270	1
5271	1
5272	0
5273	2
5274	0
5275	1
5276	1
5277	0
5278	1
5279	1
5280	3
5281	0
5282	0
5283	1
5284	2
5285	0
5286	0
5287	0
5288	0
5289	1
5290	0
5291	1
5292	0
5293	2
5294	0
5295	0
5296	0
5297	0
5298	2
5299	0
5300	1
5301	0
5302	0
5303	2
5304	1
5305	2
5306	1
5307	2
5308	2
5309	1
5310	3
5311	0
5312	0
5313	0
5314	1
5315	0
5316	1
5317	1
5318	0
5319	0
5320	1
5321	0
5322	2
5323	1
5324	0
5325	0
5326	0
5327	2
5328	0
5329	4
5330	0
5331	1
5332	2
5333	1
5334	3
5335	0
5336	0
5337	2
5338	6
5339	1
5340	0
5341	1
5342	1
5343	3
5344	0
5345	1
5346	1
5347	1
5348	0
5349	0
5350	1
5351	0
5352	0
5353	1
5354	1
5355	1
5356	1
5357	0
5358	1
5359	0
5360	0
5361	1
5362	1
5363	1
5364	0
5365	0
5366	1
5367	1
5368	0
5369	0
5370	0
5371	0
5372	0
5373	1
5374	1
5375	0
5376	0
5377	0
5378	1
5379	0
5380	1
5381	1
5382	0
5383	0
5384	0
5385	2
5386	0
5387	1
5388	0
5389	0
5390	0
5391	0
5392	0
5393	1
5394	1
5395	2
5396	1
5397	2
5398	0
5399	2
5400	0
5401	0
5402	0
5403	0
5404	0
5405	3
5406	1
5407	0
5408	1
5409	0
5410	0
5411	0
5412	0
5413	3
5414	2
5415	0
5416	2
5417	0
5418	0
5419	1
5420	0
5421	0
5422	1
5423	0
5424	1
5425	0
5426	0
5427	0
5428	1
5429	0
5430	1
5431	2
5432	0
5433	0
5434	1
5435	2
5436	0
5437	1
5438	0
5439	0
5440	3
5441	0
5442	1
5443	1
5444	1
5445	1
5446	0
5447	1
5448	0
5449	3
5450	1
5451	1
5452	0
5453	1
5454	1
5455	4
5456	1
5457	0
5458	2
5459	0
5460	1
5461	0
5462	2
5463	1
5464	1
5465	2
5466	0
5467	1
5468	0
5469	1
5470	2
5471	0
5472	1
5473	1
5474	5
5475	0
5476	3
5477	1
5478	0
5479	0
5480	1
5481	0
5482	2
5483	2
5484	0
5485	1
5486	0
5487	0
5488	3
5489	0
5490	1
5491	0
5492	0
5493	2
5494	0
5495	2
5496	2
5497	2
5498	0
5499	0
5500	0
5501	1
5502	0
5503	1
5504	0
5505	0
5506	2
5507	1
5508	2
5509	2
5510	3
5511	0
5512	2
5513	3
5514	2
5515	1
5516	1
5517	0
5518	0
5519	3
5520	0
5521	0
5522	0
5523	1
5524	2
5525	0
5526	2
5527	1
5528	1
5529	1
5530	1
5531	1
5532	1
5533	3
5534	1
5535	0
5536	0
5537	1
5538	0
5539	1
5540	2
5541	1
5542	0
5543	0
5544	1
5545	3
5546	0
5547	2
5548	1
5549	0
5550	1
5551	1
5552	2
5553	1
5554	0
5555	1
5556	2
5557	1
5558	1
5559	2
5560	4
5561	1
5562	0
5563	2
5564	1
5565	1
5566	1
5567	0
5568	0
5569	1
5570	0
5571	1
5572	1
5573	0
5574	1
5575	0
5576	0
5577	1
5578	1
5579	3
5580	2
5581	0
5582	2
5583	3
5584	1
5585	2
5586	2
5587	0
5588	1
5589	3
5590	2
5591	1
5592	0
5593	2
5594	0
5595	0
5596	1
5597	0
5598	0
5599	0
5600	2
5601	2
5602	1
5603	0
5604	2
5605	0
5606	3
5607	1
5608	1
5609	1
5610	1
5611	1
5612	0
5613	1
5614	1
5615	0
5616	0
5617	0
5618	0
5619	1
5620	0
5621	1
5622	0
5623	0
5624	0
5625	1
5626	0
5627	0
5628	1
5629	1
5630	3
5631	1
5632	0
5633	0
5634	0
5635	0
5636	0
5637	0
5638	2
5639	0
5640	0
5641	1
5642	1
5643	1
5644	0
5645	2
5646	1
5647	0
5648	1
5649	0
5650	0
5651	1
5652	2
5653	1
5654	2
5655	2
5656	0
5657	1
5658	0
5659	1
5660	1
5661	2
5662	1
5663	0
5664	0
5665	2
5666	1
5667	1
5668	1
5669	1
5670	2
5671	1
5672	0
5673	0
5674	3
5675	0
5676	0
5677	2
5678	0
5679	2
5680	1
5681	0
5682	0
5683	0
5684	1
5685	1
5686	1
5687	1
5688	1
5689	0
5690	1
5691	1
5692	1
5693	0
5694	0
5695	0
5696	1
5697	1
5698	0
5699	0
5700	2
5701	0
5702	0
5703	3
5704	1
5705	1
5706	0
5707	0
5708	3
5709	0
5710	1
5711	1
5712	1
5713	0
5714	0
5715	2
5716	0
5717	0
5718	1
5719	2
5720	0
5721	0
5722	0
5723	0
5724	4
5725	1
5726	1
5727	1
5728	1
5729	1
5730	3
5731	1
5732	3
5733	1
5734	2
5735	6
5736	2
5737	1
5738	1
5739	1
5740	0
5741	1
5742	2
5743	0
5744	2
5745	2
5746	2
5747	1
5748	0
5749	0
5750	2
5751	1
5752	0
5753	0
5754	1
5755	1
5756	0
5757	0
5758	0
5759	0
5760	0
5761	1
5762	2
5763	0
5764	2
5765	1
5766	0
5767	1
5768	0
5769	3
5770	1
5771	0
5772	0
5773	1
5774	1
5775	0
5776	0
5777	2
5778	1
5779	0
5780	0
5781	2
5782	1
5783	0
5784	0
5785	4
5786	1
5787	0
5788	0
5789	0
5790	1
5791	0
5792	0
5793	0
5794	3
5795	1
5796	0
5797	1
5798	1
5799	0
5800	2
5801	0
5802	1
5803	1
5804	1
5805	0
5806	0
5807	0
5808	4
5809	1
5810	3
5811	1
5812	1
5813	0
5814	0
5815	1
5816	1
5817	1
5818	0
5819	3
5820	3
5821	0
5822	1
5823	0
5824	1
5825	4
5826	0
5827	1
5828	2
5829	1
5830	1
5831	0
5832	1
5833	0
5834	1
5835	1
5836	1
5837	0
5838	2
5839	1
5840	2
5841	1
5842	1
5843	1
5844	0
5845	1
5846	1
5847	1
5848	0
5849	2
5850	0
5851	0
5852	0
5853	0
5854	2
5855	1
5856	1
5857	2
5858	1
5859	2
5860	0
5861	0
5862	1
5863	0
5864	0
5865	0
5866	1
5867	0
5868	1
5869	0
5870	2
5871	1
5872	0
5873	0
5874	0
5875	2
5876	0
5877	1
5878	0
5879	1
5880	0
5881	2
5882	0
5883	1
5884	0
5885	0
5886	1
5887	0
5888	2
5889	2
5890	0
5891	1
5892	0
5893	1
5894	0
5895	0
5896	2
5897	1
5898	1
5899	0
5900	0
5901	1
5902	2
5903	1
5904	1
5905	0
5906	0
5907	1
5908	2
5909	1
5910	1
5911	0
5912	0
5913	0
5914	1
5915	1
5916	1
5917	0
5918	2
5919	2
5920	2
5921	0
5922	1
5923	0
5924	1
5925	0
5926	1
5927	2
5928	0
5929	1
5930	0
5931	1
5932	1
5933	1
5934	1
5935	1
5936	2
5937	1
5938	0
5939	1
5940	0
5941	0
5942	2
5943	0
5944	1
5945	1
5946	2
5947	1
5948	1
5949	2
5950	2
5951	1
5952	1
5953	0
5954	0
5955	0
5956	0
5957	0
5958	1
5959	1
5960	1
5961	0
5962	0
5963	1
5964	0
5965	1
5966	2
5967	0
5968	0
5969	0
5970	0
5971	1
5972	0
5973	1
5974	2
5975	2
5976	1
5977	0
5978	2
5979	0
5980	1
5981	1
5982	3
5983	0
5984	1
5985	2
5986	2
5987	1
5988	2
5989	1
5990	1
5991	0
5992	1
5993	1
5994	1
5995	0
5996	0
5997	0
5998	2
5999	0
6000	0
6001	0
6002	0
6003	1
6004	1
6005	1
6006	1
6007	0
6008	0
6009	1
6010	1
6011	1
6012	0
6013	1
6014	0
6015	0
6016	1
6017	1
6018	3
6019	1
6020	0
6021	0
6022	0
6023	1
6024	1
6025	0
6026	0
6027	0
6028	1
6029	0
6030	1
6031	0
6032	2
6033	0
6034	2
6035	0
6036	0
6037	0
6038	1
6039	2
6040	0
6041	1
6042	0
6043	0
6044	3
6045	1
6046	0
6047	2
6048	1
6049	2
6050	0
6051	3
6052	1
6053	0
6054	0
6055	1
6056	1
6057	1
6058	0
6059	0
6060	0
6061	1
6062	0
6063	1
6064	0
6065	0
6066	0
6067	1
6068	1
6069	0
6070	0
6071	1
6072	0
6073	0
6074	0
6075	2
6076	2
6077	0
6078	1
6079	2
6080	1
6081	0
6082	0
6083	0
6084	1
6085	0
6086	0
6087	0
6088	0
6089	1
6090	1
6091	3
6092	3
6093	2
6094	0
6095	1
6096	1
6097	3
6098	0
6099	1
6100	0
6101	1
6102	0
6103	3
6104	0
6105	1
6106	2
6107	0
6108	2
6109	1
6110	2
6111	2
6112	1
6113	1
6114	2
6115	0
6116	0
6117	0
6118	1
6119	1
6120	1
6121	1
6122	0
6123	1
6124	0
6125	1
6126	2
6127	0
6128	1
6129	1
6130	2
6131	0
6132	0
6133	2
6134	0
6135	0
6136	1
6137	1
6138	1
6139	1
6140	2
6141	0
6142	3
6143	0
6144	0
6145	0
6146	2
6147	0
6148	0
6149	3
6150	0
6151	0
6152	0
6153	4
6154	2
6155	1
6156	0
6157	1
6158	1
6159	0
6160	0
6161	0
6162	1
6163	0
6164	1
6165	0
6166	0
6167	2
6168	0
6169	3
6170	2
6171	0
6172	2
6173	1
6174	1
6175	0
6176	2
6177	1
6178	1
6179	4
6180	1
6181	0
6182	0
6183	0
6184	1
6185	0
6186	1
6187	0
6188	0
6189	0
6190	0
6191	2
6192	0
6193	1
6194	1
6195	0
6196	1
6197	0
6198	0
6199	0
6200	1
6201	0
6202	1
6203	1
6204	0
6205	1
6206	1
6207	0
6208	1
6209	0
6210	2
6211	1
6212	2
6213	0
6214	0
6215	2
6216	0
6217	0
6218	1
6219	2
6220	0
6221	1
6222	1
6223	1
6224	1
6225	1
6226	2
6227	1
6228	0
6229	1
6230	2
6231	3
6232	0
6233	0
6234	1
6235	0
6236	2
6237	2
6238	2
6239	1
6240	3
6241	2
6242	2
6243	0
6244	0
6245	3
6246	2
6247	1
6248	2
6249	1
6250	0
6251	0
6252	2
6253	2
6254	2
6255	1
6256	2
6257	0
6258	1
6259	0
6260	0
6261	1
6262	0
6263	1
6264	3
6265	1
6266	2
6267	1
6268	0
6269	3
6270	3
6271	1
6272	2
6273	1
6274	0
6275	1
6276	0
6277	1
6278	1
6279	2
6280	0
6281	2
6282	0
6283	1
6284	0
6285	2
6286	1
6287	3
6288	0
6289	0
6290	1
6291	1
6292	0
6293	2
6294	1
6295	0
6296	3
6297	0
6298	0
6299	0
6300	1
6301	0
6302	0
6303	0
6304	0
6305	0
6306	1
6307	2
6308	0
6309	0
6310	0
6311	0
6312	0
6313	1
6314	1
6315	1
6316	2
6317	2
6318	3
6319	0
6320	3
6321	1
6322	1
6323	0
6324	3
6325	0
6326	1
6327	1
6328	4
6329	0
6330	1
6331	0
6332	0
6333	0
6334	0
6335	3
6336	0
6337	3
6338	1
6339	1
6340	1
6341	2
6342	1
6343	0
6344	0
6345	1
6346	2
6347	2
6348	1
6349	0
6350	1
6351	0
6352	0
6353	0
6354	0
6355	0
6356	3
6357	2
6358	1
6359	0
6360	1
6361	4
6362	0
6363	1
6364	0
6365	1
6366	0
6367	0
6368	1
6369	0
6370	0
6371	1
6372	1
6373	0
6374	0
6375	0
6376	0
6377	0
6378	0
6379	2
6380	1
6381	0
6382	0
6383	3
6384	1
6385	2
6386	0
6387	0
6388	2
6389	0
6390	0
6391	1
6392	0
6393	1
6394	1
6395	0
6396	1
6397	0
6398	0
6399	1
6400	0
6401	2
6402	0
6403	2
6404	1
6405	0
6406	1
6407	1
6408	1
6409	0
6410	1
6411	2
6412	0
6413	1
6414	0
6415	0
6416	1
6417	1
6418	1
6419	1
6420	0
6421	1
6422	0
6423	1
6424	0
6425	1
6426	1
6427	4
6428	0
6429	1
6430	3
6431	2
6432	2
6433	1
6434	0
6435	0
6436	0
6437	1
6438	1
6439	1
6440	1
6441	1
6442	0
6443	1
6444	2
6445	0
6446	0
6447	2
6448	1
6449	0
6450	0
6451	3
6452	1
6453	0
6454	3
6455	1
6456	0
6457	1
6458	2
6459	1
6460	0
6461	1
6462	1
6463	0
6464	2
6465	1
6466	0
6467	0
6468	0
6469	0
6470	0
6471	4
6472	1
6473	1
6474	1
6475	1
6476	0
6477	0
6478	1
6479	0
6480	1
6481	0
6482	1
6483	1
6484	0
6485	0
6486	0
6487	0
6488	0
6489	0
6490	1
6491	0
6492	0
6493	0
6494	1
6495	4
6496	0
6497	0
6498	1
6499	0
6500	1
6501	0
6502	3
6503	0
6504	1
6505	2
6506	0
6507	1
6508	0
6509	2
6510	0
6511	1
6512	1
6513	1
6514	1
6515	0
6516	1
6517	1
6518	1
6519	1
6520	0
6521	1
6522	1
6523	1
6524	1
6525	3
6526	0
6527	0
6528	1
6529	0
6530	1
6531	0
6532	0
6533	3
6534	0
6535	0
6536	2
6537	0
6538	0
6539	1
6540	3
6541	2
6542	0
6543	1
6544	0
6545	0
6546	0
6547	0
6548	0
6549	4
6550	0
6551	1
6552	0
6553	0
6554	0
6555	2
6556	2
6557	0
6558	1
6559	1
6560	1
6561	2
6562	2
6563	2
6564	0
6565	1
6566	2
6567	0
6568	0
6569	3
6570	1
6571	0
6572	0
6573	4
6574	2
6575	2
6576	1
6577	1
6578	1
6579	5
6580	1
6581	1
6582	2
6583	0
6584	0
6585	2
6586	1
6587	1
6588	1
6589	3
6590	1
6591	0
6592	0
6593	0
6594	1
6595	0
6596	0
6597	0
6598	2
6599	1
6600	1
6601	0
6602	5
6603	1
6604	0
6605	2
6606	3
6607	0
6608	0
6609	2
6610	2
6611	1
6612	0
6613	1
6614	0
6615	1
6616	1
6617	1
6618	2
6619	2
6620	2
6621	2
6622	1
6623	0
6624	1
6625	2
6626	0
6627	0
6628	0
6629	1
6630	4
6631	1
6632	0
6633	1
6634	0
6635	1
6636	1
6637	1
6638	0
6639	0
6640	0
6641	0
6642	0
6643	0
6644	0
6645	1
6646	1
6647	0
6648	0
6649	2
6650	0
6651	1
6652	0
6653	3
6654	1
6655	2
6656	0
6657	0
6658	1
6659	2
6660	2
6661	1
6662	0
6663	0
6664	1
6665	0
6666	1
6667	3
6668	3
6669	1
6670	0
6671	3
6672	1
6673	1
6674	2
6675	1
6676	1
6677	1
6678	0
6679	0
6680	2
6681	0
6682	2
6683	1
6684	0
6685	1
6686	1
6687	0
6688	1
6689	0
6690	2
6691	1
6692	1
6693	1
6694	1
6695	0
6696	1
6697	1
6698	0
6699	2
6700	0
6701	1
6702	0
6703	0
6704	0
6705	1
6706	0
6707	1
6708	2
6709	1
6710	1
6711	1
6712	3
6713	0
6714	1
6715	3
6716	0
6717	1
6718	3
6719	0
6720	2
6721	0
6722	0
6723	1
6724	1
6725	1
6726	0
6727	1
6728	0
6729	1
6730	2
6731	1
6732	0
6733	0
6734	0
6735	1
6736	0
6737	0
6738	0
6739	2
6740	2
6741	0
6742	0
6743	0
6744	1
6745	1
6746	0
6747	2
6748	1
6749	1
6750	2
6751	0
6752	1
6753	1
6754	0
6755	1
6756	0
6757	3
6758	2
6759	0
6760	0
6761	0
6762	1
6763	0
6764	0
6765	0
6766	1
6767	1
6768	2
6769	0
6770	2
6771	1
6772	0
6773	0
6774	1
6775	0
6776	3
6777	1
6778	0
6779	2
6780	2
6781	1
6782	0
6783	1
6784	0
6785	0
6786	1
6787	0
6788	0
6789	1
6790	1
6791	1
6792	1
6793	0
6794	0
6795	2
6796	2
6797	1
6798	1
6799	0
6800	1
6801	0
6802	1
6803	0
6804	1
6805	1
6806	0
6807	0
6808	3
6809	0
6810	0
6811	3
6812	0
6813	1
6814	0
6815	0
6816	0
6817	2
6818	1
6819	1
6820	1
6821	1
6822	1
6823	2
6824	5
6825	0
6826	1
6827	1
6828	0
6829	0
6830	1
6831	0
6832	0
6833	0
6834	2
6835	1
6836	0
6837	2
6838	3
6839	2
6840	3
6841	2
6842	2
6843	0
6844	1
6845	1
6846	1
6847	1
6848	2
6849	0
6850	1
6851	1
6852	0
6853	0
6854	2
6855	0
6856	0
6857	2
6858	0
6859	3
6860	2
6861	2
6862	0
6863	1
6864	1
6865	0
6866	2
6867	2
6868	0
6869	0
6870	0
6871	0
6872	1
6873	1
6874	0
6875	2
6876	4
6877	1
6878	1
6879	1
6880	0
6881	2
6882	2
6883	0
6884	1
6885	0
6886	1
6887	1
6888	1
6889	0
6890	0
6891	0
6892	1
6893	1
6894	0
6895	0
6896	2
6897	1
6898	2
6899	0
6900	3
6901	0
6902	1
6903	0
6904	2
6905	0
6906	0
6907	1
6908	0
6909	0
6910	1
6911	0
6912	1
6913	2
6914	2
6915	0
6916	0
6917	0
6918	0
6919	0
6920	0
6921	1
6922	0
6923	0
6924	0
6925	0
6926	1
6927	2
6928	3
6929	3
6930	1
6931	1
6932	2
6933	0
6934	1
6935	1
6936	2
6937	2
6938	3
6939	2
6940	0
6941	6
6942	2
6943	1
6944	2
6945	1
6946	0
6947	1
6948	0
6949	4
6950	1
6951	0
6952	1
6953	1
6954	3
6955	0
6956	0
6957	0
6958	0
6959	1
6960	1
6961	0
6962	1
6963	3
6964	1
6965	4
6966	1
6967	1
6968	1
6969	0
6970	1
6971	2
6972	1
6973	0
6974	2
6975	2
6976	1
6977	1
6978	2
6979	0
6980	0
6981	2
6982	1
6983	3
6984	1
6985	3
6986	1
6987	0
6988	2
6989	1
6990	1
6991	1
6992	1
6993	2
6994	0
6995	2
6996	1
6997	1
6998	0
6999	2
7000	1
7001	0
7002	0
7003	0
7004	1
7005	0
7006	2
7007	2
7008	3
7009	3
7010	0
7011	0
7012	2
7013	0
7014	0
7015	1
7016	0
7017	0
7018	2
7019	3
7020	0
7021	2
7022	2
7023	3
7024	0
7025	4
7026	0
7027	1
7028	1
7029	1
7030	2
7031	0
7032	2
7033	0
7034	1
7035	1
7036	1
7037	1
7038	0
7039	1
7040	2
7041	2
7042	0
7043	1
7044	3
7045	0
7046	4
7047	0
7048	2
7049	1
7050	2
7051	0
7052	3
7053	1
7054	2
7055	1
7056	0
7057	0
7058	1
7059	0
7060	3
7061	4
7062	0
7063	2
7064	2
7065	0
7066	0
7067	0
7068	0
7069	1
7070	0
7071	1
7072	1
7073	0
7074	1
7075	1
7076	1
7077	0
7078	0
7079	0
7080	0
7081	0
7082	0
7083	2
7084	0
7085	0
7086	0
7087	2
7088	0
7089	0
7090	0
7091	0
7092	2
7093	0
7094	0
7095	0
7096	0
7097	1
7098	2
7099	1
7100	2
7101	0
7102	0
7103	0
7104	0
7105	0
7106	2
7107	0
7108	1
7109	0
7110	0
7111	1
7112	0
7113	0
7114	0
7115	0
7116	1
7117	0
7118	1
7119	1
7120	0
7121	0
7122	0
7123	0
7124	1
7125	0
7126	2
7127	2
7128	1
7129	1
7130	1
7131	0
7132	0
7133	0
7134	0
7135	0
7136	0
7137	1
7138	2
7139	0
7140	0
7141	1
7142	0
7143	2
7144	1
7145	0
7146	0
7147	1
7148	1
7149	0
7150	0
7151	1
7152	0
7153	0
7154	1
7155	0
7156	0
7157	0
7158	0
7159	0
7160	0
7161	0
7162	2
7163	1
7164	0
7165	0
7166	1
7167	3
7168	2
7169	0
7170	1
7171	2
7172	0
7173	0
7174	1
7175	0
7176	0
7177	0
7178	0
7179	2
7180	2
7181	1
7182	0
7183	1
7184	0
7185	0
7186	2
7187	0
7188	1
7189	1
7190	1
7191	1
7192	0
7193	1
7194	0
7195	0
7196	0
7197	1
7198	0
7199	0
7200	0
7201	0
7202	0
7203	2
7204	0
7205	0
7206	1
7207	2
7208	1
7209	2
7210	0
7211	1
7212	1
7213	0
7214	0
7215	0
7216	1
7217	1
7218	0
7219	1
7220	2
7221	2
7222	0
7223	2
7224	1
7225	0
7226	1
7227	0
7228	2
7229	1
7230	1
7231	1
7232	0
7233	0
7234	0
7235	1
7236	0
7237	0
7238	0
7239	0
7240	0
7241	0
7242	1
7243	2
7244	1
7245	0
7246	1
7247	0
7248	0
7249	1
7250	0
7251	1
7252	0
7253	1
7254	0
7255	2
7256	0
7257	0
7258	0
7259	1
7260	1
7261	1
7262	0
7263	0
7264	0
7265	1
7266	2
7267	1
7268	2
7269	1
7270	1
7271	0
7272	2
7273	0
7274	0
7275	1
7276	1
7277	0
7278	0
7279	0
7280	0
7281	1
7282	0
7283	1
7284	1
7285	1
7286	0
7287	1
7288	0
7289	2
7290	1
7291	0
7292	1
7293	0
7294	0
7295	0
7296	1
7297	0
7298	0
7299	1
7300	1
7301	1
7302	1
7303	1
7304	0
7305	0
7306	1
7307	0
7308	1
7309	0
7310	0
7311	1
7312	2
7313	1
7314	0
7315	0
7316	1
7317	0
7318	0
7319	0
7320	1
7321	1
7322	0
7323	1
7324	0
7325	2
7326	0
7327	0
7328	0
7329	1
7330	1
7331	1
7332	0
7333	0
7334	0
7335	0
7336	1
7337	1
7338	0
7339	1
7340	0
7341	0
7342	1
7343	0
7344	2
7345	1
7346	0
7347	0
7348	0
7349	0
7350	0
7351	0
7352	0
7353	0
7354	0
7355	1
7356	1
7357	0
7358	0
7359	1
7360	2
7361	2
7362	1
7363	1
7364	0
7365	0
7366	0
7367	1
7368	0
7369	1
7370	0
7371	0
7372	0
7373	0
7374	0
7375	1
7376	0
7377	0
7378	0
7379	0
7380	0
7381	0
7382	1
7383	0
7384	2
7385	0
7386	0
7387	0
7388	0
7389	1
7390	1
7391	0
7392	1
7393	1
7394	0
7395	0
7396	0
7397	2
7398	0
7399	0
7400	0
7401	1
7402	2
7403	0
7404	0
7405	0
7406	1
7407	0
7408	0
7409	0
7410	0
7411	0
7412	1
7413	0
7414	2
7415	0
7416	0
7417	0
7418	0
7419	0
7420	0
7421	0
7422	0
7423	1
7424	0
7425	1
7426	0
7427	0
7428	0
7429	1
7430	0
7431	0
7432	1
7433	0
7434	0
7435	0
7436	2
7437	2
7438	3
7439	1
7440	4
7441	0
7442	2
7443	3
7444	7
7445	8
7446	5
7447	2
7448	8
7449	7
7450	1
7451	1
7452	0
7453	2
7454	1
7455	1
7456	1
7457	0
7458	0
7459	0
7460	0
7461	0
7462	0
7463	0
7464	0
7465	0
7466	0
7467	0
7468	0
7469	1
7470	0
7471	0
7472	0
7473	0
7474	2
7475	0
7476	0
7477	0
7478	0
7479	0
7480	0
7481	1
7482	1
7483	0
7484	0
7485	0
7486	0
7487	1
7488	1
7489	0
7490	0
7491	0
7492	0
7493	0
7494	0
7495	0
7496	2
7497	0
7498	0
7499	0
7500	1
7501	1
7502	1
7503	0
7504	0
7505	0
7506	1
7507	0
7508	0
7509	0
7510	0
7511	0
7512	0
7513	0
7514	1
7515	0
7516	0
7517	0
7518	0
7519	0
7520	0
7521	0
7522	0
7523	0
7524	0
7525	0
7526	0
7527	0
7528	0
7529	0
7530	0
7531	0
7532	0
7533	0
7534	0
7535	1
7536	0
7537	0
7538	0
7539	0
7540	0
7541	0
7542	0
7543	0
7544	1
7545	0
7546	0
7547	0
7548	0
7549	0
7550	0
7551	0
7552	0
7553	0
7554	0
7555	0
7556	0
7557	0
7558	0
7559	0
7560	0
7561	0
7562	0
7563	1
7564	1
7565	0
7566	0
7567	0
7568	0
7569	1
7570	1
7571	0
7572	0
7573	0
7574	0
7575	0
7576	0
7577	0
7578	0
7579	0
7580	1
7581	0
7582	1
7583	0
7584	0
7585	0
7586	0
7587	0
7588	0
7589	0
7590	0
7591	0
7592	0
7593	1
7594	0
7595	1
7596	0
7597	0
7598	0
7599	0
7600	1
7601	0
7602	0
7603	1
7604	0
7605	0
7606	0
7607	0
7608	0
7609	0
7610	0
7611	0
7612	1
7613	0
7614	0
7615	0
7616	0
7617	0
7618	0
7619	0
7620	0
7621	0
7622	0
7623	2
7624	0
7625	0
7626	1
7627	1
7628	0
7629	0
7630	0
7631	0
7632	0
7633	0
7634	0
7635	0
7636	0
7637	0
7638	0
7639	0
7640	0
7641	0
7642	0
7643	0
7644	0
7645	0
7646	0
7647	0
7648	0
7649	0
7650	0
7651	0
7652	0
7653	0
7654	0
7655	0
7656	0
7657	0
7658	0
7659	0
7660	0
7661	0
7662	0
7663	0
7664	0
7665	0
7666	0
7667	0
7668	0
7669	0
7670	0
7671	0
7672	0
7673	1
7674	0
7675	0
7676	0
7677	0
7678	1
7679	0
7680	0
7681	0
7682	0
7683	0
7684	1
7685	0
7686	0
7687	0
7688	0
7689	0
7690	0
7691	1
7692	0
7693	0
7694	0
7695	0
7696	1
7697	0
7698	0
7699	0
7700	0
7701	0
7702	0
7703	0
7704	0
7705	0
7706	0
7707	0
7708	1
7709	0
7710	2
7711	0
7712	0
7713	0
7714	0
7715	0
7716	0
7717	0
7718	1
7719	0
7720	0
7721	0
7722	0
7723	0
7724	0
7725	0
7726	0
7727	0
7728	0
7729	0
7730	0
7731	0
7732	0
7733	0
7734	0
7735	0
7736	0
7737	0
7738	0
7739	0
7740	0
7741	0
7742	0
7743	0
7744	0
7745	0
7746	0
7747	0
7748	0
7749	0
7750	0
7751	0
7752	0
7753	0
7754	0
7755	0
7756	0
7757	0
7758	0
7759	0
7760	1
7761	0
7762	0
7763	0
7764	0
7765	0
7766	0
7767	0
7768	1
7769	1
7770	0
7771	0
7772	0
7773	1
7774	0
7775	0
7776	0
7777	0
7778	0
7779	0
7780	0
7781	0
7782	0
7783	0
7784	0
7785	0
7786	0
7787	0
7788	0
7789	0
7790	1
7791	0
7792	0
7793	0
7794	0
7795	1
7796	0
7797	0
7798	0
7799	0
7800	0
7801	0
7802	0
7803	0
7804	0
7805	0
7806	1
7807	0
7808	0
7809	0
7810	0
7811	0
7812	0
7813	0
7814	0
7815	0
7816	0
7817	0
7818	0
7819	0
7820	1
7821	0
7822	0
7823	0
7824	1
7825	0
7826	0
7827	0
7828	0
7829	0
7830	0
7831	0
7832	0
7833	0
7834	1
7835	0
7836	0
7837	0
7838	0
7839	0
7840	0
7841	0
7842	0
7843	0
7844	0
7845	0
7846	0
7847	0
7848	0
7849	0
7850	0
7851	0
7852	0
7853	0
7854	1
7855	1
7856	0
7857	0
7858	0
7859	1
7860	0
7861	0
7862	0
7863	1
7864	0
7865	0
7866	0
7867	0
7868	0
7869	0
7870	0
7871	0
7872	0
7873	0
7874	0
7875	0
7876	0
7877	0
7878	0
7879	0
7880	0
7881	0
7882	0
7883	0
7884	0
7885	0
7886	0
7887	0
7888	0
7889	0
7890	0
7891	0
7892	0
7893	0
7894	0
7895	0
7896	0
7897	0
7898	0
7899	0
7900	0
7901	0
7902	0
7903	0
7904	2
7905	0
7906	0
7907	0
7908	0
7909	0
7910	0
7911	1
7912	0
7913	0
7914	0
7915	0
7916	0
7917	0
7918	0
7919	0
7920	0
7921	0
7922	0
7923	0
7924	0
7925	0
7926	0
7927	0
7928	0
7929	0
7930	0
7931	0
7932	0
7933	0
7934	0
7935	0
7936	0
7937	0
7938	0
7939	0
7940	0
7941	0
7942	0
7943	0
7944	0
7945	0
7946	1
7947	0
7948	0
7949	0
7950	0
7951	0
7952	0
7953	0
7954	0
7955	0
7956	0
7957	0
7958	0
7959	0
7960	0
7961	0
7962	0
7963	0
7964	0
7965	0
7966	0
7967	0
7968	0
7969	0
7970	0
7971	0
7972	0
7973	0
7974	0
7975	0
7976	0
7977	0
7978	0
7979	0
7980	0
7981	0
7982	0
7983	0
7984	0
7985	0
7986	0
7987	0
7988	0
7989	0
7990	0
7991	0
7992	0
7993	0
7994	0
7995	0
7996	0
7997	0
7998	0
7999	0
8000	0
8001	0
8002	0
8003	0
8004	0
8005	0
8006	0
8007	0
8008	0
8009	1
8010	0
8011	0
8012	0
8013	0
8014	0
8015	0
8016	0
8017	0
8018	0
8019	0
8020	0
8021	0
8022	0
8023	0
8024	0
8025	0
8026	1
8027	0
8028	0
8029	0
8030	0
8031	0
8032	0
8033	0
8034	0
8035	0
8036	0
8037	0
8038	1
8039	0
8040	0
8041	0
8042	1
8043	0
8044	0
8045	0
8046	0
8047	0
8048	0
8049	0
8050	1
8051	1
8052	0
8053	0
8054	0
8055	0
8056	0
8057	1
8058	0
8059	2
8060	3
8061	2
8062	7
8063	6
8064	13
8065	13
8066	24
8067	36
8068	34
8069	41
8070	40
8071	45
8072	25
8073	24
8074	16
8075	23
8076	4
8077	9
8078	8
8079	5
8080	2
8081	0
8082	2
8083	0
8084	0
8085	1
8086	0
8087	1
8088	0
8089	0
8090	0
8091	0
8092	0
8093	0
8094	0
8095	0
8096	0
8097	0
8098	0
8099	0
8100	0
8101	0
8102	0
8103	0
8104	0
8105	0
8106	0
8107	0
8108	0
8109	0
8110	0
8111	0
8112	0
8113	0
8114	0
8115	0
8116	0
8117	0
8118	0
8119	0
8120	0
8121	0
8122	0
8123	0
8124	0
8125	1
8126	0
8127	0
8128	0
8129	0
8130	0
8131	0
8132	0
8133	0
8134	0
8135	0
8136	0
8137	0
8138	0
8139	0
8140	0
8141	0
8142	0
8143	0
8144	0
8145	0
8146	0
8147	0
8148	0
8149	0
8150	0
8151	0
8152	0
8153	0
8154	0
8155	0
8156	0
8157	0
8158	0
8159	0
8160	0
8161	0
8162	0
8163	0
8164	0
8165	1
8166	0
8167	0
8168	0
8169	0
8170	0
8171	0
8172	0
8173	0
8174	0
8175	0
8176	0
8177	0
8178	0
8179	0
8180	0
8181	0
8182	0
8183	0
8184	0
8185	0
8186	0
8187	0
8188	0
8189	0
8190	0
8191	0
