0	0
1	0
2	0
3	0
4	0
5	0
6	0
7	0
8	0
9	0
10	0
11	0
12	0
13	0
14	0
15	0
16	0
17	0
18	0
19	0
20	0
21	0
22	0
23	0
24	0
25	0
26	0
27	0
28	0
29	0
30	0
31	0
32	1
33	0
34	2
35	4
36	53
37	89
38	96
39	124
40	130
41	138
42	87
43	83
44	58
45	52
46	57
47	69
48	76
49	94
50	96
51	105
52	91
53	76
54	66
55	57
56	55
57	65
58	46
59	53
60	68
61	51
62	69
63	52
64	47
65	61
66	51
67	62
68	64
69	57
70	61
71	72
72	71
73	68
74	73
75	96
76	135
77	230
78	323
79	404
80	330
81	193
82	113
83	73
84	48
85	53
86	46
87	51
88	69
89	85
90	115
91	117
92	116
93	90
94	68
95	50
96	44
97	41
98	41
99	37
100	45
101	48
102	34
103	47
104	45
105	49
106	41
107	41
108	54
109	36
110	35
111	40
112	38
113	37
114	39
115	40
116	36
117	48
118	51
119	48
120	35
121	43
122	40
123	39
124	33
125	42
126	36
127	49
128	44
129	49
130	43
131	48
132	39
133	33
134	41
135	39
136	42
137	44
138	39
139	41
140	41
141	46
142	44
143	36
144	43
145	43
146	41
147	39
148	30
149	51
150	38
151	35
152	33
153	44
154	41
155	38
156	40
157	37
158	29
159	33
160	41
161	39
162	38
163	35
164	36
165	38
166	31
167	56
168	35
169	46
170	40
171	38
172	37
173	50
174	40
175	37
176	51
177	40
178	43
179	44
180	50
181	43
182	54
183	55
184	49
185	42
186	42
187	50
188	50
189	42
190	51
191	41
192	38
193	50
194	35
195	46
196	60
197	46
198	54
199	55
200	48
201	48
202	61
203	48
204	61
205	60
206	66
207	62
208	60
209	68
210	59
211	68
212	60
213	59
214	73
215	62
216	56
217	44
218	70
219	62
220	72
221	61
222	59
223	75
224	79
225	71
226	66
227	78
228	69
229	75
230	73
231	74
232	76
233	72
234	63
235	77
236	76
237	78
238	67
239	80
240	80
241	83
242	80
243	93
244	96
245	94
246	98
247	108
248	112
249	106
250	114
251	115
252	128
253	101
254	138
255	118
256	112
257	93
258	122
259	103
260	120
261	126
262	122
263	123
264	124
265	121
266	109
267	119
268	117
269	118
270	112
271	139
272	157
273	134
274	125
275	141
276	136
277	147
278	152
279	144
280	147
281	174
282	156
283	161
284	162
285	168
286	142
287	147
288	166
289	165
290	158
291	145
292	142
293	152
294	158
295	159
296	136
297	136
298	140
299	145
300	147
301	147
302	149
303	158
304	147
305	155
306	136
307	164
308	145
309	166
310	160
311	182
312	313
313	585
314	1073
315	1454
316	1587
317	1264
318	731
319	399
320	231
321	241
322	518
323	966
324	1807
325	2449
326	2536
327	1849
328	1011
329	448
330	182
331	87
332	76
333	79
334	58
335	62
336	68
337	56
338	55
339	68
340	56
341	41
342	63
343	51
344	57
345	58
346	52
347	47
348	69
349	54
350	55
351	54
352	56
353	57
354	50
355	54
356	52
357	66
358	62
359	55
360	64
361	47
362	64
363	68
364	68
365	109
366	146
367	260
368	474
369	647
370	780
371	806
372	621
373	444
374	232
375	112
376	68
377	53
378	58
379	81
380	192
381	255
382	275
383	250
384	201
385	149
386	117
387	64
388	38
389	43
390	39
391	22
392	30
393	38
394	30
395	39
396	35
397	38
398	46
399	30
400	30
401	33
402	30
403	43
404	37
405	40
406	34
407	41
408	36
409	43
410	34
411	30
412	39
413	25
414	30
415	50
416	38
417	30
418	34
419	26
420	45
421	33
422	32
423	31
424	22
425	36
426	21
427	29
428	38
429	33
430	35
431	36
432	34
433	34
434	36
435	40
436	34
437	33
438	31
439	24
440	40
441	40
442	34
443	35
444	31
445	25
446	33
447	25
448	36
449	38
450	28
451	19
452	37
453	33
454	32
455	34
456	35
457	23
458	38
459	40
460	42
461	40
462	39
463	33
464	33
465	34
466	30
467	32
468	47
469	37
470	34
471	31
472	27
473	37
474	35
475	35
476	41
477	34
478	40
479	36
480	45
481	37
482	45
483	42
484	31
485	33
486	25
487	26
488	30
489	31
490	41
491	38
492	32
493	41
494	29
495	36
496	34
497	39
498	42
499	30
500	34
501	28
502	37
503	37
504	36
505	37
506	28
507	37
508	29
509	32
510	40
511	31
512	33
513	35
514	36
515	33
516	39
517	35
518	38
519	44
520	35
521	37
522	46
523	40
524	31
525	40
526	40
527	35
528	37
529	44
530	40
531	33
532	31
533	44
534	29
535	32
536	36
537	34
538	35
539	30
540	41
541	34
542	35
543	33
544	23
545	28
546	32
547	34
548	50
549	36
550	37
551	33
552	31
553	41
554	40
555	32
556	35
557	35
558	45
559	44
560	33
561	38
562	37
563	42
564	51
565	28
566	39
567	34
568	36
569	32
570	36
571	42
572	30
573	30
574	37
575	41
576	32
577	22
578	32
579	35
580	27
581	27
582	34
583	41
584	29
585	31
586	33
587	41
588	36
589	30
590	34
591	34
592	38
593	28
594	41
595	35
596	36
597	30
598	40
599	37
600	32
601	43
602	34
603	26
604	43
605	48
606	35
607	28
608	34
609	52
610	23
611	29
612	30
613	41
614	37
615	28
616	36
617	47
618	35
619	23
620	32
621	34
622	33
623	39
624	40
625	25
626	30
627	37
628	32
629	37
630	34
631	44
632	26
633	37
634	25
635	34
636	37
637	36
638	39
639	33
640	30
641	38
642	31
643	31
644	36
645	23
646	35
647	25
648	34
649	32
650	39
651	41
652	33
653	30
654	41
655	32
656	37
657	37
658	24
659	34
660	35
661	35
662	37
663	31
664	40
665	34
666	37
667	46
668	24
669	33
670	38
671	40
672	36
673	28
674	49
675	37
676	36
677	35
678	28
679	30
680	38
681	28
682	28
683	28
684	29
685	26
686	40
687	31
688	39
689	38
690	25
691	46
692	38
693	29
694	34
695	34
696	32
697	29
698	28
699	24
700	36
701	48
702	33
703	26
704	36
705	36
706	30
707	42
708	37
709	24
710	28
711	51
712	30
713	29
714	34
715	36
716	24
717	29
718	34
719	32
720	29
721	34
722	35
723	35
724	47
725	32
726	27
727	38
728	26
729	28
730	42
731	34
732	28
733	44
734	41
735	32
736	41
737	30
738	32
739	34
740	38
741	31
742	30
743	34
744	35
745	28
746	32
747	31
748	36
749	41
750	22
751	29
752	23
753	27
754	35
755	38
756	29
757	28
758	27
759	31
760	39
761	39
762	33
763	22
764	35
765	28
766	38
767	28
768	37
769	29
770	27
771	25
772	37
773	33
774	28
775	24
776	29
777	28
778	29
779	33
780	34
781	23
782	36
783	29
784	47
785	30
786	30
787	30
788	30
789	36
790	31
791	32
792	45
793	42
794	40
795	40
796	50
797	40
798	39
799	35
800	43
801	56
802	30
803	26
804	53
805	48
806	31
807	49
808	30
809	26
810	36
811	30
812	35
813	43
814	42
815	38
816	29
817	41
818	49
819	38
820	36
821	34
822	36
823	45
824	41
825	39
826	28
827	40
828	41
829	33
830	44
831	32
832	45
833	40
834	32
835	51
836	42
837	31
838	40
839	40
840	36
841	41
842	46
843	28
844	35
845	33
846	41
847	36
848	35
849	37
850	32
851	48
852	28
853	32
854	36
855	33
856	36
857	42
858	31
859	34
860	34
861	35
862	44
863	37
864	35
865	34
866	31
867	34
868	38
869	26
870	37
871	35
872	31
873	35
874	36
875	36
876	35
877	39
878	37
879	36
880	28
881	37
882	35
883	28
884	31
885	32
886	40
887	47
888	37
889	41
890	30
891	41
892	32
893	36
894	42
895	35
896	33
897	43
898	38
899	35
900	28
901	43
902	40
903	35
904	29
905	41
906	24
907	39
908	29
909	43
910	23
911	24
912	28
913	38
914	36
915	32
916	35
917	35
918	32
919	43
920	34
921	37
922	36
923	27
924	27
925	31
926	24
927	32
928	29
929	34
930	28
931	30
932	33
933	37
934	43
935	27
936	38
937	26
938	37
939	33
940	37
941	40
942	43
943	38
944	28
945	32
946	39
947	38
948	33
949	38
950	32
951	36
952	27
953	27
954	31
955	39
956	35
957	34
958	37
959	35
960	43
961	30
962	35
963	36
964	32
965	37
966	25
967	32
968	31
969	36
970	40
971	40
972	29
973	38
974	29
975	39
976	28
977	31
978	31
979	31
980	32
981	37
982	31
983	35
984	38
985	40
986	25
987	28
988	33
989	31
990	26
991	38
992	46
993	34
994	28
995	19
996	28
997	43
998	34
999	32
1000	33
1001	36
1002	37
1003	37
1004	31
1005	49
1006	27
1007	29
1008	27
1009	35
1010	36
1011	45
1012	28
1013	21
1014	32
1015	15
1016	37
1017	28
1018	36
1019	41
1020	28
1021	28
1022	29
1023	27
1024	38
1025	31
1026	21
1027	26
1028	27
1029	28
1030	40
1031	34
1032	29
1033	33
1034	35
1035	30
1036	20
1037	21
1038	37
1039	25
1040	23
1041	28
1042	30
1043	37
1044	29
1045	25
1046	32
1047	33
1048	29
1049	26
1050	29
1051	27
1052	23
1053	24
1054	32
1055	28
1056	37
1057	31
1058	31
1059	35
1060	28
1061	35
1062	31
1063	33
1064	36
1065	26
1066	36
1067	35
1068	26
1069	24
1070	26
1071	28
1072	37
1073	19
1074	29
1075	29
1076	26
1077	37
1078	32
1079	34
1080	25
1081	34
1082	40
1083	27
1084	38
1085	24
1086	34
1087	36
1088	36
1089	33
1090	26
1091	30
1092	28
1093	32
1094	20
1095	27
1096	31
1097	39
1098	23
1099	24
1100	21
1101	36
1102	27
1103	27
1104	29
1105	38
1106	34
1107	30
1108	29
1109	28
1110	32
1111	36
1112	34
1113	42
1114	27
1115	42
1116	30
1117	38
1118	28
1119	30
1120	26
1121	30
1122	29
1123	33
1124	32
1125	29
1126	32
1127	26
1128	31
1129	30
1130	28
1131	29
1132	22
1133	37
1134	35
1135	40
1136	21
1137	35
1138	24
1139	32
1140	26
1141	25
1142	20
1143	32
1144	23
1145	26
1146	34
1147	24
1148	25
1149	20
1150	21
1151	29
1152	29
1153	24
1154	24
1155	29
1156	28
1157	27
1158	31
1159	30
1160	29
1161	24
1162	30
1163	24
1164	29
1165	28
1166	29
1167	33
1168	24
1169	26
1170	26
1171	21
1172	26
1173	30
1174	34
1175	27
1176	22
1177	25
1178	27
1179	35
1180	28
1181	30
1182	37
1183	24
1184	34
1185	23
1186	29
1187	39
1188	30
1189	24
1190	30
1191	30
1192	22
1193	22
1194	30
1195	19
1196	23
1197	37
1198	24
1199	27
1200	24
1201	18
1202	34
1203	25
1204	28
1205	22
1206	20
1207	26
1208	25
1209	17
1210	31
1211	21
1212	23
1213	37
1214	20
1215	34
1216	35
1217	28
1218	29
1219	31
1220	25
1221	23
1222	18
1223	34
1224	22
1225	25
1226	26
1227	26
1228	23
1229	28
1230	31
1231	19
1232	24
1233	16
1234	26
1235	24
1236	16
1237	24
1238	20
1239	24
1240	23
1241	22
1242	25
1243	25
1244	28
1245	16
1246	37
1247	28
1248	21
1249	39
1250	21
1251	24
1252	18
1253	27
1254	23
1255	25
1256	29
1257	28
1258	25
1259	29
1260	22
1261	23
1262	25
1263	25
1264	35
1265	19
1266	24
1267	24
1268	16
1269	29
1270	21
1271	20
1272	16
1273	26
1274	17
1275	32
1276	21
1277	43
1278	23
1279	25
1280	26
1281	20
1282	23
1283	16
1284	19
1285	21
1286	24
1287	15
1288	27
1289	28
1290	21
1291	28
1292	28
1293	18
1294	25
1295	20
1296	26
1297	19
1298	24
1299	27
1300	25
1301	19
1302	26
1303	29
1304	28
1305	19
1306	26
1307	23
1308	18
1309	25
1310	32
1311	23
1312	28
1313	18
1314	22
1315	22
1316	26
1317	33
1318	21
1319	23
1320	19
1321	19
1322	24
1323	16
1324	23
1325	25
1326	25
1327	21
1328	17
1329	25
1330	19
1331	18
1332	24
1333	22
1334	31
1335	27
1336	24
1337	22
1338	20
1339	24
1340	18
1341	16
1342	29
1343	25
1344	25
1345	25
1346	17
1347	15
1348	17
1349	28
1350	26
1351	18
1352	20
1353	20
1354	28
1355	27
1356	20
1357	28
1358	21
1359	26
1360	23
1361	17
1362	31
1363	27
1364	25
1365	26
1366	18
1367	20
1368	20
1369	22
1370	25
1371	20
1372	21
1373	24
1374	22
1375	19
1376	35
1377	26
1378	21
1379	23
1380	12
1381	27
1382	19
1383	23
1384	33
1385	27
1386	24
1387	19
1388	17
1389	24
1390	29
1391	30
1392	16
1393	24
1394	20
1395	20
1396	15
1397	19
1398	22
1399	18
1400	20
1401	24
1402	12
1403	33
1404	21
1405	24
1406	27
1407	17
1408	19
1409	14
1410	16
1411	28
1412	18
1413	18
1414	18
1415	17
1416	24
1417	22
1418	25
1419	22
1420	21
1421	14
1422	21
1423	13
1424	26
1425	29
1426	17
1427	16
1428	18
1429	24
1430	20
1431	12
1432	19
1433	15
1434	18
1435	20
1436	27
1437	19
1438	18
1439	27
1440	20
1441	19
1442	24
1443	23
1444	25
1445	22
1446	24
1447	27
1448	23
1449	21
1450	22
1451	20
1452	28
1453	35
1454	17
1455	20
1456	13
1457	22
1458	24
1459	15
1460	26
1461	23
1462	16
1463	27
1464	16
1465	24
1466	12
1467	16
1468	22
1469	19
1470	20
1471	27
1472	20
1473	32
1474	22
1475	23
1476	25
1477	24
1478	27
1479	21
1480	20
1481	18
1482	10
1483	19
1484	16
1485	18
1486	20
1487	22
1488	14
1489	13
1490	15
1491	27
1492	16
1493	21
1494	17
1495	23
1496	33
1497	25
1498	17
1499	20
1500	23
1501	26
1502	21
1503	16
1504	20
1505	28
1506	19
1507	23
1508	19
1509	18
1510	19
1511	16
1512	18
1513	24
1514	26
1515	22
1516	20
1517	22
1518	17
1519	20
1520	24
1521	18
1522	23
1523	27
1524	23
1525	24
1526	27
1527	19
1528	19
1529	30
1530	16
1531	29
1532	25
1533	19
1534	25
1535	19
1536	21
1537	24
1538	31
1539	22
1540	21
1541	23
1542	26
1543	30
1544	23
1545	26
1546	26
1547	22
1548	33
1549	30
1550	19
1551	20
1552	12
1553	16
1554	21
1555	16
1556	22
1557	22
1558	17
1559	27
1560	23
1561	31
1562	18
1563	24
1564	19
1565	16
1566	19
1567	23
1568	17
1569	24
1570	25
1571	17
1572	30
1573	21
1574	20
1575	20
1576	22
1577	30
1578	19
1579	24
1580	21
1581	23
1582	21
1583	21
1584	20
1585	30
1586	26
1587	25
1588	25
1589	23
1590	23
1591	33
1592	26
1593	19
1594	26
1595	31
1596	20
1597	17
1598	27
1599	26
1600	21
1601	18
1602	24
1603	16
1604	22
1605	20
1606	21
1607	16
1608	29
1609	26
1610	18
1611	18
1612	18
1613	16
1614	24
1615	20
1616	20
1617	22
1618	21
1619	21
1620	21
1621	16
1622	20
1623	30
1624	23
1625	23
1626	19
1627	27
1628	23
1629	26
1630	15
1631	19
1632	27
1633	19
1634	16
1635	21
1636	15
1637	18
1638	20
1639	24
1640	23
1641	23
1642	33
1643	25
1644	14
1645	27
1646	25
1647	13
1648	12
1649	23
1650	15
1651	23
1652	19
1653	26
1654	25
1655	24
1656	18
1657	27
1658	23
1659	23
1660	27
1661	21
1662	24
1663	22
1664	17
1665	22
1666	26
1667	17
1668	17
1669	20
1670	20
1671	26
1672	30
1673	23
1674	14
1675	22
1676	22
1677	19
1678	24
1679	24
1680	23
1681	28
1682	29
1683	22
1684	30
1685	28
1686	22
1687	14
1688	27
1689	11
1690	23
1691	22
1692	27
1693	20
1694	18
1695	20
1696	18
1697	27
1698	22
1699	22
1700	25
1701	24
1702	27
1703	26
1704	22
1705	22
1706	25
1707	20
1708	26
1709	24
1710	13
1711	24
1712	27
1713	24
1714	35
1715	35
1716	25
1717	23
1718	24
1719	28
1720	26
1721	25
1722	31
1723	22
1724	19
1725	25
1726	27
1727	27
1728	23
1729	26
1730	35
1731	19
1732	29
1733	28
1734	24
1735	25
1736	24
1737	20
1738	18
1739	22
1740	28
1741	18
1742	28
1743	28
1744	21
1745	24
1746	27
1747	24
1748	23
1749	18
1750	29
1751	17
1752	16
1753	22
1754	37
1755	24
1756	23
1757	25
1758	26
1759	24
1760	26
1761	24
1762	23
1763	20
1764	25
1765	27
1766	33
1767	15
1768	21
1769	22
1770	21
1771	26
1772	16
1773	27
1774	24
1775	21
1776	25
1777	21
1778	20
1779	24
1780	26
1781	18
1782	14
1783	21
1784	18
1785	20
1786	14
1787	16
1788	26
1789	17
1790	23
1791	16
1792	9
1793	20
1794	10
1795	24
1796	23
1797	17
1798	18
1799	9
1800	16
1801	22
1802	15
1803	21
1804	19
1805	19
1806	18
1807	23
1808	20
1809	17
1810	19
1811	8
1812	21
1813	17
1814	17
1815	10
1816	11
1817	15
1818	12
1819	14
1820	21
1821	10
1822	12
1823	13
1824	19
1825	6
1826	15
1827	16
1828	15
1829	9
1830	15
1831	17
1832	14
1833	10
1834	10
1835	13
1836	18
1837	19
1838	20
1839	13
1840	13
1841	13
1842	18
1843	22
1844	15
1845	9
1846	13
1847	18
1848	11
1849	15
1850	18
1851	12
1852	15
1853	10
1854	11
1855	11
1856	14
1857	11
1858	19
1859	18
1860	17
1861	14
1862	14
1863	9
1864	14
1865	15
1866	7
1867	12
1868	11
1869	15
1870	12
1871	9
1872	21
1873	17
1874	14
1875	11
1876	12
1877	15
1878	12
1879	11
1880	11
1881	13
1882	13
1883	16
1884	9
1885	12
1886	8
1887	13
1888	14
1889	9
1890	16
1891	12
1892	9
1893	14
1894	5
1895	13
1896	16
1897	6
1898	6
1899	16
1900	15
1901	15
1902	10
1903	9
1904	11
1905	11
1906	8
1907	10
1908	18
1909	17
1910	6
1911	10
1912	18
1913	12
1914	11
1915	10
1916	10
1917	13
1918	18
1919	9
1920	11
1921	10
1922	18
1923	9
1924	14
1925	9
1926	12
1927	11
1928	11
1929	8
1930	11
1931	10
1932	8
1933	7
1934	16
1935	9
1936	9
1937	9
1938	12
1939	9
1940	7
1941	8
1942	13
1943	7
1944	6
1945	14
1946	10
1947	13
1948	11
1949	13
1950	13
1951	11
1952	6
1953	9
1954	14
1955	6
1956	11
1957	15
1958	10
1959	12
1960	12
1961	12
1962	12
1963	7
1964	10
1965	10
1966	9
1967	11
1968	9
1969	9
1970	8
1971	8
1972	11
1973	11
1974	7
1975	8
1976	15
1977	9
1978	9
1979	9
1980	4
1981	6
1982	9
1983	10
1984	8
1985	10
1986	11
1987	7
1988	5
1989	11
1990	7
1991	6
1992	7
1993	8
1994	12
1995	8
1996	10
1997	7
1998	8
1999	7
2000	12
2001	5
2002	5
2003	10
2004	11
2005	8
2006	5
2007	17
2008	8
2009	6
2010	9
2011	7
2012	7
2013	11
2014	9
2015	7
2016	5
2017	8
2018	4
2019	6
2020	5
2021	14
2022	7
2023	11
2024	10
2025	8
2026	4
2027	11
2028	11
2029	9
2030	12
2031	7
2032	6
2033	11
2034	8
2035	7
2036	14
2037	6
2038	10
2039	10
2040	3
2041	5
2042	6
2043	10
2044	8
2045	9
2046	9
2047	6
2048	6
2049	8
2050	9
2051	5
2052	7
2053	8
2054	10
2055	11
2056	7
2057	7
2058	8
2059	7
2060	6
2061	10
2062	4
2063	7
2064	5
2065	7
2066	9
2067	9
2068	11
2069	9
2070	6
2071	7
2072	4
2073	9
2074	8
2075	8
2076	6
2077	13
2078	4
2079	7
2080	9
2081	9
2082	5
2083	9
2084	6
2085	8
2086	12
2087	7
2088	3
2089	7
2090	7
2091	6
2092	9
2093	9
2094	4
2095	10
2096	8
2097	6
2098	8
2099	7
2100	7
2101	11
2102	3
2103	11
2104	4
2105	9
2106	8
2107	8
2108	7
2109	6
2110	6
2111	5
2112	8
2113	8
2114	9
2115	4
2116	4
2117	13
2118	7
2119	8
2120	11
2121	12
2122	9
2123	9
2124	9
2125	7
2126	2
2127	3
2128	11
2129	10
2130	4
2131	5
2132	13
2133	1
2134	5
2135	7
2136	2
2137	7
2138	7
2139	9
2140	4
2141	9
2142	10
2143	7
2144	5
2145	8
2146	6
2147	7
2148	5
2149	4
2150	5
2151	10
2152	10
2153	9
2154	6
2155	9
2156	6
2157	9
2158	5
2159	9
2160	7
2161	9
2162	3
2163	5
2164	5
2165	10
2166	6
2167	10
2168	8
2169	6
2170	5
2171	9
2172	4
2173	7
2174	5
2175	11
2176	8
2177	7
2178	9
2179	5
2180	8
2181	5
2182	7
2183	9
2184	9
2185	8
2186	3
2187	6
2188	9
2189	6
2190	4
2191	5
2192	4
2193	6
2194	3
2195	9
2196	11
2197	6
2198	6
2199	3
2200	6
2201	6
2202	8
2203	10
2204	5
2205	3
2206	11
2207	7
2208	8
2209	5
2210	5
2211	6
2212	4
2213	5
2214	8
2215	7
2216	7
2217	7
2218	6
2219	6
2220	4
2221	5
2222	8
2223	5
2224	14
2225	7
2226	5
2227	6
2228	4
2229	6
2230	7
2231	5
2232	8
2233	6
2234	10
2235	9
2236	2
2237	8
2238	12
2239	8
2240	4
2241	6
2242	2
2243	6
2244	5
2245	6
2246	6
2247	5
2248	4
2249	8
2250	4
2251	6
2252	8
2253	8
2254	4
2255	7
2256	9
2257	6
2258	8
2259	3
2260	5
2261	10
2262	7
2263	6
2264	3
2265	8
2266	4
2267	4
2268	6
2269	8
2270	7
2271	7
2272	7
2273	9
2274	6
2275	8
2276	4
2277	8
2278	5
2279	6
2280	1
2281	2
2282	9
2283	7
2284	5
2285	0
2286	8
2287	5
2288	3
2289	5
2290	6
2291	5
2292	9
2293	5
2294	6
2295	6
2296	8
2297	9
2298	6
2299	5
2300	7
2301	6
2302	4
2303	6
2304	4
2305	5
2306	6
2307	6
2308	7
2309	7
2310	4
2311	2
2312	5
2313	6
2314	8
2315	4
2316	3
2317	8
2318	6
2319	7
2320	5
2321	9
2322	13
2323	7
2324	8
2325	6
2326	5
2327	8
2328	8
2329	4
2330	6
2331	5
2332	10
2333	8
2334	4
2335	13
2336	5
2337	5
2338	4
2339	6
2340	6
2341	9
2342	4
2343	6
2344	5
2345	6
2346	6
2347	9
2348	2
2349	6
2350	6
2351	4
2352	5
2353	2
2354	5
2355	8
2356	5
2357	9
2358	4
2359	3
2360	2
2361	13
2362	8
2363	6
2364	5
2365	5
2366	1
2367	5
2368	9
2369	5
2370	6
2371	11
2372	9
2373	6
2374	5
2375	5
2376	7
2377	7
2378	8
2379	6
2380	6
2381	10
2382	9
2383	4
2384	4
2385	8
2386	7
2387	6
2388	7
2389	5
2390	2
2391	11
2392	6
2393	7
2394	4
2395	5
2396	7
2397	6
2398	10
2399	3
2400	7
2401	3
2402	2
2403	7
2404	9
2405	6
2406	7
2407	4
2408	3
2409	10
2410	4
2411	4
2412	5
2413	8
2414	7
2415	6
2416	8
2417	8
2418	3
2419	4
2420	7
2421	3
2422	3
2423	6
2424	10
2425	7
2426	8
2427	2
2428	7
2429	5
2430	3
2431	6
2432	8
2433	9
2434	7
2435	6
2436	9
2437	10
2438	6
2439	5
2440	4
2441	6
2442	7
2443	6
2444	7
2445	6
2446	3
2447	7
2448	8
2449	0
2450	7
2451	4
2452	5
2453	11
2454	3
2455	1
2456	5
2457	9
2458	10
2459	4
2460	6
2461	4
2462	9
2463	3
2464	10
2465	7
2466	2
2467	4
2468	4
2469	11
2470	8
2471	8
2472	6
2473	7
2474	5
2475	8
2476	4
2477	7
2478	2
2479	3
2480	7
2481	6
2482	5
2483	3
2484	6
2485	7
2486	11
2487	4
2488	3
2489	5
2490	7
2491	4
2492	4
2493	6
2494	5
2495	4
2496	4
2497	1
2498	5
2499	8
2500	6
2501	3
2502	5
2503	7
2504	7
2505	2
2506	6
2507	7
2508	5
2509	6
2510	5
2511	7
2512	3
2513	5
2514	5
2515	5
2516	8
2517	4
2518	1
2519	7
2520	5
2521	6
2522	4
2523	5
2524	3
2525	8
2526	5
2527	6
2528	5
2529	4
2530	8
2531	7
2532	8
2533	3
2534	4
2535	6
2536	0
2537	2
2538	6
2539	5
2540	7
2541	2
2542	6
2543	4
2544	5
2545	1
2546	10
2547	4
2548	7
2549	5
2550	2
2551	4
2552	5
2553	3
2554	6
2555	7
2556	8
2557	7
2558	5
2559	5
2560	7
2561	3
2562	5
2563	10
2564	4
2565	4
2566	3
2567	8
2568	5
2569	4
2570	4
2571	2
2572	8
2573	5
2574	9
2575	5
2576	3
2577	10
2578	15
2579	29
2580	47
2581	100
2582	232
2583	422
2584	712
2585	912
2586	1134
2587	1063
2588	1070
2589	764
2590	521
2591	286
2592	161
2593	71
2594	21
2595	16
2596	6
2597	4
2598	5
2599	0
2600	4
2601	4
2602	6
2603	4
2604	3
2605	4
2606	2
2607	12
2608	8
2609	4
2610	4
2611	3
2612	4
2613	5
2614	5
2615	7
2616	7
2617	4
2618	3
2619	4
2620	2
2621	2
2622	6
2623	5
2624	8
2625	7
2626	4
2627	8
2628	6
2629	3
2630	6
2631	4
2632	5
2633	8
2634	3
2635	1
2636	3
2637	3
2638	2
2639	5
2640	3
2641	1
2642	6
2643	4
2644	2
2645	3
2646	3
2647	5
2648	3
2649	4
2650	9
2651	4
2652	4
2653	7
2654	10
2655	3
2656	1
2657	5
2658	1
2659	3
2660	3
2661	1
2662	3
2663	11
2664	3
2665	6
2666	2
2667	5
2668	5
2669	0
2670	2
2671	6
2672	5
2673	5
2674	6
2675	4
2676	5
2677	4
2678	9
2679	4
2680	4
2681	4
2682	2
2683	1
2684	5
2685	5
2686	6
2687	2
2688	4
2689	7
2690	1
2691	3
2692	4
2693	11
2694	8
2695	5
2696	5
2697	4
2698	3
2699	4
2700	5
2701	3
2702	1
2703	4
2704	4
2705	3
2706	5
2707	3
2708	5
2709	7
2710	4
2711	6
2712	1
2713	3
2714	8
2715	10
2716	4
2717	1
2718	4
2719	3
2720	4
2721	4
2722	2
2723	5
2724	8
2725	10
2726	9
2727	8
2728	6
2729	1
2730	7
2731	5
2732	3
2733	6
2734	4
2735	5
2736	6
2737	0
2738	7
2739	2
2740	0
2741	3
2742	6
2743	5
2744	3
2745	3
2746	3
2747	4
2748	3
2749	4
2750	5
2751	1
2752	5
2753	3
2754	2
2755	5
2756	3
2757	3
2758	5
2759	4
2760	6
2761	9
2762	5
2763	6
2764	1
2765	2
2766	4
2767	2
2768	1
2769	6
2770	3
2771	5
2772	7
2773	6
2774	3
2775	2
2776	4
2777	5
2778	6
2779	0
2780	3
2781	1
2782	3
2783	2
2784	3
2785	5
2786	3
2787	7
2788	4
2789	5
2790	4
2791	4
2792	4
2793	4
2794	2
2795	7
2796	4
2797	1
2798	6
2799	8
2800	2
2801	2
2802	3
2803	5
2804	7
2805	3
2806	3
2807	7
2808	5
2809	6
2810	6
2811	4
2812	9
2813	4
2814	3
2815	8
2816	8
2817	5
2818	4
2819	5
2820	5
2821	4
2822	5
2823	5
2824	8
2825	7
2826	4
2827	3
2828	0
2829	6
2830	4
2831	2
2832	5
2833	4
2834	4
2835	6
2836	5
2837	6
2838	6
2839	5
2840	6
2841	3
2842	7
2843	5
2844	3
2845	6
2846	4
2847	2
2848	2
2849	4
2850	9
2851	2
2852	5
2853	4
2854	3
2855	3
2856	3
2857	5
2858	6
2859	5
2860	3
2861	4
2862	3
2863	7
2864	1
2865	2
2866	8
2867	2
2868	3
2869	4
2870	6
2871	3
2872	4
2873	5
2874	3
2875	3
2876	2
2877	2
2878	3
2879	2
2880	4
2881	4
2882	4
2883	4
2884	5
2885	7
2886	6
2887	4
2888	5
2889	4
2890	5
2891	3
2892	3
2893	3
2894	5
2895	5
2896	4
2897	12
2898	2
2899	7
2900	4
2901	3
2902	2
2903	8
2904	7
2905	8
2906	3
2907	5
2908	6
2909	4
2910	2
2911	7
2912	6
2913	6
2914	6
2915	8
2916	7
2917	5
2918	5
2919	4
2920	4
2921	2
2922	6
2923	3
2924	5
2925	3
2926	1
2927	3
2928	4
2929	6
2930	4
2931	3
2932	3
2933	5
2934	5
2935	3
2936	6
2937	0
2938	9
2939	3
2940	3
2941	3
2942	8
2943	3
2944	4
2945	3
2946	5
2947	5
2948	6
2949	5
2950	7
2951	3
2952	9
2953	7
2954	3
2955	5
2956	4
2957	5
2958	6
2959	0
2960	5
2961	4
2962	4
2963	3
2964	5
2965	4
2966	4
2967	2
2968	1
2969	5
2970	4
2971	5
2972	8
2973	2
2974	4
2975	6
2976	2
2977	4
2978	3
2979	5
2980	7
2981	4
2982	3
2983	2
2984	5
2985	4
2986	2
2987	4
2988	2
2989	2
2990	2
2991	4
2992	3
2993	5
2994	4
2995	7
2996	3
2997	5
2998	6
2999	5
3000	1
3001	7
3002	4
3003	3
3004	9
3005	4
3006	4
3007	4
3008	3
3009	3
3010	3
3011	3
3012	6
3013	2
3014	5
3015	0
3016	4
3017	4
3018	6
3019	2
3020	2
3021	3
3022	10
3023	5
3024	3
3025	1
3026	3
3027	5
3028	6
3029	3
3030	5
3031	5
3032	3
3033	4
3034	2
3035	3
3036	1
3037	7
3038	6
3039	3
3040	4
3041	4
3042	5
3043	6
3044	5
3045	3
3046	6
3047	6
3048	5
3049	2
3050	5
3051	5
3052	1
3053	2
3054	3
3055	4
3056	7
3057	3
3058	3
3059	2
3060	0
3061	2
3062	5
3063	5
3064	3
3065	2
3066	8
3067	3
3068	4
3069	6
3070	5
3071	4
3072	5
3073	6
3074	3
3075	5
3076	9
3077	1
3078	3
3079	2
3080	7
3081	6
3082	1
3083	5
3084	4
3085	2
3086	4
3087	6
3088	5
3089	7
3090	3
3091	1
3092	1
3093	9
3094	1
3095	4
3096	7
3097	7
3098	1
3099	4
3100	4
3101	2
3102	6
3103	5
3104	4
3105	7
3106	2
3107	3
3108	5
3109	2
3110	1
3111	6
3112	1
3113	4
3114	2
3115	4
3116	3
3117	6
3118	7
3119	1
3120	3
3121	4
3122	0
3123	6
3124	3
3125	4
3126	11
3127	2
3128	3
3129	4
3130	3
3131	7
3132	6
3133	2
3134	7
3135	3
3136	5
3137	3
3138	3
3139	3
3140	3
3141	9
3142	5
3143	3
3144	7
3145	4
3146	3
3147	3
3148	2
3149	9
3150	5
3151	6
3152	5
3153	2
3154	3
3155	2
3156	3
3157	6
3158	6
3159	5
3160	3
3161	10
3162	7
3163	5
3164	5
3165	7
3166	4
3167	8
3168	3
3169	5
3170	7
3171	1
3172	5
3173	7
3174	7
3175	5
3176	4
3177	4
3178	4
3179	5
3180	7
3181	1
3182	6
3183	5
3184	4
3185	8
3186	5
3187	2
3188	6
3189	5
3190	7
3191	4
3192	7
3193	3
3194	3
3195	6
3196	5
3197	7
3198	3
3199	3
3200	8
3201	5
3202	5
3203	5
3204	6
3205	3
3206	8
3207	5
3208	4
3209	4
3210	5
3211	7
3212	5
3213	4
3214	4
3215	10
3216	7
3217	1
3218	7
3219	4
3220	7
3221	6
3222	2
3223	5
3224	2
3225	3
3226	6
3227	5
3228	4
3229	5
3230	6
3231	3
3232	2
3233	2
3234	3
3235	6
3236	1
3237	7
3238	1
3239	4
3240	1
3241	3
3242	4
3243	7
3244	3
3245	7
3246	8
3247	4
3248	5
3249	3
3250	6
3251	4
3252	2
3253	2
3254	7
3255	5
3256	6
3257	3
3258	3
3259	0
3260	10
3261	2
3262	9
3263	6
3264	5
3265	11
3266	3
3267	2
3268	5
3269	2
3270	7
3271	7
3272	1
3273	2
3274	5
3275	1
3276	7
3277	6
3278	5
3279	3
3280	6
3281	4
3282	3
3283	8
3284	4
3285	2
3286	6
3287	5
3288	5
3289	1
3290	3
3291	5
3292	10
3293	2
3294	3
3295	4
3296	3
3297	5
3298	4
3299	7
3300	8
3301	4
3302	4
3303	3
3304	3
3305	3
3306	4
3307	3
3308	2
3309	10
3310	3
3311	7
3312	2
3313	7
3314	5
3315	4
3316	7
3317	6
3318	6
3319	4
3320	3
3321	8
3322	3
3323	8
3324	5
3325	5
3326	3
3327	7
3328	7
3329	5
3330	7
3331	3
3332	3
3333	5
3334	5
3335	4
3336	9
3337	6
3338	2
3339	6
3340	6
3341	5
3342	11
3343	4
3344	4
3345	7
3346	3
3347	4
3348	4
3349	8
3350	5
3351	4
3352	4
3353	2
3354	6
3355	2
3356	5
3357	5
3358	2
3359	5
3360	4
3361	1
3362	5
3363	6
3364	1
3365	5
3366	5
3367	1
3368	6
3369	5
3370	3
3371	2
3372	6
3373	3
3374	3
3375	1
3376	6
3377	8
3378	3
3379	5
3380	5
3381	4
3382	3
3383	1
3384	8
3385	7
3386	3
3387	4
3388	4
3389	6
3390	4
3391	4
3392	3
3393	3
3394	6
3395	7
3396	2
3397	7
3398	4
3399	7
3400	9
3401	3
3402	7
3403	7
3404	5
3405	6
3406	4
3407	3
3408	4
3409	8
3410	4
3411	5
3412	3
3413	4
3414	3
3415	3
3416	4
3417	6
3418	2
3419	9
3420	1
3421	9
3422	4
3423	3
3424	5
3425	2
3426	6
3427	8
3428	3
3429	5
3430	3
3431	7
3432	7
3433	5
3434	5
3435	4
3436	4
3437	9
3438	3
3439	5
3440	5
3441	4
3442	2
3443	12
3444	3
3445	4
3446	5
3447	4
3448	8
3449	5
3450	8
3451	2
3452	5
3453	3
3454	5
3455	9
3456	8
3457	4
3458	5
3459	7
3460	3
3461	8
3462	10
3463	5
3464	7
3465	6
3466	8
3467	3
3468	4
3469	7
3470	2
3471	7
3472	5
3473	5
3474	8
3475	3
3476	4
3477	4
3478	2
3479	6
3480	3
3481	0
3482	8
3483	6
3484	3
3485	7
3486	3
3487	1
3488	6
3489	7
3490	5
3491	6
3492	4
3493	2
3494	5
3495	6
3496	7
3497	5
3498	3
3499	4
3500	7
3501	5
3502	6
3503	4
3504	5
3505	1
3506	2
3507	6
3508	3
3509	6
3510	11
3511	6
3512	2
3513	4
3514	3
3515	5
3516	6
3517	4
3518	11
3519	5
3520	6
3521	5
3522	2
3523	5
3524	5
3525	6
3526	4
3527	7
3528	11
3529	6
3530	4
3531	9
3532	4
3533	2
3534	2
3535	4
3536	9
3537	8
3538	3
3539	10
3540	2
3541	4
3542	7
3543	3
3544	4
3545	8
3546	5
3547	2
3548	5
3549	6
3550	4
3551	4
3552	7
3553	1
3554	10
3555	7
3556	5
3557	6
3558	3
3559	7
3560	3
3561	8
3562	6
3563	6
3564	3
3565	4
3566	8
3567	6
3568	9
3569	10
3570	6
3571	6
3572	6
3573	4
3574	2
3575	3
3576	1
3577	6
3578	1
3579	6
3580	5
3581	3
3582	4
3583	4
3584	7
3585	3
3586	4
3587	4
3588	12
3589	8
3590	10
3591	8
3592	4
3593	2
3594	9
3595	6
3596	6
3597	4
3598	8
3599	4
3600	4
3601	9
3602	6
3603	10
3604	6
3605	8
3606	7
3607	14
3608	5
3609	4
3610	7
3611	3
3612	4
3613	6
3614	5
3615	5
3616	5
3617	6
3618	3
3619	2
3620	2
3621	3
3622	8
3623	9
3624	10
3625	5
3626	7
3627	6
3628	5
3629	9
3630	4
3631	9
3632	8
3633	5
3634	3
3635	6
3636	4
3637	8
3638	5
3639	8
3640	4
3641	5
3642	8
3643	7
3644	8
3645	11
3646	6
3647	7
3648	4
3649	6
3650	5
3651	8
3652	5
3653	8
3654	8
3655	5
3656	5
3657	9
3658	8
3659	9
3660	8
3661	8
3662	6
3663	13
3664	7
3665	6
3666	6
3667	11
3668	11
3669	8
3670	3
3671	5
3672	9
3673	10
3674	11
3675	3
3676	8
3677	10
3678	9
3679	5
3680	7
3681	4
3682	10
3683	3
3684	12
3685	8
3686	2
3687	5
3688	3
3689	9
3690	11
3691	7
3692	9
3693	12
3694	7
3695	6
3696	4
3697	5
3698	9
3699	8
3700	7
3701	5
3702	7
3703	7
3704	3
3705	7
3706	6
3707	8
3708	10
3709	11
3710	8
3711	4
3712	5
3713	8
3714	11
3715	10
3716	4
3717	7
3718	6
3719	7
3720	11
3721	8
3722	13
3723	4
3724	6
3725	7
3726	5
3727	9
3728	8
3729	7
3730	7
3731	4
3732	8
3733	10
3734	9
3735	9
3736	5
3737	5
3738	8
3739	5
3740	12
3741	3
3742	10
3743	8
3744	10
3745	5
3746	4
3747	10
3748	6
3749	9
3750	9
3751	9
3752	6
3753	8
3754	8
3755	8
3756	12
3757	9
3758	8
3759	7
3760	15
3761	7
3762	10
3763	10
3764	11
3765	12
3766	8
3767	7
3768	10
3769	7
3770	8
3771	12
3772	9
3773	6
3774	5
3775	5
3776	8
3777	6
3778	10
3779	6
3780	4
3781	6
3782	10
3783	12
3784	7
3785	4
3786	7
3787	9
3788	11
3789	11
3790	8
3791	10
3792	11
3793	5
3794	7
3795	13
3796	7
3797	6
3798	10
3799	5
3800	6
3801	4
3802	6
3803	6
3804	9
3805	13
3806	10
3807	9
3808	12
3809	6
3810	7
3811	11
3812	5
3813	8
3814	2
3815	7
3816	9
3817	11
3818	5
3819	7
3820	8
3821	6
3822	9
3823	10
3824	9
3825	5
3826	12
3827	5
3828	6
3829	8
3830	11
3831	12
3832	7
3833	6
3834	6
3835	9
3836	11
3837	7
3838	2
3839	11
3840	7
3841	8
3842	7
3843	8
3844	8
3845	4
3846	14
3847	2
3848	11
3849	9
3850	10
3851	11
3852	8
3853	8
3854	8
3855	10
3856	9
3857	5
3858	7
3859	6
3860	7
3861	10
3862	3
3863	2
3864	9
3865	9
3866	6
3867	6
3868	4
3869	4
3870	11
3871	8
3872	10
3873	11
3874	10
3875	6
3876	7
3877	5
3878	8
3879	3
3880	7
3881	5
3882	7
3883	9
3884	7
3885	5
3886	4
3887	12
3888	6
3889	5
3890	10
3891	10
3892	3
3893	8
3894	10
3895	9
3896	4
3897	8
3898	6
3899	8
3900	11
3901	7
3902	10
3903	5
3904	4
3905	5
3906	6
3907	9
3908	4
3909	10
3910	7
3911	6
3912	3
3913	3
3914	5
3915	5
3916	5
3917	8
3918	4
3919	2
3920	6
3921	3
3922	5
3923	6
3924	4
3925	4
3926	7
3927	8
3928	7
3929	10
3930	4
3931	7
3932	8
3933	5
3934	5
3935	5
3936	7
3937	4
3938	6
3939	5
3940	5
3941	9
3942	5
3943	4
3944	4
3945	4
3946	5
3947	5
3948	4
3949	2
3950	5
3951	7
3952	7
3953	3
3954	4
3955	4
3956	7
3957	4
3958	4
3959	3
3960	3
3961	1
3962	7
3963	3
3964	5
3965	4
3966	3
3967	3
3968	6
3969	4
3970	3
3971	4
3972	4
3973	5
3974	4
3975	4
3976	7
3977	2
3978	2
3979	6
3980	3
3981	7
3982	3
3983	8
3984	5
3985	3
3986	4
3987	3
3988	5
3989	1
3990	4
3991	5
3992	5
3993	5
3994	4
3995	1
3996	2
3997	3
3998	2
3999	2
4000	3
4001	4
4002	4
4003	3
4004	5
4005	8
4006	6
4007	4
4008	6
4009	6
4010	3
4011	2
4012	1
4013	3
4014	3
4015	2
4016	2
4017	5
4018	4
4019	7
4020	4
4021	4
4022	5
4023	3
4024	6
4025	4
4026	2
4027	8
4028	6
4029	1
4030	4
4031	2
4032	6
4033	5
4034	1
4035	3
4036	7
4037	5
4038	6
4039	4
4040	6
4041	7
4042	4
4043	6
4044	2
4045	3
4046	6
4047	5
4048	3
4049	4
4050	1
4051	6
4052	4
4053	6
4054	5
4055	4
4056	2
4057	1
4058	5
4059	2
4060	1
4061	2
4062	4
4063	3
4064	1
4065	2
4066	2
4067	3
4068	5
4069	3
4070	1
4071	2
4072	5
4073	4
4074	6
4075	3
4076	6
4077	4
4078	4
4079	7
4080	3
4081	4
4082	0
4083	1
4084	3
4085	4
4086	7
4087	3
4088	1
4089	3
4090	4
4091	2
4092	3
4093	4
4094	4
4095	4
4096	1
4097	5
4098	4
4099	3
4100	4
4101	3
4102	2
4103	4
4104	2
4105	1
4106	4
4107	5
4108	5
4109	4
4110	4
4111	0
4112	3
4113	0
4114	3
4115	2
4116	5
4117	0
4118	6
4119	2
4120	0
4121	1
4122	4
4123	6
4124	3
4125	4
4126	5
4127	3
4128	0
4129	1
4130	2
4131	2
4132	8
4133	1
4134	1
4135	1
4136	0
4137	1
4138	4
4139	2
4140	1
4141	2
4142	1
4143	5
4144	3
4145	1
4146	1
4147	5
4148	2
4149	1
4150	2
4151	2
4152	2
4153	1
4154	4
4155	2
4156	3
4157	1
4158	3
4159	2
4160	3
4161	1
4162	2
4163	2
4164	3
4165	1
4166	4
4167	3
4168	3
4169	2
4170	3
4171	3
4172	2
4173	5
4174	5
4175	3
4176	3
4177	2
4178	6
4179	3
4180	2
4181	2
4182	3
4183	0
4184	4
4185	1
4186	5
4187	2
4188	1
4189	5
4190	2
4191	4
4192	2
4193	2
4194	3
4195	4
4196	4
4197	4
4198	0
4199	4
4200	4
4201	0
4202	1
4203	2
4204	2
4205	3
4206	2
4207	3
4208	9
4209	3
4210	4
4211	4
4212	2
4213	0
4214	1
4215	2
4216	3
4217	2
4218	2
4219	1
4220	4
4221	1
4222	3
4223	5
4224	0
4225	2
4226	3
4227	4
4228	3
4229	2
4230	2
4231	1
4232	3
4233	1
4234	6
4235	5
4236	2
4237	3
4238	2
4239	0
4240	3
4241	1
4242	4
4243	1
4244	0
4245	4
4246	4
4247	5
4248	0
4249	0
4250	2
4251	1
4252	2
4253	2
4254	1
4255	3
4256	0
4257	2
4258	4
4259	1
4260	2
4261	3
4262	2
4263	3
4264	1
4265	1
4266	1
4267	3
4268	2
4269	3
4270	0
4271	1
4272	6
4273	2
4274	2
4275	0
4276	1
4277	3
4278	0
4279	2
4280	3
4281	2
4282	2
4283	2
4284	0
4285	0
4286	1
4287	3
4288	2
4289	0
4290	3
4291	1
4292	4
4293	5
4294	2
4295	2
4296	1
4297	1
4298	2
4299	2
4300	2
4301	1
4302	0
4303	2
4304	6
4305	1
4306	0
4307	6
4308	0
4309	3
4310	0
4311	1
4312	1
4313	2
4314	1
4315	0
4316	2
4317	1
4318	1
4319	2
4320	2
4321	0
4322	2
4323	1
4324	3
4325	3
4326	0
4327	1
4328	0
4329	1
4330	0
4331	0
4332	3
4333	1
4334	3
4335	2
4336	2
4337	1
4338	4
4339	2
4340	2
4341	0
4342	0
4343	0
4344	1
4345	3
4346	2
4347	1
4348	3
4349	3
4350	1
4351	5
4352	3
4353	4
4354	2
4355	0
4356	2
4357	0
4358	2
4359	1
4360	2
4361	4
4362	1
4363	3
4364	0
4365	2
4366	2
4367	1
4368	2
4369	2
4370	1
4371	0
4372	3
4373	0
4374	3
4375	0
4376	0
4377	2
4378	0
4379	0
4380	1
4381	3
4382	0
4383	1
4384	0
4385	2
4386	1
4387	0
4388	1
4389	3
4390	1
4391	0
4392	3
4393	1
4394	2
4395	2
4396	1
4397	1
4398	0
4399	1
4400	0
4401	3
4402	1
4403	0
4404	2
4405	3
4406	0
4407	1
4408	1
4409	0
4410	0
4411	1
4412	2
4413	2
4414	2
4415	0
4416	2
4417	0
4418	1
4419	0
4420	1
4421	1
4422	2
4423	1
4424	2
4425	2
4426	2
4427	0
4428	0
4429	1
4430	1
4431	0
4432	1
4433	0
4434	0
4435	0
4436	0
4437	0
4438	3
4439	1
4440	3
4441	1
4442	2
4443	2
4444	0
4445	1
4446	1
4447	2
4448	0
4449	1
4450	0
4451	2
4452	4
4453	1
4454	2
4455	1
4456	0
4457	0
4458	1
4459	1
4460	1
4461	0
4462	1
4463	0
4464	0
4465	1
4466	1
4467	3
4468	1
4469	0
4470	1
4471	0
4472	0
4473	1
4474	0
4475	1
4476	0
4477	1
4478	0
4479	0
4480	1
4481	1
4482	1
4483	0
4484	1
4485	1
4486	0
4487	0
4488	0
4489	1
4490	1
4491	1
4492	1
4493	0
4494	2
4495	0
4496	0
4497	1
4498	0
4499	0
4500	0
4501	3
4502	1
4503	0
4504	1
4505	0
4506	3
4507	0
4508	1
4509	2
4510	0
4511	0
4512	0
4513	0
4514	2
4515	2
4516	1
4517	1
4518	1
4519	1
4520	2
4521	1
4522	0
4523	0
4524	0
4525	1
4526	0
4527	1
4528	1
4529	0
4530	1
4531	0
4532	0
4533	0
4534	0
4535	1
4536	0
4537	0
4538	0
4539	0
4540	1
4541	2
4542	0
4543	0
4544	0
4545	3
4546	1
4547	0
4548	0
4549	1
4550	1
4551	2
4552	1
4553	2
4554	0
4555	1
4556	1
4557	1
4558	1
4559	0
4560	1
4561	0
4562	0
4563	0
4564	1
4565	0
4566	0
4567	2
4568	0
4569	1
4570	1
4571	2
4572	2
4573	1
4574	1
4575	1
4576	1
4577	0
4578	2
4579	2
4580	1
4581	0
4582	0
4583	1
4584	1
4585	0
4586	2
4587	0
4588	1
4589	2
4590	1
4591	0
4592	0
4593	2
4594	0
4595	1
4596	0
4597	1
4598	1
4599	0
4600	0
4601	0
4602	0
4603	1
4604	3
4605	0
4606	1
4607	0
4608	1
4609	1
4610	0
4611	2
4612	0
4613	0
4614	2
4615	1
4616	1
4617	1
4618	3
4619	2
4620	0
4621	0
4622	0
4623	0
4624	1
4625	0
4626	1
4627	0
4628	1
4629	1
4630	0
4631	0
4632	0
4633	0
4634	1
4635	0
4636	0
4637	2
4638	1
4639	0
4640	0
4641	1
4642	0
4643	0
4644	1
4645	1
4646	0
4647	1
4648	1
4649	1
4650	0
4651	0
4652	0
4653	0
4654	0
4655	0
4656	0
4657	1
4658	0
4659	2
4660	1
4661	2
4662	0
4663	0
4664	0
4665	1
4666	1
4667	1
4668	3
4669	0
4670	0
4671	0
4672	0
4673	1
4674	0
4675	0
4676	1
4677	0
4678	2
4679	3
4680	0
4681	1
4682	1
4683	0
4684	2
4685	0
4686	3
4687	0
4688	1
4689	0
4690	0
4691	1
4692	0
4693	1
4694	0
4695	2
4696	1
4697	3
4698	1
4699	0
4700	0
4701	1
4702	0
4703	1
4704	0
4705	1
4706	0
4707	0
4708	1
4709	0
4710	1
4711	1
4712	1
4713	0
4714	1
4715	1
4716	2
4717	1
4718	0
4719	0
4720	1
4721	1
4722	0
4723	0
4724	0
4725	0
4726	0
4727	0
4728	1
4729	1
4730	1
4731	1
4732	3
4733	0
4734	0
4735	1
4736	0
4737	2
4738	1
4739	0
4740	1
4741	1
4742	1
4743	0
4744	1
4745	1
4746	3
4747	1
4748	0
4749	1
4750	1
4751	2
4752	0
4753	0
4754	0
4755	0
4756	0
4757	1
4758	1
4759	1
4760	0
4761	2
4762	1
4763	4
4764	1
4765	0
4766	0
4767	2
4768	0
4769	0
4770	0
4771	0
4772	0
4773	1
4774	0
4775	0
4776	2
4777	1
4778	0
4779	0
4780	0
4781	1
4782	1
4783	1
4784	1
4785	0
4786	1
4787	1
4788	1
4789	0
4790	1
4791	0
4792	0
4793	1
4794	2
4795	1
4796	2
4797	0
4798	0
4799	1
4800	0
4801	1
4802	1
4803	1
4804	1
4805	1
4806	2
4807	0
4808	1
4809	1
4810	0
4811	1
4812	1
4813	2
4814	1
4815	0
4816	2
4817	2
4818	2
4819	1
4820	1
4821	0
4822	1
4823	0
4824	2
4825	0
4826	1
4827	0
4828	0
4829	4
4830	2
4831	1
4832	3
4833	10
4834	12
4835	19
4836	35
4837	88
4838	145
4839	175
4840	233
4841	293
4842	346
4843	377
4844	356
4845	319
4846	252
4847	197
4848	128
4849	70
4850	36
4851	22
4852	3
4853	5
4854	2
4855	1
4856	0
4857	1
4858	0
4859	0
4860	0
4861	0
4862	0
4863	2
4864	0
4865	1
4866	0
4867	0
4868	1
4869	0
4870	1
4871	0
4872	0
4873	0
4874	0
4875	0
4876	0
4877	0
4878	0
4879	0
4880	0
4881	1
4882	0
4883	0
4884	0
4885	0
4886	0
4887	2
4888	0
4889	0
4890	1
4891	0
4892	2
4893	0
4894	0
4895	0
4896	0
4897	0
4898	0
4899	0
4900	1
4901	0
4902	0
4903	0
4904	0
4905	2
4906	0
4907	0
4908	0
4909	0
4910	0
4911	0
4912	0
4913	0
4914	1
4915	1
4916	0
4917	0
4918	0
4919	1
4920	2
4921	0
4922	0
4923	0
4924	1
4925	1
4926	0
4927	0
4928	0
4929	1
4930	0
4931	0
4932	0
4933	2
4934	0
4935	1
4936	0
4937	0
4938	1
4939	1
4940	0
4941	0
4942	1
4943	0
4944	1
4945	2
4946	0
4947	1
4948	0
4949	2
4950	0
4951	0
4952	0
4953	1
4954	0
4955	0
4956	0
4957	0
4958	0
4959	0
4960	0
4961	0
4962	1
4963	0
4964	0
4965	0
4966	2
4967	1
4968	0
4969	0
4970	0
4971	0
4972	0
4973	0
4974	0
4975	0
4976	1
4977	1
4978	0
4979	0
4980	1
4981	1
4982	0
4983	1
4984	0
4985	1
4986	0
4987	1
4988	0
4989	0
4990	2
4991	0
4992	1
4993	1
4994	0
4995	0
4996	0
4997	0
4998	0
4999	0
5000	1
5001	0
5002	0
5003	0
5004	1
5005	0
5006	1
5007	2
5008	0
5009	0
5010	0
5011	1
5012	1
5013	1
5014	1
5015	1
5016	0
5017	0
5018	0
5019	0
5020	0
5021	1
5022	0
5023	1
5024	0
5025	0
5026	0
5027	0
5028	0
5029	0
5030	0
5031	0
5032	0
5033	0
5034	0
5035	0
5036	0
5037	0
5038	0
5039	0
5040	0
5041	1
5042	0
5043	1
5044	0
5045	0
5046	0
5047	0
5048	1
5049	0
5050	0
5051	0
5052	1
5053	1
5054	0
5055	0
5056	0
5057	0
5058	0
5059	0
5060	0
5061	0
5062	0
5063	1
5064	0
5065	0
5066	1
5067	0
5068	1
5069	0
5070	0
5071	1
5072	0
5073	0
5074	0
5075	0
5076	0
5077	0
5078	2
5079	2
5080	0
5081	0
5082	0
5083	0
5084	0
5085	0
5086	0
5087	0
5088	0
5089	0
5090	0
5091	0
5092	1
5093	2
5094	0
5095	0
5096	1
5097	0
5098	1
5099	0
5100	0
5101	0
5102	0
5103	0
5104	2
5105	0
5106	0
5107	0
5108	0
5109	0
5110	0
5111	0
5112	1
5113	0
5114	0
5115	0
5116	0
5117	0
5118	0
5119	0
5120	0
5121	0
5122	0
5123	0
5124	0
5125	0
5126	1
5127	0
5128	0
5129	0
5130	1
5131	2
5132	1
5133	0
5134	1
5135	0
5136	1
5137	1
5138	0
5139	0
5140	0
5141	0
5142	2
5143	0
5144	0
5145	0
5146	0
5147	1
5148	1
5149	0
5150	0
5151	0
5152	1
5153	1
5154	0
5155	0
5156	0
5157	0
5158	1
5159	0
5160	0
5161	3
5162	0
5163	0
5164	1
5165	0
5166	0
5167	0
5168	2
5169	0
5170	1
5171	1
5172	0
5173	0
5174	1
5175	0
5176	0
5177	1
5178	0
5179	3
5180	0
5181	2
5182	2
5183	0
5184	1
5185	2
5186	1
5187	0
5188	1
5189	0
5190	0
5191	0
5192	1
5193	0
5194	0
5195	0
5196	0
5197	1
5198	0
5199	0
5200	0
5201	1
5202	0
5203	0
5204	3
5205	0
5206	1
5207	0
5208	0
5209	0
5210	0
5211	1
5212	1
5213	0
5214	0
5215	0
5216	0
5217	0
5218	0
5219	0
5220	0
5221	0
5222	0
5223	0
5224	0
5225	0
5226	0
5227	0
5228	0
5229	0
5230	0
5231	0
5232	0
5233	0
5234	0
5235	0
5236	0
5237	0
5238	0
5239	1
5240	1
5241	0
5242	1
5243	0
5244	0
5245	0
5246	0
5247	0
5248	0
5249	1
5250	0
5251	0
5252	0
5253	1
5254	1
5255	0
5256	0
5257	0
5258	0
5259	1
5260	0
5261	0
5262	1
5263	0
5264	0
5265	1
5266	0
5267	1
5268	2
5269	0
5270	1
5271	0
5272	0
5273	0
5274	0
5275	0
5276	0
5277	2
5278	0
5279	0
5280	0
5281	0
5282	0
5283	0
5284	0
5285	1
5286	1
5287	1
5288	1
5289	0
5290	0
5291	0
5292	0
5293	0
5294	1
5295	0
5296	0
5297	0
5298	0
5299	1
5300	0
5301	1
5302	0
5303	0
5304	0
5305	0
5306	1
5307	0
5308	0
5309	1
5310	0
5311	0
5312	0
5313	1
5314	0
5315	0
5316	0
5317	0
5318	0
5319	0
5320	0
5321	0
5322	0
5323	0
5324	0
5325	1
5326	0
5327	0
5328	0
5329	0
5330	0
5331	1
5332	0
5333	1
5334	0
5335	0
5336	0
5337	1
5338	0
5339	1
5340	0
5341	0
5342	0
5343	0
5344	0
5345	1
5346	2
5347	0
5348	0
5349	0
5350	1
5351	1
5352	0
5353	0
5354	0
5355	0
5356	1
5357	0
5358	0
5359	1
5360	0
5361	1
5362	0
5363	0
5364	0
5365	0
5366	0
5367	0
5368	1
5369	0
5370	1
5371	0
5372	0
5373	0
5374	0
5375	1
5376	0
5377	0
5378	0
5379	0
5380	0
5381	0
5382	2
5383	1
5384	0
5385	0
5386	1
5387	0
5388	1
5389	0
5390	0
5391	0
5392	1
5393	1
5394	2
5395	0
5396	0
5397	0
5398	1
5399	0
5400	1
5401	0
5402	0
5403	2
5404	0
5405	0
5406	0
5407	0
5408	0
5409	0
5410	0
5411	1
5412	0
5413	0
5414	1
5415	0
5416	1
5417	0
5418	0
5419	0
5420	0
5421	0
5422	0
5423	0
5424	0
5425	0
5426	0
5427	0
5428	0
5429	0
5430	0
5431	0
5432	0
5433	0
5434	0
5435	0
5436	1
5437	0
5438	0
5439	1
5440	1
5441	0
5442	0
5443	1
5444	1
5445	0
5446	0
5447	1
5448	0
5449	0
5450	1
5451	0
5452	0
5453	0
5454	0
5455	1
5456	0
5457	0
5458	0
5459	0
5460	0
5461	0
5462	0
5463	0
5464	0
5465	0
5466	0
5467	1
5468	0
5469	1
5470	1
5471	0
5472	2
5473	0
5474	1
5475	0
5476	0
5477	0
5478	0
5479	2
5480	0
5481	0
5482	0
5483	0
5484	1
5485	0
5486	0
5487	1
5488	0
5489	0
5490	1
5491	0
5492	0
5493	1
5494	3
5495	0
5496	0
5497	0
5498	1
5499	0
5500	0
5501	1
5502	2
5503	0
5504	0
5505	0
5506	0
5507	0
5508	0
5509	1
5510	0
5511	1
5512	0
5513	1
5514	1
5515	2
5516	0
5517	0
5518	0
5519	0
5520	0
5521	0
5522	0
5523	0
5524	0
5525	0
5526	0
5527	1
5528	0
5529	0
5530	0
5531	0
5532	0
5533	0
5534	0
5535	0
5536	0
5537	0
5538	1
5539	0
5540	0
5541	1
5542	0
5543	1
5544	0
5545	0
5546	0
5547	1
5548	1
5549	0
5550	0
5551	0
5552	0
5553	0
5554	0
5555	2
5556	0
5557	0
5558	1
5559	0
5560	0
5561	0
5562	1
5563	1
5564	0
5565	0
5566	1
5567	0
5568	0
5569	0
5570	0
5571	1
5572	0
5573	0
5574	0
5575	0
5576	0
5577	0
5578	0
5579	0
5580	0
5581	2
5582	1
5583	0
5584	0
5585	0
5586	0
5587	0
5588	0
5589	0
5590	0
5591	0
5592	0
5593	0
5594	0
5595	0
5596	0
5597	1
5598	0
5599	0
5600	0
5601	0
5602	0
5603	1
5604	0
5605	1
5606	0
5607	0
5608	0
5609	0
5610	0
5611	0
5612	0
5613	0
5614	1
5615	0
5616	0
5617	0
5618	0
5619	0
5620	0
5621	0
5622	0
5623	1
5624	0
5625	0
5626	1
5627	1
5628	0
5629	0
5630	0
5631	0
5632	0
5633	1
5634	0
5635	2
5636	0
5637	0
5638	0
5639	0
5640	1
5641	0
5642	0
5643	0
5644	0
5645	1
5646	0
5647	0
5648	0
5649	0
5650	0
5651	1
5652	0
5653	0
5654	0
5655	0
5656	1
5657	1
5658	0
5659	0
5660	1
5661	0
5662	0
5663	1
5664	0
5665	1
5666	1
5667	1
5668	0
5669	1
5670	0
5671	1
5672	0
5673	0
5674	0
5675	0
5676	1
5677	0
5678	0
5679	0
5680	0
5681	1
5682	0
5683	1
5684	0
5685	0
5686	0
5687	1
5688	0
5689	1
5690	0
5691	0
5692	0
5693	0
5694	0
5695	1
5696	0
5697	0
5698	0
5699	0
5700	2
5701	1
5702	1
5703	0
5704	0
5705	1
5706	0
5707	0
5708	0
5709	0
5710	0
5711	0
5712	1
5713	0
5714	0
5715	1
5716	0
5717	0
5718	0
5719	0
5720	0
5721	2
5722	0
5723	0
5724	1
5725	1
5726	0
5727	0
5728	0
5729	0
5730	0
5731	1
5732	0
5733	0
5734	1
5735	0
5736	1
5737	0
5738	1
5739	0
5740	0
5741	1
5742	0
5743	0
5744	0
5745	2
5746	0
5747	0
5748	1
5749	1
5750	0
5751	0
5752	0
5753	0
5754	0
5755	1
5756	1
5757	0
5758	0
5759	1
5760	0
5761	0
5762	0
5763	1
5764	2
5765	0
5766	0
5767	0
5768	0
5769	1
5770	0
5771	0
5772	0
5773	0
5774	0
5775	0
5776	0
5777	1
5778	1
5779	1
5780	2
5781	1
5782	0
5783	0
5784	0
5785	0
5786	0
5787	0
5788	0
5789	0
5790	0
5791	0
5792	0
5793	0
5794	0
5795	1
5796	1
5797	0
5798	0
5799	0
5800	0
5801	0
5802	0
5803	0
5804	0
5805	2
5806	2
5807	1
5808	0
5809	0
5810	0
5811	0
5812	0
5813	1
5814	0
5815	0
5816	1
5817	0
5818	0
5819	0
5820	0
5821	0
5822	0
5823	0
5824	0
5825	0
5826	0
5827	0
5828	0
5829	0
5830	0
5831	0
5832	0
5833	0
5834	0
5835	0
5836	0
5837	0
5838	0
5839	0
5840	0
5841	0
5842	0
5843	0
5844	0
5845	1
5846	0
5847	0
5848	0
5849	2
5850	0
5851	0
5852	0
5853	1
5854	0
5855	0
5856	0
5857	0
5858	0
5859	0
5860	0
5861	0
5862	1
5863	0
5864	1
5865	1
5866	0
5867	0
5868	0
5869	1
5870	1
5871	0
5872	0
5873	0
5874	0
5875	0
5876	0
5877	1
5878	0
5879	0
5880	1
5881	2
5882	0
5883	0
5884	0
5885	0
5886	0
5887	0
5888	1
5889	0
5890	1
5891	0
5892	0
5893	0
5894	0
5895	0
5896	0
5897	0
5898	0
5899	1
5900	0
5901	0
5902	0
5903	0
5904	0
5905	0
5906	0
5907	0
5908	0
5909	2
5910	0
5911	0
5912	0
5913	0
5914	0
5915	1
5916	0
5917	0
5918	0
5919	0
5920	0
5921	1
5922	0
5923	0
5924	0
5925	2
5926	1
5927	0
5928	0
5929	0
5930	0
5931	0
5932	1
5933	0
5934	1
5935	0
5936	0
5937	0
5938	0
5939	0
5940	1
5941	0
5942	0
5943	0
5944	0
5945	0
5946	0
5947	0
5948	1
5949	0
5950	0
5951	0
5952	2
5953	0
5954	0
5955	0
5956	0
5957	0
5958	0
5959	1
5960	0
5961	1
5962	0
5963	0
5964	0
5965	0
5966	0
5967	0
5968	0
5969	1
5970	1
5971	1
5972	2
5973	0
5974	0
5975	0
5976	0
5977	0
5978	0
5979	0
5980	0
5981	1
5982	1
5983	0
5984	2
5985	0
5986	0
5987	0
5988	0
5989	0
5990	0
5991	0
5992	1
5993	0
5994	0
5995	1
5996	0
5997	0
5998	0
5999	0
6000	2
6001	0
6002	0
6003	0
6004	0
6005	0
6006	0
6007	0
6008	1
6009	0
6010	1
6011	0
6012	0
6013	0
6014	0
6015	0
6016	0
6017	0
6018	1
6019	0
6020	3
6021	0
6022	0
6023	1
6024	1
6025	0
6026	0
6027	0
6028	0
6029	0
6030	0
6031	0
6032	0
6033	1
6034	0
6035	0
6036	0
6037	0
6038	1
6039	0
6040	0
6041	0
6042	0
6043	0
6044	0
6045	0
6046	1
6047	0
6048	0
6049	0
6050	0
6051	1
6052	0
6053	0
6054	2
6055	1
6056	0
6057	0
6058	0
6059	0
6060	0
6061	0
6062	0
6063	0
6064	1
6065	0
6066	0
6067	0
6068	1
6069	0
6070	0
6071	0
6072	0
6073	0
6074	1
6075	0
6076	0
6077	1
6078	0
6079	0
6080	0
6081	0
6082	1
6083	0
6084	0
6085	0
6086	0
6087	1
6088	1
6089	0
6090	0
6091	0
6092	2
6093	0
6094	0
6095	0
6096	0
6097	1
6098	0
6099	0
6100	0
6101	0
6102	0
6103	1
6104	0
6105	1
6106	0
6107	0
6108	0
6109	1
6110	0
6111	0
6112	0
6113	0
6114	1
6115	0
6116	0
6117	0
6118	0
6119	0
6120	0
6121	0
6122	0
6123	0
6124	2
6125	0
6126	0
6127	0
6128	0
6129	0
6130	0
6131	1
6132	0
6133	1
6134	0
6135	0
6136	0
6137	0
6138	0
6139	0
6140	0
6141	0
6142	1
6143	0
6144	1
6145	0
6146	0
6147	0
6148	0
6149	0
6150	0
6151	1
6152	1
6153	0
6154	0
6155	0
6156	0
6157	0
6158	0
6159	0
6160	0
6161	1
6162	0
6163	1
6164	1
6165	0
6166	0
6167	1
6168	1
6169	1
6170	1
6171	0
6172	1
6173	0
6174	0
6175	1
6176	0
6177	0
6178	0
6179	0
6180	0
6181	0
6182	0
6183	0
6184	1
6185	2
6186	0
6187	0
6188	1
6189	0
6190	2
6191	0
6192	0
6193	1
6194	0
6195	1
6196	1
6197	1
6198	1
6199	0
6200	0
6201	0
6202	0
6203	0
6204	0
6205	0
6206	0
6207	1
6208	0
6209	2
6210	0
6211	0
6212	0
6213	1
6214	0
6215	0
6216	0
6217	1
6218	0
6219	0
6220	1
6221	0
6222	0
6223	0
6224	0
6225	0
6226	0
6227	1
6228	1
6229	0
6230	1
6231	0
6232	0
6233	0
6234	1
6235	0
6236	0
6237	0
6238	0
6239	0
6240	0
6241	0
6242	0
6243	0
6244	0
6245	0
6246	0
6247	0
6248	0
6249	0
6250	0
6251	1
6252	0
6253	0
6254	0
6255	0
6256	0
6257	0
6258	0
6259	0
6260	0
6261	1
6262	0
6263	0
6264	1
6265	1
6266	0
6267	0
6268	0
6269	2
6270	0
6271	0
6272	0
6273	1
6274	0
6275	0
6276	0
6277	1
6278	0
6279	0
6280	0
6281	0
6282	0
6283	1
6284	0
6285	0
6286	0
6287	1
6288	0
6289	0
6290	1
6291	1
6292	0
6293	0
6294	0
6295	0
6296	0
6297	0
6298	0
6299	0
6300	0
6301	0
6302	0
6303	0
6304	1
6305	1
6306	0
6307	0
6308	0
6309	0
6310	1
6311	0
6312	1
6313	0
6314	0
6315	0
6316	0
6317	0
6318	0
6319	0
6320	0
6321	0
6322	0
6323	0
6324	1
6325	0
6326	0
6327	0
6328	0
6329	0
6330	0
6331	0
6332	0
6333	0
6334	0
6335	0
6336	1
6337	0
6338	1
6339	0
6340	1
6341	0
6342	0
6343	0
6344	1
6345	0
6346	0
6347	0
6348	0
6349	0
6350	0
6351	0
6352	0
6353	0
6354	1
6355	1
6356	3
6357	1
6358	0
6359	1
6360	0
6361	0
6362	0
6363	0
6364	0
6365	0
6366	0
6367	0
6368	0
6369	0
6370	1
6371	0
6372	1
6373	0
6374	0
6375	1
6376	0
6377	1
6378	0
6379	0
6380	0
6381	1
6382	0
6383	0
6384	1
6385	1
6386	2
6387	1
6388	0
6389	0
6390	0
6391	0
6392	0
6393	0
6394	0
6395	0
6396	0
6397	0
6398	1
6399	0
6400	1
6401	0
6402	0
6403	1
6404	0
6405	0
6406	0
6407	0
6408	0
6409	1
6410	0
6411	1
6412	0
6413	0
6414	0
6415	1
6416	0
6417	1
6418	1
6419	0
6420	0
6421	0
6422	0
6423	0
6424	0
6425	1
6426	0
6427	1
6428	2
6429	0
6430	1
6431	0
6432	0
6433	1
6434	0
6435	1
6436	0
6437	0
6438	0
6439	0
6440	0
6441	2
6442	0
6443	0
6444	0
6445	1
6446	0
6447	1
6448	0
6449	0
6450	1
6451	0
6452	0
6453	1
6454	1
6455	1
6456	1
6457	0
6458	0
6459	0
6460	0
6461	0
6462	0
6463	0
6464	0
6465	1
6466	1
6467	0
6468	1
6469	0
6470	0
6471	0
6472	0
6473	1
6474	1
6475	0
6476	0
6477	0
6478	0
6479	1
6480	0
6481	0
6482	0
6483	0
6484	1
6485	1
6486	1
6487	0
6488	0
6489	0
6490	1
6491	0
6492	0
6493	1
6494	0
6495	0
6496	1
6497	0
6498	1
6499	1
6500	0
6501	0
6502	0
6503	0
6504	0
6505	0
6506	1
6507	0
6508	0
6509	0
6510	1
6511	1
6512	1
6513	0
6514	0
6515	1
6516	0
6517	0
6518	0
6519	0
6520	0
6521	0
6522	3
6523	1
6524	1
6525	1
6526	0
6527	0
6528	0
6529	1
6530	0
6531	0
6532	0
6533	0
6534	0
6535	1
6536	0
6537	0
6538	1
6539	0
6540	1
6541	0
6542	0
6543	0
6544	0
6545	0
6546	1
6547	0
6548	1
6549	2
6550	0
6551	0
6552	0
6553	0
6554	1
6555	0
6556	0
6557	0
6558	0
6559	0
6560	2
6561	1
6562	0
6563	1
6564	0
6565	0
6566	1
6567	1
6568	0
6569	0
6570	0
6571	0
6572	1
6573	0
6574	0
6575	0
6576	0
6577	0
6578	0
6579	0
6580	2
6581	0
6582	0
6583	0
6584	1
6585	0
6586	0
6587	1
6588	0
6589	0
6590	1
6591	0
6592	0
6593	0
6594	1
6595	0
6596	0
6597	0
6598	0
6599	1
6600	0
6601	0
6602	0
6603	0
6604	0
6605	0
6606	1
6607	1
6608	0
6609	0
6610	0
6611	0
6612	0
6613	0
6614	0
6615	1
6616	0
6617	0
6618	0
6619	0
6620	0
6621	0
6622	0
6623	0
6624	0
6625	0
6626	0
6627	1
6628	0
6629	1
6630	2
6631	0
6632	0
6633	0
6634	0
6635	0
6636	0
6637	0
6638	0
6639	0
6640	1
6641	0
6642	0
6643	0
6644	0
6645	0
6646	0
6647	0
6648	0
6649	1
6650	0
6651	0
6652	1
6653	0
6654	3
6655	1
6656	0
6657	0
6658	0
6659	1
6660	2
6661	1
6662	0
6663	0
6664	1
6665	0
6666	0
6667	0
6668	0
6669	0
6670	0
6671	0
6672	0
6673	0
6674	0
6675	0
6676	1
6677	1
6678	0
6679	2
6680	1
6681	1
6682	0
6683	1
6684	0
6685	2
6686	0
6687	0
6688	0
6689	0
6690	1
6691	1
6692	1
6693	0
6694	0
6695	0
6696	0
6697	2
6698	1
6699	1
6700	0
6701	1
6702	0
6703	0
6704	0
6705	1
6706	0
6707	0
6708	1
6709	0
6710	0
6711	0
6712	0
6713	0
6714	0
6715	0
6716	1
6717	1
6718	0
6719	2
6720	0
6721	0
6722	1
6723	0
6724	0
6725	1
6726	0
6727	0
6728	0
6729	1
6730	1
6731	0
6732	1
6733	0
6734	0
6735	0
6736	0
6737	2
6738	0
6739	0
6740	0
6741	0
6742	0
6743	0
6744	2
6745	0
6746	0
6747	1
6748	0
6749	0
6750	0
6751	0
6752	0
6753	0
6754	1
6755	0
6756	0
6757	0
6758	0
6759	0
6760	1
6761	0
6762	0
6763	0
6764	0
6765	0
6766	1
6767	0
6768	0
6769	0
6770	0
6771	0
6772	0
6773	0
6774	2
6775	0
6776	1
6777	0
6778	0
6779	0
6780	0
6781	0
6782	0
6783	0
6784	0
6785	0
6786	0
6787	0
6788	1
6789	2
6790	0
6791	1
6792	0
6793	0
6794	0
6795	0
6796	0
6797	0
6798	1
6799	1
6800	0
6801	1
6802	0
6803	1
6804	0
6805	0
6806	1
6807	0
6808	2
6809	0
6810	0
6811	0
6812	0
6813	1
6814	1
6815	1
6816	0
6817	0
6818	1
6819	0
6820	1
6821	3
6822	0
6823	0
6824	0
6825	0
6826	0
6827	0
6828	0
6829	0
6830	0
6831	2
6832	0
6833	0
6834	0
6835	0
6836	0
6837	0
6838	0
6839	0
6840	3
6841	0
6842	0
6843	0
6844	0
6845	0
6846	0
6847	2
6848	0
6849	1
6850	1
6851	0
6852	0
6853	0
6854	0
6855	0
6856	1
6857	0
6858	0
6859	0
6860	0
6861	0
6862	0
6863	0
6864	0
6865	0
6866	0
6867	3
6868	2
6869	0
6870	0
6871	0
6872	0
6873	0
6874	1
6875	0
6876	1
6877	0
6878	0
6879	0
6880	0
6881	0
6882	0
6883	1
6884	0
6885	0
6886	0
6887	0
6888	0
6889	0
6890	0
6891	0
6892	1
6893	1
6894	1
6895	0
6896	0
6897	1
6898	0
6899	0
6900	0
6901	1
6902	1
6903	1
6904	1
6905	0
6906	0
6907	1
6908	0
6909	1
6910	0
6911	1
6912	1
6913	0
6914	1
6915	0
6916	2
6917	0
6918	0
6919	2
6920	0
6921	0
6922	0
6923	3
6924	0
6925	1
6926	0
6927	0
6928	1
6929	0
6930	0
6931	0
6932	0
6933	0
6934	0
6935	0
6936	1
6937	1
6938	1
6939	0
6940	1
6941	0
6942	2
6943	0
6944	0
6945	0
6946	0
6947	0
6948	1
6949	0
6950	0
6951	0
6952	0
6953	1
6954	0
6955	1
6956	0
6957	1
6958	0
6959	1
6960	0
6961	0
6962	0
6963	0
6964	1
6965	0
6966	0
6967	1
6968	2
6969	1
6970	2
6971	0
6972	0
6973	1
6974	1
6975	0
6976	1
6977	0
6978	1
6979	0
6980	0
6981	1
6982	0
6983	0
6984	0
6985	1
6986	1
6987	2
6988	1
6989	0
6990	0
6991	0
6992	0
6993	0
6994	0
6995	1
6996	0
6997	1
6998	0
6999	1
7000	0
7001	0
7002	0
7003	0
7004	0
7005	1
7006	0
7007	2
7008	1
7009	0
7010	1
7011	1
7012	0
7013	0
7014	0
7015	1
7016	1
7017	0
7018	0
7019	1
7020	0
7021	0
7022	1
7023	0
7024	0
7025	0
7026	0
7027	0
7028	0
7029	0
7030	0
7031	2
7032	0
7033	0
7034	0
7035	1
7036	0
7037	1
7038	0
7039	0
7040	0
7041	0
7042	0
7043	2
7044	0
7045	1
7046	0
7047	0
7048	0
7049	1
7050	0
7051	0
7052	2
7053	0
7054	1
7055	0
7056	0
7057	0
7058	0
7059	1
7060	0
7061	0
7062	1
7063	0
7064	1
7065	0
7066	0
7067	0
7068	0
7069	1
7070	0
7071	0
7072	0
7073	0
7074	0
7075	2
7076	0
7077	0
7078	1
7079	0
7080	2
7081	0
7082	0
7083	1
7084	0
7085	0
7086	0
7087	0
7088	1
7089	1
7090	0
7091	1
7092	0
7093	0
7094	0
7095	0
7096	0
7097	1
7098	1
7099	0
7100	1
7101	0
7102	1
7103	0
7104	0
7105	0
7106	0
7107	0
7108	0
7109	0
7110	0
7111	1
7112	0
7113	0
7114	0
7115	0
7116	0
7117	0
7118	0
7119	0
7120	0
7121	0
7122	0
7123	0
7124	0
7125	0
7126	0
7127	0
7128	0
7129	0
7130	0
7131	0
7132	1
7133	0
7134	0
7135	0
7136	1
7137	0
7138	0
7139	1
7140	0
7141	0
7142	3
7143	0
7144	0
7145	0
7146	1
7147	2
7148	0
7149	0
7150	0
7151	0
7152	0
7153	0
7154	0
7155	0
7156	1
7157	1
7158	1
7159	0
7160	0
7161	1
7162	0
7163	0
7164	0
7165	0
7166	0
7167	2
7168	1
7169	0
7170	0
7171	0
7172	0
7173	0
7174	0
7175	1
7176	0
7177	0
7178	0
7179	0
7180	2
7181	0
7182	0
7183	0
7184	0
7185	0
7186	0
7187	0
7188	0
7189	0
7190	0
7191	0
7192	0
7193	0
7194	0
7195	0
7196	1
7197	0
7198	0
7199	0
7200	0
7201	0
7202	0
7203	0
7204	0
7205	0
7206	0
7207	1
7208	0
7209	0
7210	0
7211	0
7212	1
7213	0
7214	0
7215	0
7216	0
7217	0
7218	0
7219	0
7220	0
7221	1
7222	0
7223	0
7224	0
7225	1
7226	1
7227	1
7228	0
7229	0
7230	0
7231	1
7232	0
7233	0
7234	0
7235	0
7236	0
7237	0
7238	0
7239	0
7240	1
7241	1
7242	0
7243	2
7244	2
7245	0
7246	0
7247	0
7248	0
7249	0
7250	0
7251	0
7252	0
7253	1
7254	0
7255	0
7256	0
7257	0
7258	0
7259	0
7260	1
7261	0
7262	0
7263	0
7264	0
7265	0
7266	0
7267	0
7268	1
7269	0
7270	1
7271	0
7272	0
7273	0
7274	0
7275	0
7276	0
7277	1
7278	0
7279	0
7280	0
7281	0
7282	0
7283	0
7284	0
7285	0
7286	0
7287	0
7288	0
7289	0
7290	0
7291	0
7292	0
7293	0
7294	0
7295	0
7296	0
7297	0
7298	0
7299	0
7300	0
7301	2
7302	0
7303	1
7304	1
7305	0
7306	0
7307	0
7308	0
7309	0
7310	0
7311	0
7312	0
7313	1
7314	0
7315	2
7316	0
7317	0
7318	0
7319	0
7320	1
7321	0
7322	0
7323	0
7324	0
7325	0
7326	0
7327	0
7328	0
7329	0
7330	0
7331	0
7332	0
7333	0
7334	0
7335	0
7336	0
7337	0
7338	0
7339	1
7340	0
7341	0
7342	0
7343	0
7344	0
7345	0
7346	0
7347	1
7348	0
7349	0
7350	1
7351	0
7352	0
7353	0
7354	0
7355	0
7356	0
7357	0
7358	0
7359	0
7360	0
7361	1
7362	0
7363	0
7364	0
7365	0
7366	0
7367	0
7368	0
7369	0
7370	1
7371	0
7372	0
7373	0
7374	0
7375	0
7376	0
7377	0
7378	0
7379	0
7380	1
7381	0
7382	0
7383	1
7384	0
7385	0
7386	0
7387	1
7388	0
7389	0
7390	0
7391	1
7392	0
7393	0
7394	0
7395	0
7396	0
7397	1
7398	0
7399	0
7400	1
7401	0
7402	0
7403	0
7404	1
7405	0
7406	0
7407	0
7408	0
7409	0
7410	0
7411	0
7412	1
7413	0
7414	0
7415	1
7416	1
7417	0
7418	1
7419	1
7420	0
7421	0
7422	1
7423	0
7424	0
7425	1
7426	1
7427	0
7428	0
7429	0
7430	0
7431	0
7432	0
7433	0
7434	0
7435	2
7436	0
7437	0
7438	0
7439	0
7440	1
7441	1
7442	0
7443	0
7444	0
7445	0
7446	1
7447	0
7448	2
7449	1
7450	0
7451	0
7452	0
7453	0
7454	0
7455	0
7456	0
7457	0
7458	0
7459	0
7460	0
7461	0
7462	0
7463	0
7464	0
7465	0
7466	0
7467	0
7468	0
7469	0
7470	1
7471	0
7472	0
7473	1
7474	0
7475	0
7476	0
7477	0
7478	0
7479	0
7480	0
7481	0
7482	0
7483	0
7484	1
7485	0
7486	1
7487	1
7488	0
7489	0
7490	0
7491	0
7492	0
7493	0
7494	0
7495	0
7496	0
7497	0
7498	0
7499	0
7500	0
7501	0
7502	0
7503	0
7504	0
7505	0
7506	0
7507	0
7508	0
7509	0
7510	0
7511	0
7512	0
7513	0
7514	0
7515	0
7516	0
7517	0
7518	0
7519	0
7520	1
7521	0
7522	0
7523	0
7524	0
7525	0
7526	0
7527	0
7528	0
7529	0
7530	0
7531	0
7532	0
7533	0
7534	0
7535	0
7536	0
7537	0
7538	0
7539	0
7540	0
7541	0
7542	0
7543	0
7544	1
7545	0
7546	0
7547	0
7548	0
7549	0
7550	0
7551	0
7552	0
7553	0
7554	0
7555	0
7556	0
7557	0
7558	0
7559	0
7560	0
7561	0
7562	0
7563	0
7564	0
7565	0
7566	0
7567	0
7568	0
7569	0
7570	0
7571	0
7572	0
7573	0
7574	0
7575	0
7576	0
7577	0
7578	1
7579	0
7580	0
7581	0
7582	0
7583	0
7584	0
7585	0
7586	0
7587	0
7588	0
7589	0
7590	0
7591	0
7592	0
7593	0
7594	0
7595	0
7596	1
7597	0
7598	0
7599	1
7600	0
7601	0
7602	0
7603	0
7604	0
7605	0
7606	0
7607	0
7608	0
7609	1
7610	0
7611	0
7612	1
7613	0
7614	0
7615	0
7616	0
7617	0
7618	1
7619	0
7620	0
7621	0
7622	0
7623	0
7624	0
7625	0
7626	1
7627	0
7628	0
7629	0
7630	0
7631	0
7632	0
7633	1
7634	0
7635	0
7636	0
7637	0
7638	0
7639	0
7640	0
7641	0
7642	0
7643	0
7644	0
7645	0
7646	0
7647	0
7648	0
7649	0
7650	0
7651	0
7652	0
7653	0
7654	0
7655	0
7656	0
7657	0
7658	0
7659	0
7660	0
7661	1
7662	0
7663	0
7664	0
7665	0
7666	0
7667	0
7668	0
7669	0
7670	0
7671	0
7672	0
7673	0
7674	0
7675	0
7676	0
7677	0
7678	0
7679	0
7680	1
7681	0
7682	0
7683	0
7684	0
7685	0
7686	0
7687	0
7688	0
7689	0
7690	0
7691	0
7692	0
7693	0
7694	0
7695	0
7696	0
7697	0
7698	0
7699	0
7700	0
7701	0
7702	0
7703	0
7704	0
7705	0
7706	1
7707	0
7708	0
7709	1
7710	0
7711	0
7712	0
7713	0
7714	0
7715	0
7716	0
7717	0
7718	0
7719	0
7720	0
7721	0
7722	0
7723	0
7724	0
7725	0
7726	0
7727	0
7728	0
7729	0
7730	0
7731	0
7732	0
7733	0
7734	0
7735	0
7736	0
7737	0
7738	0
7739	1
7740	0
7741	0
7742	0
7743	0
7744	0
7745	0
7746	0
7747	0
7748	0
7749	0
7750	0
7751	0
7752	0
7753	0
7754	0
7755	0
7756	0
7757	0
7758	0
7759	0
7760	0
7761	0
7762	0
7763	0
7764	0
7765	0
7766	0
7767	0
7768	0
7769	0
7770	1
7771	0
7772	0
7773	0
7774	0
7775	0
7776	0
7777	0
7778	0
7779	0
7780	0
7781	0
7782	0
7783	0
7784	0
7785	0
7786	0
7787	1
7788	0
7789	0
7790	0
7791	1
7792	0
7793	0
7794	0
7795	0
7796	0
7797	0
7798	0
7799	0
7800	0
7801	0
7802	0
7803	0
7804	0
7805	0
7806	0
7807	0
7808	0
7809	0
7810	0
7811	0
7812	0
7813	0
7814	0
7815	0
7816	0
7817	0
7818	0
7819	0
7820	0
7821	0
7822	0
7823	0
7824	0
7825	0
7826	0
7827	0
7828	0
7829	0
7830	0
7831	0
7832	0
7833	0
7834	0
7835	0
7836	0
7837	0
7838	0
7839	0
7840	0
7841	0
7842	0
7843	0
7844	0
7845	0
7846	0
7847	0
7848	0
7849	0
7850	0
7851	0
7852	0
7853	0
7854	0
7855	0
7856	0
7857	0
7858	0
7859	0
7860	0
7861	0
7862	1
7863	0
7864	1
7865	0
7866	0
7867	0
7868	0
7869	0
7870	0
7871	0
7872	0
7873	0
7874	0
7875	0
7876	0
7877	0
7878	0
7879	0
7880	0
7881	0
7882	0
7883	0
7884	0
7885	0
7886	0
7887	1
7888	0
7889	0
7890	0
7891	0
7892	0
7893	0
7894	0
7895	0
7896	0
7897	0
7898	0
7899	0
7900	0
7901	0
7902	0
7903	0
7904	0
7905	0
7906	0
7907	0
7908	0
7909	0
7910	0
7911	0
7912	0
7913	0
7914	0
7915	0
7916	0
7917	0
7918	0
7919	0
7920	0
7921	0
7922	0
7923	0
7924	0
7925	0
7926	0
7927	0
7928	0
7929	0
7930	0
7931	0
7932	0
7933	0
7934	0
7935	0
7936	0
7937	0
7938	0
7939	1
7940	0
7941	0
7942	0
7943	0
7944	0
7945	0
7946	0
7947	0
7948	0
7949	0
7950	0
7951	0
7952	0
7953	0
7954	0
7955	0
7956	0
7957	0
7958	0
7959	0
7960	0
7961	0
7962	0
7963	0
7964	0
7965	0
7966	0
7967	0
7968	0
7969	0
7970	0
7971	0
7972	0
7973	0
7974	0
7975	0
7976	0
7977	0
7978	0
7979	0
7980	0
7981	0
7982	0
7983	0
7984	0
7985	0
7986	0
7987	0
7988	0
7989	0
7990	0
7991	0
7992	0
7993	0
7994	0
7995	0
7996	0
7997	0
7998	0
7999	1
8000	0
8001	0
8002	0
8003	0
8004	0
8005	0
8006	0
8007	0
8008	0
8009	0
8010	0
8011	0
8012	1
8013	0
8014	0
8015	0
8016	0
8017	0
8018	0
8019	0
8020	0
8021	0
8022	0
8023	0
8024	0
8025	0
8026	0
8027	0
8028	0
8029	0
8030	0
8031	0
8032	0
8033	0
8034	0
8035	0
8036	0
8037	0
8038	0
8039	0
8040	0
8041	0
8042	1
8043	0
8044	0
8045	0
8046	2
8047	0
8048	1
8049	0
8050	0
8051	0
8052	0
8053	0
8054	0
8055	0
8056	0
8057	0
8058	1
8059	2
8060	2
8061	2
8062	2
8063	3
8064	4
8065	8
8066	11
8067	10
8068	14
8069	17
8070	13
8071	21
8072	14
8073	9
8074	11
8075	4
8076	5
8077	2
8078	7
8079	0
8080	0
8081	0
8082	1
8083	1
8084	0
8085	0
8086	0
8087	0
8088	0
8089	0
8090	0
8091	0
8092	0
8093	0
8094	0
8095	0
8096	0
8097	0
8098	0
8099	0
8100	0
8101	0
8102	0
8103	0
8104	0
8105	0
8106	0
8107	0
8108	0
8109	0
8110	0
8111	0
8112	0
8113	0
8114	0
8115	0
8116	0
8117	0
8118	0
8119	0
8120	0
8121	0
8122	0
8123	0
8124	0
8125	0
8126	0
8127	0
8128	0
8129	0
8130	0
8131	0
8132	0
8133	0
8134	0
8135	0
8136	0
8137	0
8138	0
8139	0
8140	0
8141	1
8142	0
8143	0
8144	0
8145	0
8146	0
8147	0
8148	0
8149	0
8150	0
8151	0
8152	0
8153	0
8154	0
8155	0
8156	0
8157	0
8158	0
8159	0
8160	0
8161	0
8162	0
8163	0
8164	0
8165	0
8166	0
8167	0
8168	1
8169	0
8170	0
8171	0
8172	0
8173	0
8174	0
8175	0
8176	0
8177	0
8178	0
8179	0
8180	0
8181	0
8182	0
8183	0
8184	0
8185	0
8186	0
8187	0
8188	0
8189	0
8190	0
8191	0
