-5.15587e-020	0
0.2201	0
0.4402	0
0.6603	0
0.8804	0
1.1005	0
1.3206	0
1.5407	0
1.7608	0
1.9809	0
2.201	0
2.4211	0
2.6412	0
2.8613	0
3.0814	0
3.3015	0
3.5216	0
3.7417	0
3.9618	0
4.1819	0
4.402	0
4.6221	0
4.8422	0
5.0623	0
5.2824	0
5.5025	0
5.7226	0
5.9427	0
6.1628	0
6.3829	0
6.603	0
6.8231	0
7.0432	0
7.2633	0
7.4834	0
7.7035	2
7.9236	18
8.1437	21
8.3638	24
8.5839	16
8.804	26
9.0241	17
9.2442	18
9.4643	24
9.6844	21
9.9045	16
10.1246	21
10.3447	16
10.5648	24
10.7849	23
11.005	21
11.2251	23
11.4452	20
11.6653	13
11.8854	26
12.1055	19
12.3256	16
12.5457	26
12.7658	24
12.9859	21
13.206	19
13.4261	21
13.6462	24
13.8663	13
14.0864	23
14.3065	20
14.5266	15
14.7467	26
14.9668	18
15.1869	19
15.407	22
15.6271	21
15.8472	17
16.0673	17
16.2874	19
16.5075	16
16.7276	17
16.9477	23
17.1678	11
17.3879	23
17.608	20
17.8281	17
18.0482	14
18.2683	13
18.4884	20
18.7085	10
18.9286	21
19.1487	12
19.3688	14
19.5889	26
19.809	20
20.0291	18
20.2492	13
20.4693	19
20.6894	13
20.9095	10
21.1296	11
21.3497	16
21.5698	14
21.7899	21
22.01	17
22.2301	12
22.4502	19
22.6703	25
22.8904	16
23.1105	25
23.3306	23
23.5507	18
23.7708	21
23.9909	20
24.211	24
24.4311	22
24.6512	21
24.8713	20
25.0914	19
25.3115	21
25.5316	18
25.7517	20
25.9718	19
26.1919	15
26.412	17
26.6321	18
26.8522	14
27.0723	13
27.2924	18
27.5125	25
27.7326	22
27.9527	13
28.1728	18
28.3929	19
28.613	22
28.8331	21
29.0532	23
29.2733	11
29.4934	17
29.7135	22
29.9336	19
30.1537	25
30.3738	14
30.5939	25
30.814	28
31.0341	16
31.2542	26
31.4743	24
31.6944	12
31.9145	16
32.1346	13
32.3547	20
32.5748	16
32.7949	12
33.015	25
33.2351	12
33.4552	17
33.6753	14
33.8954	21
34.1155	21
34.3356	10
34.5557	15
34.7758	21
34.9959	12
35.216	15
35.4361	14
35.6562	15
35.8763	17
36.0964	16
36.3165	18
36.5366	15
36.7567	15
36.9768	24
37.1969	9
37.417	10
37.6371	15
37.8572	16
38.0773	18
38.2974	19
38.5175	15
38.7376	13
38.9577	18
39.1778	16
39.3979	22
39.618	21
39.8381	13
40.0582	18
40.2783	17
40.4984	22
40.7185	19
40.9386	16
41.1587	16
41.3788	20
41.5989	17
41.819	22
42.0391	13
42.2592	23
42.4793	15
42.6994	22
42.9195	19
43.1396	14
43.3597	23
43.5798	13
43.7999	15
44.02	21
44.2401	19
44.4602	8
44.6803	23
44.9004	9
45.1205	17
45.3406	15
45.5607	13
45.7808	15
46.0009	21
46.221	13
46.4411	13
46.6612	14
46.8813	16
47.1014	12
47.3215	18
47.5416	14
47.7617	10
47.9818	14
48.2019	16
48.422	15
48.6421	16
48.8622	24
49.0823	14
49.3024	15
49.5225	22
49.7426	9
49.9627	19
50.1828	16
50.4029	28
50.623	11
50.8431	14
51.0632	18
51.2833	20
51.5034	20
51.7235	12
51.9436	16
52.1637	15
52.3838	15
52.6039	15
52.824	19
53.0441	23
53.2642	22
53.4843	21
53.7044	12
53.9245	7
54.1446	19
54.3647	15
54.5848	8
54.8049	18
55.025	17
55.2451	12
55.4652	17
55.6853	21
55.9054	18
56.1255	15
56.3456	23
56.5657	12
56.7858	12
57.0059	19
57.226	22
57.4461	16
57.6662	20
57.8863	19
58.1064	16
58.3265	16
58.5466	13
58.7667	19
58.9868	13
59.2069	19
59.427	7
59.6471	19
59.8672	19
60.0873	17
60.3074	19
60.5275	21
60.7476	23
60.9677	19
61.1878	16
61.4079	21
61.628	18
61.8481	12
62.0682	17
62.2883	16
62.5084	13
62.7285	14
62.9486	15
63.1687	19
63.3888	17
63.6089	12
63.829	19
64.0491	13
64.2692	18
64.4893	15
64.7094	19
64.9295	14
65.1496	16
65.3697	11
65.5898	14
65.8099	22
66.03	13
66.2501	22
66.4702	12
66.6903	16
66.9104	22
67.1305	16
67.3506	19
67.5707	20
67.7908	17
68.0109	14
68.231	17
68.4511	12
68.6712	19
68.8913	26
69.1114	16
69.3315	20
69.5516	23
69.7717	22
69.9918	29
70.2119	16
70.432	16
70.6521	21
70.8722	19
71.0923	17
71.3124	26
71.5325	24
71.7526	23
71.9727	28
72.1928	25
72.4129	13
72.633	14
72.8531	13
73.0732	20
73.2933	15
73.5134	15
73.7335	17
73.9536	7
74.1737	18
74.3938	18
74.6139	15
74.834	19
75.0541	14
75.2742	16
75.4943	27
75.7144	15
75.9345	18
76.1546	19
76.3747	22
76.5948	16
76.8149	12
77.035	26
77.2551	16
77.4752	19
77.6953	13
77.9154	16
78.1355	16
78.3556	13
78.5757	16
78.7958	24
79.0159	14
79.236	17
79.4561	18
79.6762	17
79.8963	21
80.1164	17
80.3365	12
80.5566	24
80.7767	16
80.9968	18
81.2169	10
81.437	20
81.6571	20
81.8772	24
82.0973	19
82.3174	18
82.5375	22
82.7576	23
82.9777	16
83.1978	19
83.4179	11
83.638	23
83.8581	16
84.0782	21
84.2983	19
84.5184	13
84.7385	17
84.9586	14
85.1787	18
85.3988	15
85.6189	19
85.839	12
86.0591	20
86.2792	17
86.4993	17
86.7194	17
86.9395	13
87.1596	18
87.3797	23
87.5998	10
87.8199	16
88.04	19
88.2601	17
88.4802	32
88.7003	15
88.9204	18
89.1405	19
89.3606	15
89.5807	7
89.8008	13
90.0209	14
90.241	16
90.4611	19
90.6812	14
90.9013	19
91.1214	12
91.3415	11
91.5616	16
91.7817	14
92.0018	10
92.2219	12
92.442	9
92.6621	22
92.8822	19
93.1023	17
93.3224	21
93.5425	13
93.7626	18
93.9827	10
94.2028	13
94.4229	10
94.643	14
94.8631	18
95.0832	14
95.3033	18
95.5234	25
95.7435	19
95.9636	14
96.1837	8
96.4038	19
96.6239	17
96.844	19
97.0641	23
97.2842	18
97.5043	12
97.7244	16
97.9445	19
98.1646	20
98.3847	19
98.6048	13
98.8249	17
99.045	25
99.2651	19
99.4852	26
99.7053	14
99.9254	10
100.146	22
100.366	13
100.586	20
100.806	16
101.026	14
101.246	12
101.466	16
101.686	15
101.906	13
102.126	13
102.346	14
102.567	16
102.787	10
103.007	21
103.227	21
103.447	10
103.667	14
103.887	19
104.107	10
104.327	17
104.548	14
104.768	11
104.988	19
105.208	24
105.428	9
105.648	18
105.868	18
106.088	16
106.308	16
106.528	14
106.748	19
106.969	12
107.189	11
107.409	15
107.629	18
107.849	11
108.069	17
108.289	17
108.509	16
108.729	14
108.95	16
109.17	15
109.39	11
109.61	20
109.83	19
110.05	17
110.27	16
110.49	14
110.71	15
110.93	20
111.15	22
111.371	16
111.591	12
111.811	22
112.031	19
112.251	10
112.471	13
112.691	22
112.911	14
113.131	16
113.352	21
113.572	18
113.792	13
114.012	12
114.232	16
114.452	12
114.672	15
114.892	11
115.112	19
115.332	20
115.552	22
115.773	13
115.993	20
116.213	12
116.433	22
116.653	13
116.873	17
117.093	15
117.313	11
117.533	16
117.753	14
117.974	16
118.194	15
118.414	14
118.634	15
118.854	9
119.074	8
119.294	13
119.514	12
119.734	15
119.955	16
120.175	17
120.395	12
120.615	19
120.835	13
121.055	16
121.275	14
121.495	12
121.715	11
121.935	15
122.155	13
122.376	20
122.596	11
122.816	17
123.036	12
123.256	17
123.476	12
123.696	10
123.916	13
124.136	13
124.357	15
124.577	16
124.797	23
125.017	15
125.237	14
125.457	20
125.677	11
125.897	12
126.117	9
126.337	16
126.557	11
126.778	24
126.998	19
127.218	21
127.438	10
127.658	19
127.878	16
128.098	17
128.318	10
128.538	13
128.759	17
128.979	12
129.199	12
129.419	21
129.639	12
129.859	16
130.079	8
130.299	22
130.519	16
130.739	12
130.959	12
131.18	10
131.4	14
131.62	7
131.84	19
132.06	18
132.28	8
132.5	16
132.72	19
132.94	18
133.16	11
133.381	17
133.601	15
133.821	17
134.041	20
134.261	10
134.481	13
134.701	10
134.921	16
135.141	15
135.362	15
135.582	15
135.802	15
136.022	15
136.242	28
136.462	12
136.682	8
136.902	14
137.122	13
137.342	10
137.563	12
137.783	16
138.003	20
138.223	23
138.443	17
138.663	16
138.883	18
139.103	17
139.323	20
139.543	10
139.763	23
139.984	13
140.204	19
140.424	17
140.644	13
140.864	8
141.084	12
141.304	17
141.524	15
141.744	20
141.964	18
142.185	14
142.405	13
142.625	20
142.845	15
143.065	5
143.285	12
143.505	13
143.725	15
143.945	9
144.165	15
144.386	18
144.606	18
144.826	21
145.046	7
145.266	13
145.486	20
145.706	14
145.926	22
146.146	18
146.367	16
146.587	14
146.807	12
147.027	15
147.247	14
147.467	18
147.687	20
147.907	12
148.127	13
148.347	10
148.568	11
148.788	14
149.008	22
149.228	16
149.448	20
149.668	12
149.888	11
150.108	9
150.328	13
150.548	5
150.768	14
150.989	14
151.209	20
151.429	14
151.649	20
151.869	6
152.089	18
152.309	16
152.529	7
152.749	13
152.969	11
153.19	13
153.41	12
153.63	13
153.85	15
154.07	18
154.29	12
154.51	7
154.73	13
154.95	18
155.171	21
155.391	11
155.611	20
155.831	11
156.051	16
156.271	14
156.491	11
156.711	20
156.931	19
157.151	15
157.372	16
157.592	17
157.812	19
158.032	14
158.252	12
158.472	12
158.692	12
158.912	15
159.132	9
159.352	20
159.572	5
159.793	14
160.013	12
160.233	9
160.453	8
160.673	13
160.893	14
161.113	14
161.333	20
161.553	15
161.773	11
161.994	11
162.214	13
162.434	12
162.654	16
162.874	12
163.094	21
163.314	19
163.534	12
163.754	9
163.975	19
164.195	13
164.415	18
164.635	15
164.855	8
165.075	16
165.295	14
165.515	10
165.735	12
165.955	16
166.176	11
166.396	10
166.616	14
166.836	17
167.056	13
167.276	15
167.496	12
167.716	10
167.936	13
168.156	15
168.376	18
168.597	12
168.817	14
169.037	16
169.257	17
169.477	14
169.697	11
169.917	10
170.137	9
170.357	15
170.577	16
170.798	11
171.018	17
171.238	15
171.458	14
171.678	20
171.898	14
172.118	12
172.338	17
172.558	14
172.778	11
172.999	15
173.219	11
173.439	8
173.659	24
173.879	17
174.099	12
174.319	8
174.539	17
174.759	17
174.98	12
175.2	14
175.42	15
175.64	10
175.86	10
176.08	16
176.3	12
176.52	13
176.74	15
176.96	12
177.18	18
177.401	19
177.621	13
177.841	13
178.061	17
178.281	17
178.501	21
178.721	17
178.941	14
179.161	14
179.381	14
179.602	10
179.822	15
180.042	11
180.262	17
180.482	15
180.702	16
180.922	18
181.142	12
181.362	12
181.582	11
181.803	13
182.023	16
182.243	16
182.463	12
182.683	15
182.903	16
183.123	8
183.343	13
183.563	8
183.784	14
184.004	11
184.224	18
184.444	12
184.664	16
184.884	14
185.104	15
185.324	18
185.544	20
185.764	9
185.985	20
186.205	15
186.425	16
186.645	14
186.865	18
187.085	19
187.305	18
187.525	17
187.745	15
187.965	18
188.185	13
188.406	12
188.626	11
188.846	8
189.066	14
189.286	13
189.506	19
189.726	11
189.946	14
190.166	18
190.386	6
190.607	14
190.827	13
191.047	9
191.267	19
191.487	13
191.707	10
191.927	12
192.147	16
192.367	12
192.587	23
192.808	20
193.028	11
193.248	16
193.468	10
193.688	11
193.908	10
194.128	16
194.348	8
194.568	11
194.789	21
195.009	16
195.229	12
195.449	16
195.669	15
195.889	10
196.109	12
196.329	11
196.549	15
196.769	11
196.989	12
197.21	10
197.43	15
197.65	13
197.87	15
198.09	12
198.31	21
198.53	10
198.75	19
198.97	15
199.19	16
199.411	21
199.631	5
199.851	12
200.071	11
200.291	12
200.511	11
200.731	13
200.951	14
201.171	14
201.391	20
201.612	11
201.832	14
202.052	22
202.272	11
202.492	15
202.712	16
202.932	19
203.152	19
203.372	9
203.593	22
203.813	16
204.033	13
204.253	16
204.473	9
204.693	18
204.913	19
205.133	13
205.353	9
205.573	16
205.793	19
206.014	13
206.234	15
206.454	13
206.674	19
206.894	29
207.114	15
207.334	14
207.554	18
207.774	12
207.994	20
208.215	20
208.435	19
208.655	16
208.875	18
209.095	19
209.315	13
209.535	21
209.755	25
209.975	19
210.195	19
210.416	16
210.636	17
210.856	12
211.076	26
211.296	15
211.516	33
211.736	21
211.956	25
212.176	14
212.397	13
212.617	21
212.837	20
213.057	23
213.277	25
213.497	23
213.717	11
213.937	25
214.157	23
214.377	25
214.598	27
214.818	18
215.038	28
215.258	22
215.478	14
215.698	19
215.918	20
216.138	22
216.358	20
216.578	18
216.798	24
217.019	29
217.239	17
217.459	24
217.679	19
217.899	21
218.119	26
218.339	16
218.559	21
218.779	20
218.999	25
219.22	18
219.44	29
219.66	15
219.88	20
220.1	18
220.32	19
220.54	21
220.76	13
220.98	23
221.2	20
221.421	17
221.641	25
221.861	25
222.081	23
222.301	17
222.521	19
222.741	20
222.961	21
223.181	16
223.402	22
223.622	20
223.842	15
224.062	19
224.282	21
224.502	23
224.722	15
224.942	24
225.162	22
225.382	24
225.602	22
225.823	15
226.043	17
226.263	23
226.483	22
226.703	20
226.923	26
227.143	27
227.363	11
227.583	22
227.803	12
228.024	19
228.244	29
228.464	12
228.684	17
228.904	22
229.124	19
229.344	19
229.564	21
229.784	15
230.004	14
230.225	13
230.445	23
230.665	12
230.885	15
231.105	24
231.325	13
231.545	17
231.765	16
231.985	18
232.206	20
232.426	15
232.646	11
232.866	15
233.086	15
233.306	18
233.526	15
233.746	18
233.966	19
234.186	25
234.406	16
234.627	17
234.847	19
235.067	20
235.287	16
235.507	20
235.727	17
235.947	22
236.167	19
236.387	17
236.607	19
236.828	25
237.048	14
237.268	20
237.488	18
237.708	19
237.928	15
238.148	20
238.368	18
238.588	17
238.808	25
239.029	20
239.249	22
239.469	15
239.689	19
239.909	19
240.129	11
240.349	27
240.569	24
240.789	22
241.01	13
241.23	19
241.45	13
241.67	20
241.89	11
242.11	17
242.33	11
242.55	18
242.77	17
242.99	24
243.211	19
243.431	15
243.651	14
243.871	18
244.091	15
244.311	19
244.531	18
244.751	17
244.971	15
245.191	13
245.411	11
245.632	14
245.852	16
246.072	25
246.292	9
246.512	11
246.732	11
246.952	16
247.172	16
247.392	27
247.612	20
247.833	17
248.053	17
248.273	15
248.493	18
248.713	22
248.933	21
249.153	18
249.373	11
249.593	12
249.813	13
250.034	14
250.254	14
250.474	21
250.694	10
250.914	23
251.134	14
251.354	14
251.574	18
251.794	12
252.015	16
252.235	16
252.455	10
252.675	18
252.895	15
253.115	18
253.335	17
253.555	13
253.775	11
253.995	19
254.215	19
254.436	33
254.656	9
254.876	14
255.096	20
255.316	14
255.536	13
255.756	15
255.976	14
256.196	16
256.416	16
256.637	16
256.857	12
257.077	8
257.297	21
257.517	16
257.737	11
257.957	16
258.177	11
258.397	17
258.618	18
258.838	11
259.058	13
259.278	12
259.498	14
259.718	15
259.938	9
260.158	18
260.378	11
260.598	18
260.818	16
261.039	16
261.259	14
261.479	14
261.699	11
261.919	14
262.139	13
262.359	13
262.579	12
262.799	20
263.019	12
263.24	11
263.46	9
263.68	13
263.9	13
264.12	13
264.34	14
264.56	15
264.78	15
265	16
265.221	18
265.441	14
265.661	21
265.881	8
266.101	18
266.321	7
266.541	15
266.761	8
266.981	9
267.201	7
267.421	14
267.642	13
267.862	11
268.082	12
268.302	8
268.522	14
268.742	10
268.962	13
269.182	19
269.402	12
269.623	10
269.843	15
270.063	23
270.283	20
270.503	15
270.723	9
270.943	11
271.163	5
271.383	11
271.603	9
271.823	17
272.044	10
272.264	10
272.484	15
272.704	14
272.924	10
273.144	11
273.364	11
273.584	8
273.804	8
274.024	11
274.245	10
274.465	12
274.685	10
274.905	15
275.125	16
275.345	11
275.565	12
275.785	14
276.005	10
276.226	8
276.446	9
276.666	12
276.886	15
277.106	10
277.326	8
277.546	9
277.766	15
277.986	11
278.206	11
278.426	14
278.647	17
278.867	9
279.087	16
279.307	11
279.527	9
279.747	11
279.967	14
280.187	13
280.407	14
280.628	5
280.848	11
281.068	13
281.288	11
281.508	13
281.728	17
281.948	11
282.168	14
282.388	15
282.608	11
282.828	19
283.049	9
283.269	14
283.489	12
283.709	13
283.929	17
284.149	6
284.369	16
284.589	20
284.809	17
285.029	15
285.25	13
285.47	14
285.69	16
285.91	13
286.13	10
286.35	10
286.57	12
286.79	17
287.01	9
287.231	7
287.451	9
287.671	9
287.891	12
288.111	11
288.331	13
288.551	12
288.771	8
288.991	14
289.211	15
289.431	20
289.652	9
289.872	12
290.092	12
290.312	14
290.532	17
290.752	14
290.972	18
291.192	10
291.412	14
291.632	12
291.853	19
292.073	10
292.293	6
292.513	10
292.733	12
292.953	14
293.173	12
293.393	19
293.613	11
293.834	14
294.054	14
294.274	16
294.494	14
294.714	10
294.934	14
295.154	12
295.374	7
295.594	10
295.814	15
296.034	8
296.255	7
296.475	14
296.695	3
296.915	8
297.135	8
297.355	12
297.575	11
297.795	12
298.015	16
298.236	10
298.456	18
298.676	14
298.896	8
299.116	8
299.336	14
299.556	14
299.776	14
299.996	10
300.216	9
300.436	8
300.657	9
300.877	15
301.097	14
301.317	12
301.537	13
301.757	15
301.977	11
302.197	10
302.417	16
302.637	13
302.858	12
303.078	12
303.298	8
303.518	12
303.738	7
303.958	7
304.178	6
304.398	10
304.618	11
304.839	6
305.059	11
305.279	6
305.499	12
305.719	15
305.939	13
306.159	8
306.379	11
306.599	9
306.819	10
307.039	10
307.26	5
307.48	9
307.7	17
307.92	8
308.14	16
308.36	15
308.58	11
308.8	21
309.02	26
309.241	10
309.461	9
309.681	14
309.901	11
310.121	10
310.341	7
310.561	10
310.781	12
311.001	7
311.221	12
311.441	11
311.662	12
311.882	6
312.102	9
312.322	12
312.542	12
312.762	8
312.982	14
313.202	11
313.422	14
313.642	8
313.863	7
314.083	9
314.303	10
314.523	17
314.743	12
314.963	15
315.183	10
315.403	10
315.623	11
315.844	13
316.064	12
316.284	6
316.504	12
316.724	12
316.944	6
317.164	12
317.384	8
317.604	7
317.824	6
318.044	11
318.265	6
318.485	11
318.705	9
318.925	9
319.145	8
319.365	12
319.585	10
319.805	16
320.025	10
320.245	10
320.466	9
320.686	3
320.906	13
321.126	11
321.346	6
321.566	10
321.786	9
322.006	16
322.226	6
322.446	13
322.667	12
322.887	9
323.107	12
323.327	7
323.547	5
323.767	9
323.987	7
324.207	10
324.427	8
324.647	14
324.868	6
325.088	7
325.308	12
325.528	17
325.748	13
325.968	12
326.188	10
326.408	12
326.628	2
326.849	8
327.069	15
327.289	7
327.509	10
327.729	16
327.949	7
328.169	11
328.389	16
328.609	14
328.829	11
329.049	11
329.27	12
329.49	7
329.71	2
329.93	10
330.15	15
330.37	8
330.59	10
330.81	9
331.03	6
331.25	9
331.471	13
331.691	12
331.911	10
332.131	12
332.351	5
332.571	2
332.791	9
333.011	11
333.231	5
333.452	12
333.672	6
333.892	8
334.112	8
334.332	15
334.552	10
334.772	10
334.992	9
335.212	9
335.432	8
335.652	9
335.873	10
336.093	6
336.313	11
336.533	9
336.753	13
336.973	11
337.193	10
337.413	11
337.633	11
337.854	9
338.074	7
338.294	11
338.514	5
338.734	7
338.954	12
339.174	13
339.394	8
339.614	12
339.834	12
340.054	14
340.275	4
340.495	8
340.715	13
340.935	7
341.155	8
341.375	18
341.595	11
341.815	11
342.035	10
342.255	8
342.476	3
342.696	7
342.916	9
343.136	8
343.356	5
343.576	13
343.796	8
344.016	5
344.236	11
344.457	6
344.677	11
344.897	12
345.117	13
345.337	12
345.557	11
345.777	15
345.997	8
346.217	9
346.437	7
346.657	9
346.878	14
347.098	10
347.318	13
347.538	12
347.758	12
347.978	14
348.198	8
348.418	10
348.638	14
348.858	10
349.079	7
349.299	12
349.519	6
349.739	7
349.959	9
350.179	7
350.399	13
350.619	5
350.839	14
351.059	7
351.28	11
351.5	12
351.72	8
351.94	15
352.16	6
352.38	11
352.6	10
352.82	13
353.04	12
353.26	11
353.481	11
353.701	6
353.921	9
354.141	7
354.361	6
354.581	7
354.801	10
355.021	8
355.241	9
355.462	10
355.682	3
355.902	11
356.122	6
356.342	7
356.562	11
356.782	7
357.002	10
357.222	4
357.442	9
357.662	10
357.883	12
358.103	11
358.323	10
358.543	9
358.763	5
358.983	11
359.203	12
359.423	8
359.643	17
359.863	16
360.084	10
360.304	12
360.524	13
360.744	7
360.964	8
361.184	11
361.404	13
361.624	11
361.844	12
362.065	6
362.285	11
362.505	5
362.725	8
362.945	12
363.165	7
363.385	10
363.605	10
363.825	11
364.045	12
364.265	13
364.486	9
364.706	9
364.926	2
365.146	12
365.366	6
365.586	13
365.806	16
366.026	5
366.246	5
366.467	13
366.687	5
366.907	10
367.127	10
367.347	7
367.567	12
367.787	7
368.007	9
368.227	12
368.447	8
368.667	8
368.888	13
369.108	9
369.328	16
369.548	13
369.768	7
369.988	6
370.208	11
370.428	12
370.648	9
370.868	7
371.089	10
371.309	7
371.529	10
371.749	10
371.969	9
372.189	10
372.409	6
372.629	9
372.849	6
373.07	5
373.29	12
373.51	7
373.73	3
373.95	8
374.17	13
374.39	9
374.61	19
374.83	11
375.05	12
375.27	16
375.491	8
375.711	14
375.931	9
376.151	10
376.371	9
376.591	8
376.811	7
377.031	9
377.251	7
377.471	15
377.692	12
377.912	9
378.132	13
378.352	12
378.572	7
378.792	10
379.012	15
379.232	10
379.452	7
379.672	6
379.893	13
380.113	9
380.333	9
380.553	6
380.773	11
380.993	12
381.213	9
381.433	8
381.653	11
381.873	13
382.094	7
382.314	15
382.534	9
382.754	7
382.974	14
383.194	12
383.414	11
383.634	6
383.854	9
384.075	11
384.295	7
384.515	6
384.735	7
384.955	8
385.175	9
385.395	11
385.615	10
385.835	9
386.055	13
386.275	5
386.496	4
386.716	6
386.936	4
387.156	9
387.376	8
387.596	11
387.816	8
388.036	6
388.256	2
388.476	6
388.697	9
388.917	10
389.137	8
389.357	10
389.577	6
389.797	11
390.017	7
390.237	13
390.457	13
390.678	10
390.898	10
391.118	11
391.338	14
391.558	12
391.778	9
391.998	13
392.218	5
392.438	8
392.658	7
392.878	8
393.099	10
393.319	10
393.539	6
393.759	11
393.979	9
394.199	11
394.419	6
394.639	8
394.859	9
395.08	10
395.3	9
395.52	14
395.74	11
395.96	10
396.18	12
396.4	7
396.62	13
396.84	5
397.06	11
397.28	3
397.501	7
397.721	8
397.941	13
398.161	4
398.381	7
398.601	7
398.821	6
399.041	4
399.261	9
399.481	10
399.702	5
399.922	10
400.142	6
400.362	7
400.582	13
400.802	9
401.022	17
401.242	13
401.462	15
401.683	15
401.903	10
402.123	7
402.343	9
402.563	9
402.783	11
403.003	12
403.223	9
403.443	9
403.663	14
403.883	7
404.104	7
404.324	8
404.544	8
404.764	12
404.984	8
405.204	10
405.424	7
405.644	10
405.864	8
406.084	10
406.305	16
406.525	10
406.745	10
406.965	4
407.185	14
407.405	10
407.625	16
407.845	13
408.065	9
408.285	11
408.506	4
408.726	6
408.946	9
409.166	13
409.386	6
409.606	12
409.826	9
410.046	13
410.266	12
410.486	11
410.707	9
410.927	8
411.147	9
411.367	7
411.587	8
411.807	8
412.027	8
412.247	11
412.467	5
412.688	5
412.908	6
413.128	9
413.348	10
413.568	8
413.788	12
414.008	12
414.228	8
414.448	6
414.668	15
414.888	9
415.109	8
415.329	9
415.549	10
415.769	12
415.989	10
416.209	6
416.429	6
416.649	7
416.869	8
417.089	5
417.31	11
417.53	7
417.75	11
417.97	10
418.19	10
418.41	7
418.63	9
418.85	10
419.07	12
419.291	11
419.511	15
419.731	10
419.951	17
420.171	11
420.391	10
420.611	9
420.831	8
421.051	11
421.271	7
421.491	17
421.712	8
421.932	10
422.152	5
422.372	12
422.592	11
422.812	6
423.032	7
423.252	12
423.472	6
423.693	7
423.913	12
424.133	5
424.353	8
424.573	9
424.793	8
425.013	4
425.233	5
425.453	7
425.673	13
425.893	17
426.114	8
426.334	10
426.554	16
426.774	4
426.994	4
427.214	10
427.434	6
427.654	12
427.874	9
428.094	13
428.315	5
428.535	10
428.755	13
428.975	12
429.195	6
429.415	8
429.635	7
429.855	5
430.075	8
430.296	9
430.516	13
430.736	8
430.956	4
431.176	11
431.396	7
431.616	8
431.836	13
432.056	9
432.276	21
432.496	10
432.717	12
432.937	6
433.157	5
433.377	5
433.597	11
433.817	10
434.037	11
434.257	9
434.477	8
434.697	8
434.918	13
435.138	6
435.358	13
435.578	13
435.798	5
436.018	11
436.238	14
436.458	12
436.678	18
436.898	8
437.119	15
437.339	6
437.559	6
437.779	5
437.999	8
438.219	12
438.439	7
438.659	10
438.879	10
439.099	14
439.32	11
439.54	8
439.76	10
439.98	6
440.2	11
440.42	12
440.64	9
440.86	8
441.08	7
441.301	13
441.521	5
441.741	13
441.961	6
442.181	7
442.401	12
442.621	14
442.841	11
443.061	10
443.281	5
443.501	4
443.722	8
443.942	11
444.162	13
444.382	9
444.602	13
444.822	16
445.042	7
445.262	11
445.482	6
445.702	7
445.923	7
446.143	9
446.363	10
446.583	9
446.803	6
447.023	5
447.243	11
447.463	8
447.683	10
447.904	5
448.124	7
448.344	10
448.564	13
448.784	12
449.004	9
449.224	14
449.444	4
449.664	10
449.884	6
450.104	14
450.325	10
450.545	4
450.765	11
450.985	11
451.205	8
451.425	8
451.645	13
451.865	15
452.085	13
452.305	8
452.526	11
452.746	10
452.966	11
453.186	6
453.406	5
453.626	12
453.846	10
454.066	12
454.286	13
454.506	12
454.727	12
454.947	5
455.167	10
455.387	7
455.607	11
455.827	8
456.047	8
456.267	8
456.487	9
456.707	12
456.928	9
457.148	6
457.368	7
457.588	8
457.808	7
458.028	17
458.248	13
458.468	3
458.688	8
458.909	10
459.129	11
459.349	9
459.569	4
459.789	9
460.009	7
460.229	9
460.449	15
460.669	15
460.889	4
461.109	13
461.33	6
461.55	15
461.77	8
461.99	9
462.21	7
462.43	8
462.65	7
462.87	9
463.09	10
463.31	13
463.531	7
463.751	14
463.971	8
464.191	9
464.411	11
464.631	14
464.851	8
465.071	9
465.291	6
465.511	13
465.732	7
465.952	12
466.172	10
466.392	7
466.612	10
466.832	11
467.052	14
467.272	6
467.492	10
467.712	6
467.933	6
468.153	8
468.373	4
468.593	11
468.813	7
469.033	11
469.253	7
469.473	11
469.693	5
469.914	10
470.134	6
470.354	4
470.574	12
470.794	3
471.014	6
471.234	5
471.454	7
471.674	12
471.894	7
472.114	13
472.335	11
472.555	12
472.775	14
472.995	9
473.215	8
473.435	12
473.655	7
473.875	5
474.095	5
474.315	6
474.536	9
474.756	10
474.976	11
475.196	10
475.416	8
475.636	9
475.856	12
476.076	6
476.296	9
476.516	8
476.737	12
476.957	4
477.177	12
477.397	4
477.617	11
477.837	3
478.057	7
478.277	7
478.497	10
478.717	12
478.938	3
479.158	16
479.378	9
479.598	9
479.818	8
480.038	11
480.258	16
480.478	5
480.698	9
480.918	11
481.139	5
481.359	12
481.579	5
481.799	11
482.019	8
482.239	8
482.459	5
482.679	7
482.899	4
483.119	6
483.34	5
483.56	11
483.78	6
484	12
484.22	7
484.44	3
484.66	4
484.88	7
485.1	14
485.32	6
485.541	13
485.761	6
485.981	8
486.201	14
486.421	9
486.641	5
486.861	10
487.081	2
487.301	8
487.522	11
487.742	8
487.962	13
488.182	8
488.402	5
488.622	8
488.842	11
489.062	7
489.282	12
489.502	11
489.722	15
489.943	9
490.163	4
490.383	8
490.603	7
490.823	11
491.043	10
491.263	9
491.483	13
491.703	12
491.923	7
492.144	7
492.364	13
492.584	6
492.804	12
493.024	11
493.244	12
493.464	10
493.684	4
493.904	2
494.124	11
494.345	5
494.565	7
494.785	5
495.005	14
495.225	7
495.445	10
495.665	6
495.885	11
496.105	7
496.325	3
496.546	11
496.766	8
496.986	10
497.206	5
497.426	11
497.646	10
497.866	13
498.086	10
498.306	11
498.527	17
498.747	4
498.967	9
499.187	6
499.407	11
499.627	8
499.847	9
500.067	6
500.287	5
500.507	6
500.727	8
500.948	6
501.168	9
501.388	7
501.608	7
501.828	4
502.048	9
502.268	10
502.488	6
502.708	7
502.928	7
503.149	13
503.369	8
503.589	11
503.809	9
504.029	5
504.249	8
504.469	8
504.689	5
504.909	7
505.129	8
505.35	9
505.57	3
505.79	13
506.01	12
506.23	10
506.45	8
506.67	7
506.89	10
507.11	12
507.33	7
507.551	10
507.771	8
507.991	11
508.211	6
508.431	6
508.651	9
508.871	10
509.091	7
509.311	14
509.531	13
509.752	14
509.972	6
510.192	11
510.412	14
510.632	16
510.852	9
511.072	10
511.292	4
511.512	7
511.732	11
511.953	6
512.173	15
512.393	8
512.613	11
512.833	10
513.053	9
513.273	14
513.493	6
513.713	8
513.933	6
514.154	9
514.374	13
514.594	13
514.814	7
515.034	11
515.254	2
515.474	6
515.694	12
515.914	5
516.135	9
516.355	8
516.575	7
516.795	8
517.015	6
517.235	10
517.455	8
517.675	10
517.895	6
518.115	12
518.336	5
518.556	5
518.776	9
518.996	6
519.216	11
519.436	11
519.656	8
519.876	11
520.096	7
520.316	5
520.536	10
520.757	3
520.977	4
521.197	7
521.417	10
521.637	6
521.857	4
522.077	10
522.297	11
522.517	7
522.737	6
522.958	7
523.178	6
523.398	6
523.618	6
523.838	12
524.058	10
524.278	5
524.498	9
524.718	11
524.938	7
525.159	16
525.379	7
525.599	4
525.819	7
526.039	9
526.259	9
526.479	8
526.699	10
526.919	6
527.14	10
527.36	11
527.58	8
527.8	8
528.02	8
528.24	9
528.46	11
528.68	10
528.9	7
529.12	5
529.341	12
529.561	11
529.781	10
530.001	11
530.221	9
530.441	17
530.661	6
530.881	13
531.101	15
531.321	13
531.541	6
531.762	8
531.982	5
532.202	7
532.422	4
532.642	9
532.862	9
533.082	12
533.302	5
533.522	7
533.742	11
533.963	9
534.183	7
534.403	7
534.623	11
534.843	10
535.063	6
535.283	8
535.503	8
535.723	15
535.943	4
536.164	10
536.384	8
536.604	7
536.824	5
537.044	8
537.264	7
537.484	7
537.704	9
537.924	5
538.144	7
538.365	10
538.585	10
538.805	12
539.025	11
539.245	8
539.465	7
539.685	5
539.905	13
540.125	8
540.346	15
540.566	11
540.786	7
541.006	6
541.226	5
541.446	17
541.666	8
541.886	9
542.106	4
542.326	9
542.546	11
542.767	15
542.987	11
543.207	11
543.427	8
543.647	10
543.867	8
544.087	8
544.307	8
544.527	8
544.747	8
544.968	9
545.188	10
545.408	8
545.628	15
545.848	7
546.068	6
546.288	6
546.508	7
546.728	7
546.948	11
547.169	6
547.389	14
547.609	9
547.829	16
548.049	12
548.269	7
548.489	7
548.709	4
548.929	9
549.149	10
549.37	11
549.59	5
549.81	10
550.03	13
550.25	9
550.47	6
550.69	5
550.91	7
551.13	2
551.351	7
551.571	5
551.791	7
552.011	10
552.231	9
552.451	13
552.671	7
552.891	8
553.111	4
553.331	8
553.551	10
553.772	6
553.992	8
554.212	6
554.432	7
554.652	9
554.872	10
555.092	9
555.312	6
555.532	4
555.752	9
555.973	11
556.193	13
556.413	5
556.633	17
556.853	12
557.073	11
557.293	11
557.513	8
557.733	6
557.953	4
558.174	13
558.394	10
558.614	10
558.834	10
559.054	12
559.274	8
559.494	9
559.714	10
559.934	7
560.154	7
560.375	7
560.595	13
560.815	10
561.035	15
561.255	7
561.475	11
561.695	7
561.915	4
562.135	7
562.356	2
562.576	4
562.796	11
563.016	8
563.236	11
563.456	7
563.676	13
563.896	8
564.116	7
564.336	9
564.557	12
564.777	9
564.997	9
565.217	9
565.437	8
565.657	8
565.877	7
566.097	11
566.317	5
566.537	5
566.757	6
566.978	9
567.198	8
567.418	5
567.638	11
567.858	5
568.078	4
568.298	11
568.518	11
568.738	13
568.958	9
569.179	8
569.399	7
569.619	5
569.839	2
570.059	8
570.279	11
570.499	8
570.719	13
570.939	8
571.159	9
571.38	7
571.6	12
571.82	7
572.04	10
572.26	13
572.48	11
572.7	10
572.92	2
573.14	6
573.361	11
573.581	12
573.801	8
574.021	7
574.241	12
574.461	18
574.681	6
574.901	7
575.121	11
575.341	8
575.562	11
575.782	7
576.002	6
576.222	9
576.442	10
576.662	6
576.882	5
577.102	12
577.322	8
577.542	10
577.762	13
577.983	12
578.203	11
578.423	7
578.643	12
578.863	4
579.083	5
579.303	4
579.523	6
579.743	10
579.963	9
580.184	7
580.404	10
580.624	13
580.844	8
581.064	9
581.284	12
581.504	12
581.724	9
581.944	10
582.164	5
582.385	7
582.605	7
582.825	9
583.045	6
583.265	12
583.485	12
583.705	10
583.925	8
584.145	9
584.366	8
584.586	7
584.806	13
585.026	10
585.246	10
585.466	16
585.686	11
585.906	9
586.126	12
586.346	6
586.567	6
586.787	8
587.007	12
587.227	5
587.447	5
587.667	6
587.887	11
588.107	8
588.327	14
588.547	10
588.767	9
588.988	12
589.208	5
589.428	15
589.648	4
589.868	6
590.088	8
590.308	3
590.528	11
590.748	9
590.968	12
591.189	12
591.409	6
591.629	12
591.849	9
592.069	8
592.289	5
592.509	8
592.729	10
592.949	6
593.169	12
593.39	10
593.61	6
593.83	11
594.05	11
594.27	8
594.49	6
594.71	3
594.93	8
595.15	8
595.37	10
595.591	8
595.811	13
596.031	8
596.251	6
596.471	10
596.691	9
596.911	13
597.131	11
597.351	8
597.572	1
597.792	9
598.012	7
598.232	6
598.452	7
598.672	8
598.892	8
599.112	9
599.332	9
599.552	8
599.772	8
599.993	8
600.213	6
600.433	8
600.653	9
600.873	7
601.093	9
601.313	4
601.533	8
601.753	15
601.973	11
602.194	9
602.414	5
602.634	10
602.854	13
603.074	15
603.294	19
603.514	9
603.734	9
603.954	11
604.174	11
604.395	8
604.615	9
604.835	6
605.055	8
605.275	8
605.495	6
605.715	5
605.935	11
606.155	6
606.375	8
606.596	8
606.816	9
607.036	14
607.256	6
607.476	8
607.696	15
607.916	21
608.136	10
608.356	10
608.577	5
608.797	10
609.017	11
609.237	8
609.457	9
609.677	8
609.897	11
610.117	9
610.337	10
610.557	10
610.777	12
610.998	6
611.218	5
611.438	4
611.658	3
611.878	10
612.098	6
612.318	15
612.538	14
612.758	12
612.978	5
613.199	8
613.419	9
613.639	10
613.859	6
614.079	6
614.299	13
614.519	3
614.739	14
614.959	10
615.179	9
615.4	10
615.62	8
615.84	10
616.06	9
616.28	6
616.5	6
616.72	5
616.94	8
617.16	7
617.38	9
617.601	11
617.821	14
618.041	9
618.261	11
618.481	8
618.701	12
618.921	9
619.141	13
619.361	9
619.582	8
619.802	4
620.022	4
620.242	10
620.462	8
620.682	10
620.902	13
621.122	9
621.342	10
621.562	9
621.783	10
622.003	3
622.223	8
622.443	8
622.663	7
622.883	10
623.103	5
623.323	11
623.543	7
623.763	6
623.983	6
624.204	8
624.424	7
624.644	10
624.864	9
625.084	7
625.304	11
625.524	7
625.744	3
625.964	14
626.184	9
626.405	18
626.625	9
626.845	5
627.065	6
627.285	6
627.505	16
627.725	13
627.945	3
628.165	2
628.385	9
628.606	10
628.826	7
629.046	5
629.266	13
629.486	10
629.706	9
629.926	10
630.146	10
630.366	11
630.587	6
630.807	5
631.027	9
631.247	8
631.467	6
631.687	8
631.907	10
632.127	10
632.347	10
632.567	9
632.788	8
633.008	9
633.228	6
633.448	11
633.668	13
633.888	8
634.108	10
634.328	6
634.548	6
634.768	1
634.988	9
635.209	7
635.429	11
635.649	11
635.869	4
636.089	6
636.309	11
636.529	5
636.749	7
636.969	4
637.189	10
637.41	5
637.63	9
637.85	7
638.07	9
638.29	14
638.51	17
638.73	9
638.95	12
639.17	11
639.39	12
639.611	8
639.831	16
640.051	5
640.271	11
640.491	8
640.711	10
640.931	9
641.151	14
641.371	14
641.592	9
641.812	7
642.032	8
642.252	9
642.472	9
642.692	11
642.912	8
643.132	5
643.352	7
643.572	9
643.793	12
644.013	6
644.233	9
644.453	12
644.673	6
644.893	7
645.113	13
645.333	10
645.553	8
645.773	7
645.993	11
646.214	4
646.434	2
646.654	13
646.874	6
647.094	5
647.314	12
647.534	10
647.754	14
647.974	11
648.194	10
648.415	10
648.635	13
648.855	4
649.075	4
649.295	8
649.515	8
649.735	12
649.955	12
650.175	3
650.395	7
650.616	9
650.836	9
651.056	10
651.276	5
651.496	12
651.716	9
651.936	12
652.156	9
652.376	14
652.596	12
652.817	13
653.037	6
653.257	5
653.477	18
653.697	12
653.917	12
654.137	10
654.357	1
654.577	6
654.798	12
655.018	5
655.238	12
655.458	10
655.678	12
655.898	9
656.118	14
656.338	13
656.558	12
656.778	6
656.998	5
657.219	9
657.439	6
657.659	10
657.879	3
658.099	10
658.319	9
658.539	10
658.759	10
658.979	6
659.199	8
659.42	10
659.64	7
659.86	9
660.08	6
660.3	6
660.52	17
660.74	7
660.96	7
661.18	7
661.4	12
661.621	4
661.841	9
662.061	7
662.281	9
662.501	11
662.721	2
662.941	15
663.161	9
663.381	6
663.601	10
663.822	12
664.042	7
664.262	9
664.482	9
664.702	8
664.922	4
665.142	9
665.362	8
665.582	10
665.803	7
666.023	8
666.243	9
666.463	17
666.683	20
666.903	12
667.123	7
667.343	13
667.563	10
667.783	9
668.003	12
668.224	11
668.444	12
668.664	13
668.884	5
669.104	4
669.324	13
669.544	10
669.764	6
669.984	13
670.204	7
670.425	7
670.645	18
670.865	13
671.085	8
671.305	14
671.525	9
671.745	9
671.965	11
672.185	10
672.405	10
672.626	10
672.846	8
673.066	8
673.286	7
673.506	10
673.726	10
673.946	8
674.166	11
674.386	8
674.606	9
674.827	12
675.047	8
675.267	12
675.487	11
675.707	8
675.927	8
676.147	12
676.367	10
676.587	13
676.808	10
677.028	6
677.248	5
677.468	10
677.688	7
677.908	9
678.128	7
678.348	2
678.568	8
678.788	11
679.008	5
679.229	5
679.449	7
679.669	9
679.889	8
680.109	9
680.329	10
680.549	7
680.769	7
680.989	9
681.209	8
681.43	12
681.65	3
681.87	2
682.09	21
682.31	6
682.53	11
682.75	11
682.97	9
683.19	8
683.41	9
683.631	10
683.851	11
684.071	9
684.291	11
684.511	10
684.731	8
684.951	6
685.171	6
685.391	5
685.611	7
685.832	11
686.052	6
686.272	14
686.492	6
686.712	9
686.932	10
687.152	11
687.372	6
687.592	7
687.813	3
688.033	5
688.253	9
688.473	10
688.693	11
688.913	8
689.133	5
689.353	4
689.573	10
689.793	6
690.014	10
690.234	11
690.454	12
690.674	17
690.894	7
691.114	10
691.334	8
691.554	13
691.774	7
691.994	9
692.214	5
692.435	9
692.655	16
692.875	11
693.095	7
693.315	11
693.535	10
693.755	9
693.975	12
694.195	7
694.415	8
694.636	6
694.856	7
695.076	10
695.296	14
695.516	11
695.736	7
695.956	6
696.176	11
696.396	15
696.616	6
696.837	8
697.057	7
697.277	5
697.497	7
697.717	9
697.937	6
698.157	9
698.377	13
698.597	9
698.818	6
699.038	14
699.258	12
699.478	6
699.698	9
699.918	12
700.138	5
700.358	9
700.578	10
700.798	11
701.019	9
701.239	11
701.459	9
701.679	9
701.899	12
702.119	14
702.339	10
702.559	8
702.779	10
702.999	6
703.219	6
703.44	7
703.66	6
703.88	8
704.1	7
704.32	9
704.54	5
704.76	8
704.98	19
705.2	9
705.42	13
705.641	13
705.861	10
706.081	11
706.301	7
706.521	10
706.741	9
706.961	12
707.181	8
707.401	8
707.621	6
707.842	11
708.062	11
708.282	6
708.502	12
708.722	12
708.942	7
709.162	10
709.382	10
709.602	13
709.822	16
710.043	12
710.263	9
710.483	8
710.703	14
710.923	9
711.143	12
711.363	8
711.583	4
711.803	7
712.024	9
712.244	9
712.464	15
712.684	15
712.904	9
713.124	10
713.344	9
713.564	11
713.784	9
714.004	16
714.224	8
714.445	12
714.665	8
714.885	12
715.105	10
715.325	7
715.545	16
715.765	5
715.985	9
716.205	9
716.425	10
716.646	12
716.866	11
717.086	11
717.306	6
717.526	6
717.746	12
717.966	4
718.186	11
718.406	9
718.626	13
718.847	10
719.067	16
719.287	11
719.507	11
719.727	14
719.947	11
720.167	7
720.387	10
720.607	6
720.827	12
721.048	14
721.268	7
721.488	10
721.708	10
721.928	17
722.148	3
722.368	11
722.588	5
722.808	10
723.029	6
723.249	10
723.469	7
723.689	9
723.909	6
724.129	4
724.349	14
724.569	9
724.789	6
725.009	10
725.229	7
725.45	6
725.67	11
725.89	9
726.11	12
726.33	8
726.55	9
726.77	7
726.99	4
727.21	13
727.43	7
727.651	6
727.871	12
728.091	12
728.311	9
728.531	5
728.751	10
728.971	9
729.191	13
729.411	11
729.631	14
729.852	10
730.072	9
730.292	15
730.512	6
730.732	10
730.952	10
731.172	13
731.392	14
731.612	8
731.832	8
732.053	12
732.273	12
732.493	12
732.713	7
732.933	5
733.153	5
733.373	13
733.593	9
733.813	12
734.034	8
734.254	18
734.474	11
734.694	9
734.914	15
735.134	11
735.354	9
735.574	7
735.794	8
736.014	13
736.234	9
736.455	3
736.675	9
736.895	13
737.115	14
737.335	8
737.555	7
737.775	9
737.995	16
738.215	10
738.435	9
738.656	6
738.876	9
739.096	9
739.316	11
739.536	5
739.756	5
739.976	6
740.196	8
740.416	5
740.636	15
740.857	6
741.077	8
741.297	10
741.517	8
741.737	10
741.957	18
742.177	5
742.397	2
742.617	15
742.837	8
743.058	7
743.278	9
743.498	10
743.718	8
743.938	18
744.158	11
744.378	7
744.598	6
744.818	15
745.039	7
745.259	14
745.479	9
745.699	9
745.919	10
746.139	6
746.359	9
746.579	14
746.799	12
747.019	4
747.24	13
747.46	10
747.68	7
747.9	11
748.12	11
748.34	16
748.56	10
748.78	8
749	8
749.22	11
749.44	13
749.661	11
749.881	13
750.101	15
750.321	7
750.541	7
750.761	10
750.981	9
751.201	7
751.421	6
751.641	8
751.862	8
752.082	9
752.302	18
752.522	10
752.742	7
752.962	6
753.182	11
753.402	8
753.622	8
753.842	10
754.063	15
754.283	11
754.503	6
754.723	14
754.943	6
755.163	8
755.383	6
755.603	10
755.823	7
756.043	6
756.264	14
756.484	6
756.704	13
756.924	15
757.144	14
757.364	10
757.584	17
757.804	10
758.024	16
758.245	17
758.465	11
758.685	13
758.905	7
759.125	16
759.345	8
759.565	10
759.785	7
760.005	7
760.225	10
760.445	18
760.666	10
760.886	8
761.106	10
761.326	7
761.546	11
761.766	9
761.986	2
762.206	8
762.426	10
762.646	17
762.867	12
763.087	9
763.307	9
763.527	10
763.747	10
763.967	13
764.187	7
764.407	11
764.627	8
764.847	6
765.068	6
765.288	6
765.508	14
765.728	5
765.948	9
766.168	3
766.388	14
766.608	9
766.828	9
767.048	6
767.269	10
767.489	13
767.709	11
767.929	13
768.149	18
768.369	11
768.589	11
768.809	8
769.029	9
769.25	15
769.47	9
769.69	6
769.91	9
770.13	9
770.35	4
770.57	8
770.79	14
771.01	6
771.23	3
771.45	7
771.671	7
771.891	13
772.111	14
772.331	8
772.551	9
772.771	9
772.991	9
773.211	15
773.431	17
773.651	15
773.872	9
774.092	9
774.312	12
774.532	9
774.752	14
774.972	10
775.192	12
775.412	9
775.632	8
775.852	8
776.073	7
776.293	5
776.513	12
776.733	9
776.953	10
777.173	11
777.393	20
777.613	7
777.833	7
778.053	11
778.274	9
778.494	10
778.714	7
778.934	13
779.154	7
779.374	11
779.594	14
779.814	13
780.034	6
780.255	15
780.475	12
780.695	11
780.915	7
781.135	11
781.355	12
781.575	10
781.795	8
782.015	7
782.235	2
782.455	8
782.676	9
782.896	12
783.116	10
783.336	10
783.556	11
783.776	13
783.996	12
784.216	14
784.436	12
784.656	11
784.877	10
785.097	14
785.317	11
785.537	11
785.757	9
785.977	10
786.197	7
786.417	13
786.637	13
786.857	8
787.078	8
787.298	7
787.518	11
787.738	16
787.958	13
788.178	13
788.398	11
788.618	12
788.838	6
789.058	9
789.279	8
789.499	14
789.719	8
789.939	11
790.159	8
790.379	11
790.599	15
790.819	12
791.039	10
791.26	11
791.48	5
791.7	9
791.92	13
792.14	9
792.36	7
792.58	12
792.8	8
793.02	17
793.24	4
793.46	9
793.681	7
793.901	7
794.121	11
794.341	14
794.561	9
794.781	10
795.001	14
795.221	10
795.441	7
795.661	13
795.882	8
796.102	14
796.322	11
796.542	4
796.762	11
796.982	8
797.202	13
797.422	6
797.642	13
797.862	11
798.083	6
798.303	10
798.523	14
798.743	6
798.963	10
799.183	12
799.403	12
799.623	9
799.843	13
800.063	10
800.284	7
800.504	15
800.724	9
800.944	7
801.164	11
801.384	6
801.604	14
801.824	9
802.044	10
802.265	10
802.485	10
802.705	9
802.925	15
803.145	10
803.365	6
803.585	10
803.805	11
804.025	7
804.245	14
804.466	11
804.686	8
804.906	16
805.126	5
805.346	9
805.566	11
805.786	14
806.006	11
806.226	17
806.446	12
806.666	12
806.887	4
807.107	7
807.327	9
807.547	11
807.767	8
807.987	8
808.207	6
808.427	7
808.647	11
808.867	7
809.088	10
809.308	8
809.528	9
809.748	10
809.968	13
810.188	10
810.408	8
810.628	13
810.848	7
811.068	10
811.289	6
811.509	11
811.729	7
811.949	13
812.169	9
812.389	13
812.609	15
812.829	9
813.049	8
813.269	11
813.49	8
813.71	7
813.93	9
814.15	10
814.37	6
814.59	8
814.81	10
815.03	11
815.25	10
815.471	11
815.691	7
815.911	13
816.131	14
816.351	13
816.571	6
816.791	17
817.011	11
817.231	14
817.451	26
817.671	15
817.892	10
818.112	10
818.332	12
818.552	9
818.772	7
818.992	9
819.212	11
819.432	12
819.652	12
819.872	10
820.093	10
820.313	7
820.533	10
820.753	9
820.973	9
821.193	8
821.413	6
821.633	17
821.853	14
822.073	11
822.294	9
822.514	6
822.734	9
822.954	8
823.174	7
823.394	12
823.614	10
823.834	11
824.054	15
824.274	12
824.495	11
824.715	8
824.935	9
825.155	8
825.375	11
825.595	8
825.815	17
826.035	15
826.255	7
826.476	9
826.696	15
826.916	11
827.136	7
827.356	9
827.576	9
827.796	10
828.016	16
828.236	12
828.456	18
828.676	16
828.897	16
829.117	10
829.337	5
829.557	10
829.777	8
829.997	11
830.217	7
830.437	24
830.657	8
830.877	12
831.098	20
831.318	10
831.538	13
831.758	10
831.978	13
832.198	12
832.418	8
832.638	11
832.858	12
833.078	8
833.299	9
833.519	11
833.739	12
833.959	10
834.179	13
834.399	14
834.619	9
834.839	8
835.059	8
835.279	9
835.5	12
835.72	12
835.94	15
836.16	12
836.38	9
836.6	14
836.82	11
837.04	8
837.26	11
837.481	9
837.701	9
837.921	10
838.141	13
838.361	10
838.581	5
838.801	8
839.021	8
839.241	16
839.461	14
839.681	7
839.902	13
840.122	13
840.342	16
840.562	11
840.782	7
841.002	9
841.222	18
841.442	8
841.662	10
841.882	9
842.103	14
842.323	11
842.543	9
842.763	12
842.983	18
843.203	16
843.423	10
843.643	23
843.863	11
844.083	7
844.304	9
844.524	8
844.744	15
844.964	7
845.184	12
845.404	14
845.624	6
845.844	10
846.064	16
846.284	10
846.505	7
846.725	6
846.945	13
847.165	8
847.385	14
847.605	12
847.825	16
848.045	14
848.265	8
848.486	11
848.706	11
848.926	18
849.146	12
849.366	12
849.586	7
849.806	7
850.026	11
850.246	6
850.466	9
850.686	16
850.907	12
851.127	15
851.347	11
851.567	9
851.787	22
852.007	14
852.227	11
852.447	10
852.667	3
852.887	7
853.108	15
853.328	9
853.548	17
853.768	12
853.988	9
854.208	12
854.428	13
854.648	10
854.868	11
855.088	7
855.309	13
855.529	10
855.749	13
855.969	10
856.189	11
856.409	10
856.629	6
856.849	8
857.069	16
857.289	10
857.51	8
857.73	10
857.95	10
858.17	15
858.39	10
858.61	9
858.83	9
859.05	10
859.27	11
859.491	7
859.711	14
859.931	7
860.151	7
860.371	14
860.591	7
860.811	9
861.031	9
861.251	13
861.471	10
861.691	8
861.912	10
862.132	13
862.352	11
862.572	13
862.792	15
863.012	7
863.232	7
863.452	11
863.672	9
863.892	10
864.113	17
864.333	17
864.553	14
864.773	12
864.993	13
865.213	15
865.433	3
865.653	11
865.873	8
866.093	10
866.314	19
866.534	9
866.754	16
866.974	12
867.194	14
867.414	19
867.634	11
867.854	11
868.074	9
868.294	20
868.515	4
868.735	11
868.955	8
869.175	15
869.395	11
869.615	10
869.835	13
870.055	14
870.275	11
870.495	8
870.716	19
870.936	12
871.156	20
871.376	17
871.596	9
871.816	15
872.036	12
872.256	15
872.476	9
872.697	6
872.917	11
873.137	16
873.357	7
873.577	8
873.797	13
874.017	14
874.237	15
874.457	10
874.677	11
874.897	8
875.118	8
875.338	11
875.558	16
875.778	19
875.998	13
876.218	8
876.438	17
876.658	10
876.878	7
877.098	10
877.319	15
877.539	15
877.759	13
877.979	13
878.199	15
878.419	9
878.639	15
878.859	13
879.079	14
879.299	4
879.52	11
879.74	12
879.96	7
880.18	17
880.4	12
880.62	9
880.84	9
881.06	15
881.28	16
881.5	11
881.721	16
881.941	16
882.161	12
882.381	18
882.601	11
882.821	16
883.041	8
883.261	9
883.481	14
883.702	5
883.922	12
884.142	9
884.362	16
884.582	12
884.802	6
885.022	9
885.242	10
885.462	13
885.682	18
885.902	15
886.123	7
886.343	21
886.563	17
886.783	9
887.003	15
887.223	11
887.443	10
887.663	9
887.883	13
888.103	13
888.324	15
888.544	11
888.764	17
888.984	9
889.204	10
889.424	19
889.644	11
889.864	10
890.084	16
890.304	15
890.525	8
890.745	14
890.965	14
891.185	19
891.405	11
891.625	8
891.845	12
892.065	7
892.285	10
892.505	14
892.726	20
892.946	9
893.166	13
893.386	17
893.606	18
893.826	18
894.046	19
894.266	13
894.486	13
894.707	10
894.927	7
895.147	14
895.367	15
895.587	15
895.807	11
896.027	8
896.247	11
896.467	12
896.687	10
896.907	18
897.128	11
897.348	14
897.568	11
897.788	12
898.008	8
898.228	9
898.448	18
898.668	14
898.888	13
899.108	13
899.329	9
899.549	14
899.769	21
899.989	20
900.209	12
900.429	12
900.649	13
900.869	13
901.089	14
901.309	16
901.53	12
901.75	12
901.97	10
902.19	12
902.41	12
902.63	14
902.85	10
903.07	15
903.29	19
903.51	12
903.731	9
903.951	14
904.171	8
904.391	13
904.611	9
904.831	17
905.051	16
905.271	12
905.491	11
905.712	10
905.932	17
906.152	13
906.372	16
906.592	12
906.812	13
907.032	16
907.252	14
907.472	17
907.692	17
907.912	13
908.133	10
908.353	10
908.573	16
908.793	11
909.013	18
909.233	15
909.453	14
909.673	18
909.893	9
910.113	17
910.334	14
910.554	21
910.774	16
910.994	18
911.214	20
911.434	12
911.654	17
911.874	11
912.094	12
912.314	12
912.535	19
912.755	10
912.975	16
913.195	11
913.415	12
913.635	22
913.855	9
914.075	21
914.295	11
914.515	14
914.736	9
914.956	10
915.176	16
915.396	12
915.616	17
915.836	18
916.056	10
916.276	18
916.496	12
916.717	15
916.937	10
917.157	16
917.377	15
917.597	15
917.817	4
918.037	12
918.257	18
918.477	15
918.697	21
918.917	12
919.138	12
919.358	10
919.578	13
919.798	13
920.018	18
920.238	24
920.458	16
920.678	15
920.898	17
921.118	14
921.339	11
921.559	12
921.779	14
921.999	14
922.219	21
922.439	14
922.659	15
922.879	19
923.099	7
923.319	13
923.54	18
923.76	14
923.98	7
924.2	10
924.42	9
924.64	18
924.86	13
925.08	22
925.3	14
925.52	10
925.741	17
925.961	14
926.181	13
926.401	18
926.621	15
926.841	18
927.061	13
927.281	8
927.501	5
927.721	13
927.942	17
928.162	9
928.382	12
928.602	18
928.822	12
929.042	11
929.262	14
929.482	14
929.702	14
929.923	14
930.143	14
930.363	16
930.583	26
930.803	14
931.023	19
931.243	15
931.463	12
931.683	16
931.903	7
932.123	11
932.344	21
932.564	12
932.784	19
933.004	13
933.224	21
933.444	17
933.664	14
933.884	13
934.104	13
934.324	12
934.545	20
934.765	13
934.985	11
935.205	20
935.425	11
935.645	17
935.865	9
936.085	7
936.305	18
936.525	12
936.746	12
936.966	12
937.186	13
937.406	15
937.626	15
937.846	15
938.066	19
938.286	13
938.506	14
938.726	17
938.947	18
939.167	10
939.387	19
939.607	15
939.827	21
940.047	18
940.267	10
940.487	17
940.707	22
940.928	19
941.148	14
941.368	19
941.588	24
941.808	22
942.028	16
942.248	18
942.468	21
942.688	25
942.908	13
943.128	12
943.349	13
943.569	17
943.789	16
944.009	13
944.229	9
944.449	21
944.669	15
944.889	23
945.109	17
945.329	18
945.55	15
945.77	13
945.99	20
946.21	17
946.43	11
946.65	18
946.87	15
947.09	12
947.31	11
947.53	19
947.751	19
947.971	16
948.191	18
948.411	16
948.631	26
948.851	16
949.071	22
949.291	17
949.511	16
949.731	28
949.952	18
950.172	16
950.392	17
950.612	16
950.832	25
951.052	28
951.272	14
951.492	18
951.712	15
951.933	16
952.153	17
952.373	12
952.593	16
952.813	15
953.033	14
953.253	18
953.473	25
953.693	21
953.913	26
954.133	20
954.354	18
954.574	16
954.794	19
955.014	17
955.234	11
955.454	15
955.674	16
955.894	17
956.114	15
956.334	12
956.555	16
956.775	19
956.995	20
957.215	15
957.435	18
957.655	15
957.875	10
958.095	19
958.315	12
958.535	16
958.756	9
958.976	17
959.196	15
959.416	21
959.636	20
959.856	21
960.076	17
960.296	24
960.516	21
960.736	16
960.957	9
961.177	10
961.397	11
961.617	15
961.837	22
962.057	16
962.277	18
962.497	13
962.717	11
962.938	9
963.158	12
963.378	13
963.598	19
963.818	12
964.038	15
964.258	16
964.478	15
964.698	23
964.918	10
965.138	13
965.359	12
965.579	25
965.799	17
966.019	11
966.239	22
966.459	10
966.679	20
966.899	14
967.119	12
967.339	19
967.56	14
967.78	16
968	8
968.22	9
968.44	17
968.66	12
968.88	11
969.1	12
969.32	13
969.54	17
969.761	14
969.981	8
970.201	18
970.421	11
970.641	5
970.861	18
971.081	15
971.301	14
971.521	6
971.741	13
971.962	13
972.182	17
972.402	11
972.622	17
972.842	17
973.062	8
973.282	8
973.502	10
973.722	9
973.943	12
974.163	16
974.383	13
974.603	11
974.823	12
975.043	11
975.263	18
975.483	9
975.703	15
975.923	14
976.143	6
976.364	8
976.584	12
976.804	10
977.024	9
977.244	16
977.464	7
977.684	7
977.904	17
978.124	12
978.344	14
978.565	17
978.785	9
979.005	5
979.225	14
979.445	14
979.665	13
979.885	13
980.105	11
980.325	2
980.545	14
980.766	10
980.986	7
981.206	13
981.426	11
981.646	8
981.866	16
982.086	7
982.306	9
982.526	10
982.746	14
982.967	10
983.187	10
983.407	13
983.627	11
983.847	9
984.067	5
984.287	10
984.507	14
984.727	10
984.947	7
985.168	8
985.388	8
985.608	8
985.828	10
986.048	9
986.268	11
986.488	13
986.708	14
986.928	10
987.148	11
987.369	11
987.589	12
987.809	8
988.029	10
988.249	10
988.469	17
988.689	9
988.909	17
989.129	18
989.349	19
989.57	9
989.79	12
990.01	8
990.23	14
990.45	20
990.67	11
990.89	12
991.11	12
991.33	16
991.55	11
991.771	15
991.991	8
992.211	11
992.431	9
992.651	6
992.871	5
993.091	8
993.311	13
993.531	14
993.751	14
993.972	12
994.192	13
994.412	14
994.632	9
994.852	7
995.072	17
995.292	6
995.512	17
995.732	10
995.952	11
996.173	11
996.393	7
996.613	16
996.833	9
997.053	7
997.273	12
997.493	14
997.713	15
997.933	16
998.154	12
998.374	10
998.594	14
998.814	9
999.034	11
999.254	7
999.474	11
999.694	11
999.914	7
1000.13	13
1000.35	15
1000.57	9
1000.79	11
1001.01	10
1001.23	8
1001.45	8
1001.68	9
1001.9	11
1002.12	11
1002.34	15
1002.56	9
1002.78	9
1003	10
1003.22	5
1003.44	12
1003.66	13
1003.88	16
1004.1	5
1004.32	7
1004.54	10
1004.76	6
1004.98	14
1005.2	16
1005.42	9
1005.64	11
1005.86	12
1006.08	15
1006.3	7
1006.52	12
1006.74	12
1006.96	8
1007.18	10
1007.4	13
1007.62	10
1007.84	10
1008.06	9
1008.28	10
1008.5	13
1008.72	6
1008.94	8
1009.16	7
1009.38	10
1009.6	6
1009.82	8
1010.04	14
1010.26	13
1010.48	7
1010.7	11
1010.92	8
1011.14	9
1011.36	11
1011.58	14
1011.8	10
1012.02	7
1012.24	9
1012.46	10
1012.68	12
1012.9	8
1013.12	12
1013.34	15
1013.56	8
1013.78	12
1014	13
1014.22	13
1014.44	7
1014.66	17
1014.88	7
1015.1	8
1015.32	6
1015.54	3
1015.76	3
1015.98	16
1016.2	14
1016.42	9
1016.64	7
1016.86	9
1017.08	10
1017.3	9
1017.52	6
1017.74	14
1017.96	10
1018.18	10
1018.4	9
1018.62	14
1018.84	14
1019.06	12
1019.28	12
1019.5	13
1019.72	11
1019.94	9
1020.16	10
1020.38	10
1020.6	4
1020.82	11
1021.04	11
1021.26	10
1021.48	14
1021.7	13
1021.92	12
1022.14	10
1022.36	8
1022.58	15
1022.8	4
1023.02	10
1023.24	10
1023.46	12
1023.69	14
1023.91	7
1024.13	5
1024.35	14
1024.57	6
1024.79	9
1025.01	9
1025.23	8
1025.45	9
1025.67	4
1025.89	8
1026.11	9
1026.33	16
1026.55	10
1026.77	11
1026.99	7
1027.21	10
1027.43	13
1027.65	10
1027.87	12
1028.09	9
1028.31	13
1028.53	11
1028.75	10
1028.97	9
1029.19	9
1029.41	11
1029.63	13
1029.85	10
1030.07	10
1030.29	8
1030.51	7
1030.73	10
1030.95	8
1031.17	11
1031.39	13
1031.61	8
1031.83	8
1032.05	7
1032.27	8
1032.49	12
1032.71	10
1032.93	13
1033.15	9
1033.37	8
1033.59	8
1033.81	9
1034.03	12
1034.25	6
1034.47	15
1034.69	11
1034.91	15
1035.13	16
1035.35	10
1035.57	10
1035.79	7
1036.01	13
1036.23	15
1036.45	13
1036.67	13
1036.89	12
1037.11	12
1037.33	6
1037.55	11
1037.77	11
1037.99	9
1038.21	13
1038.43	10
1038.65	7
1038.87	9
1039.09	14
1039.31	9
1039.53	4
1039.75	6
1039.97	11
1040.19	9
1040.41	14
1040.63	14
1040.85	20
1041.07	10
1041.29	6
1041.51	16
1041.73	12
1041.95	9
1042.17	16
1042.39	12
1042.61	8
1042.83	12
1043.05	9
1043.27	12
1043.49	18
1043.71	14
1043.93	9
1044.15	9
1044.37	6
1044.59	9
1044.81	9
1045.03	4
1045.25	5
1045.47	6
1045.7	11
1045.92	16
1046.14	15
1046.36	11
1046.58	11
1046.8	10
1047.02	18
1047.24	11
1047.46	7
1047.68	10
1047.9	6
1048.12	9
1048.34	10
1048.56	8
1048.78	7
1049	11
1049.22	11
1049.44	11
1049.66	15
1049.88	11
1050.1	9
1050.32	16
1050.54	5
1050.76	4
1050.98	7
1051.2	10
1051.42	10
1051.64	9
1051.86	14
1052.08	10
1052.3	8
1052.52	5
1052.74	11
1052.96	9
1053.18	9
1053.4	9
1053.62	7
1053.84	8
1054.06	10
1054.28	4
1054.5	12
1054.72	12
1054.94	13
1055.16	12
1055.38	3
1055.6	7
1055.82	15
1056.04	9
1056.26	8
1056.48	4
1056.7	11
1056.92	10
1057.14	5
1057.36	10
1057.58	9
1057.8	11
1058.02	7
1058.24	14
1058.46	8
1058.68	7
1058.9	11
1059.12	9
1059.34	14
1059.56	7
1059.78	7
1060	12
1060.22	14
1060.44	8
1060.66	9
1060.88	12
1061.1	7
1061.32	7
1061.54	11
1061.76	8
1061.98	9
1062.2	3
1062.42	14
1062.64	16
1062.86	11
1063.08	7
1063.3	10
1063.52	17
1063.74	10
1063.96	12
1064.18	9
1064.4	8
1064.62	11
1064.84	9
1065.06	8
1065.28	5
1065.5	6
1065.72	8
1065.94	4
1066.16	5
1066.38	9
1066.6	9
1066.82	9
1067.04	8
1067.26	6
1067.48	10
1067.71	8
1067.93	11
1068.15	7
1068.37	17
1068.59	11
1068.81	12
1069.03	11
1069.25	11
1069.47	9
1069.69	14
1069.91	6
1070.13	12
1070.35	8
1070.57	6
1070.79	12
1071.01	12
1071.23	9
1071.45	11
1071.67	5
1071.89	11
1072.11	6
1072.33	11
1072.55	15
1072.77	9
1072.99	10
1073.21	7
1073.43	12
1073.65	11
1073.87	9
1074.09	3
1074.31	10
1074.53	10
1074.75	5
1074.97	14
1075.19	7
1075.41	12
1075.63	6
1075.85	5
1076.07	13
1076.29	6
1076.51	16
1076.73	6
1076.95	11
1077.17	7
1077.39	8
1077.61	9
1077.83	8
1078.05	9
1078.27	10
1078.49	7
1078.71	7
1078.93	9
1079.15	9
1079.37	11
1079.59	5
1079.81	10
1080.03	7
1080.25	13
1080.47	8
1080.69	14
1080.91	8
1081.13	8
1081.35	5
1081.57	13
1081.79	11
1082.01	15
1082.23	9
1082.45	11
1082.67	8
1082.89	7
1083.11	9
1083.33	11
1083.55	12
1083.77	10
1083.99	10
1084.21	11
1084.43	8
1084.65	11
1084.87	12
1085.09	14
1085.31	13
1085.53	13
1085.75	13
1085.97	14
1086.19	11
1086.41	8
1086.63	11
1086.85	10
1087.07	11
1087.29	12
1087.51	9
1087.73	9
1087.95	13
1088.17	11
1088.39	8
1088.61	7
1088.83	7
1089.05	13
1089.27	13
1089.49	12
1089.72	13
1089.94	15
1090.16	8
1090.38	8
1090.6	15
1090.82	10
1091.04	5
1091.26	10
1091.48	10
1091.7	6
1091.92	9
1092.14	5
1092.36	9
1092.58	9
1092.8	6
1093.02	13
1093.24	8
1093.46	13
1093.68	14
1093.9	11
1094.12	13
1094.34	11
1094.56	12
1094.78	8
1095	18
1095.22	15
1095.44	11
1095.66	12
1095.88	8
1096.1	9
1096.32	7
1096.54	15
1096.76	10
1096.98	11
1097.2	16
1097.42	15
1097.64	7
1097.86	5
1098.08	4
1098.3	11
1098.52	7
1098.74	5
1098.96	13
1099.18	7
1099.4	12
1099.62	11
1099.84	12
1100.06	7
1100.28	10
1100.5	12
1100.72	12
1100.94	13
1101.16	12
1101.38	4
1101.6	10
1101.82	6
1102.04	6
1102.26	9
1102.48	8
1102.7	11
1102.92	9
1103.14	15
1103.36	7
1103.58	8
1103.8	13
1104.02	11
1104.24	8
1104.46	12
1104.68	6
1104.9	10
1105.12	16
1105.34	12
1105.56	15
1105.78	18
1106	11
1106.22	12
1106.44	9
1106.66	12
1106.88	13
1107.1	15
1107.32	10
1107.54	10
1107.76	9
1107.98	13
1108.2	10
1108.42	6
1108.64	10
1108.86	8
1109.08	11
1109.3	11
1109.52	16
1109.74	9
1109.96	13
1110.18	6
1110.4	5
1110.62	16
1110.84	14
1111.06	8
1111.28	13
1111.5	15
1111.73	15
1111.95	8
1112.17	8
1112.39	10
1112.61	17
1112.83	21
1113.05	22
1113.27	10
1113.49	15
1113.71	6
1113.93	12
1114.15	9
1114.37	12
1114.59	15
1114.81	14
1115.03	12
1115.25	11
1115.47	9
1115.69	16
1115.91	19
1116.13	13
1116.35	8
1116.57	8
1116.79	6
1117.01	13
1117.23	16
1117.45	8
1117.67	6
1117.89	15
1118.11	8
1118.33	9
1118.55	11
1118.77	10
1118.99	13
1119.21	17
1119.43	16
1119.65	9
1119.87	9
1120.09	13
1120.31	15
1120.53	12
1120.75	11
1120.97	11
1121.19	13
1121.41	7
1121.63	5
1121.85	9
1122.07	9
1122.29	6
1122.51	7
1122.73	5
1122.95	12
1123.17	5
1123.39	10
1123.61	9
1123.83	9
1124.05	9
1124.27	5
1124.49	4
1124.71	6
1124.93	6
1125.15	7
1125.37	15
1125.59	7
1125.81	10
1126.03	5
1126.25	8
1126.47	10
1126.69	5
1126.91	11
1127.13	5
1127.35	8
1127.57	4
1127.79	2
1128.01	4
1128.23	7
1128.45	9
1128.67	12
1128.89	12
1129.11	5
1129.33	8
1129.55	3
1129.77	6
1129.99	8
1130.21	9
1130.43	8
1130.65	14
1130.87	7
1131.09	4
1131.31	5
1131.53	7
1131.75	13
1131.97	7
1132.19	4
1132.41	6
1132.63	5
1132.85	6
1133.07	3
1133.29	10
1133.51	7
1133.74	6
1133.96	8
1134.18	6
1134.4	8
1134.62	9
1134.84	12
1135.06	6
1135.28	7
1135.5	6
1135.72	7
1135.94	5
1136.16	9
1136.38	9
1136.6	9
1136.82	2
1137.04	6
1137.26	6
1137.48	7
1137.7	4
1137.92	5
1138.14	8
1138.36	6
1138.58	4
1138.8	4
1139.02	5
1139.24	1
1139.46	2
1139.68	5
1139.9	2
1140.12	6
1140.34	4
1140.56	8
1140.78	8
1141	5
1141.22	5
1141.44	7
1141.66	2
1141.88	6
1142.1	5
1142.32	4
1142.54	8
1142.76	8
1142.98	6
1143.2	3
1143.42	9
1143.64	2
1143.86	6
1144.08	8
1144.3	6
1144.52	7
1144.74	1
1144.96	1
1145.18	7
1145.4	5
1145.62	6
1145.84	9
1146.06	6
1146.28	7
1146.5	4
1146.72	9
1146.94	12
1147.16	8
1147.38	9
1147.6	7
1147.82	1
1148.04	5
1148.26	4
1148.48	7
1148.7	5
1148.92	7
1149.14	7
1149.36	9
1149.58	4
1149.8	8
1150.02	5
1150.24	11
1150.46	5
1150.68	6
1150.9	10
1151.12	6
1151.34	5
1151.56	7
1151.78	3
1152	4
1152.22	8
1152.44	4
1152.66	3
1152.88	5
1153.1	2
1153.32	8
1153.54	4
1153.76	3
1153.98	5
1154.2	4
1154.42	5
1154.64	2
1154.86	9
1155.08	11
1155.3	4
1155.52	5
1155.75	7
1155.97	5
1156.19	4
1156.41	7
1156.63	4
1156.85	9
1157.07	7
1157.29	5
1157.51	6
1157.73	7
1157.95	3
1158.17	1
1158.39	4
1158.61	4
1158.83	5
1159.05	11
1159.27	5
1159.49	3
1159.71	1
1159.93	5
1160.15	4
1160.37	5
1160.59	4
1160.81	3
1161.03	5
1161.25	8
1161.47	4
1161.69	7
1161.91	5
1162.13	3
1162.35	3
1162.57	3
1162.79	3
1163.01	9
1163.23	6
1163.45	5
1163.67	4
1163.89	3
1164.11	8
1164.33	5
1164.55	6
1164.77	5
1164.99	8
1165.21	6
1165.43	7
1165.65	5
1165.87	5
1166.09	7
1166.31	3
1166.53	8
1166.75	10
1166.97	3
1167.19	4
1167.41	3
1167.63	4
1167.85	5
1168.07	7
1168.29	5
1168.51	9
1168.73	6
1168.95	7
1169.17	7
1169.39	3
1169.61	6
1169.83	4
1170.05	4
1170.27	3
1170.49	3
1170.71	5
1170.93	5
1171.15	6
1171.37	5
1171.59	8
1171.81	5
1172.03	8
1172.25	4
1172.47	7
1172.69	5
1172.91	4
1173.13	10
1173.35	11
1173.57	6
1173.79	15
1174.01	18
1174.23	35
1174.45	41
1174.67	57
1174.89	85
1175.11	172
1175.33	257
1175.55	350
1175.77	405
1175.99	544
1176.21	547
1176.43	558
1176.65	517
1176.87	413
1177.09	305
1177.31	207
1177.53	146
1177.76	78
1177.98	54
1178.2	41
1178.42	13
1178.64	9
1178.86	6
1179.08	4
1179.3	6
1179.52	4
1179.74	3
1179.96	6
1180.18	9
1180.4	6
1180.62	3
1180.84	4
1181.06	3
1181.28	2
1181.5	10
1181.72	8
1181.94	3
1182.16	5
1182.38	4
1182.6	2
1182.82	3
1183.04	2
1183.26	4
1183.48	4
1183.7	3
1183.92	8
1184.14	4
1184.36	6
1184.58	3
1184.8	2
1185.02	7
1185.24	6
1185.46	1
1185.68	2
1185.9	2
1186.12	1
1186.34	4
1186.56	6
1186.78	6
1187	3
1187.22	4
1187.44	3
1187.66	6
1187.88	6
1188.1	4
1188.32	6
1188.54	5
1188.76	3
1188.98	2
1189.2	7
1189.42	8
1189.64	3
1189.86	4
1190.08	6
1190.3	4
1190.52	4
1190.74	3
1190.96	3
1191.18	3
1191.4	4
1191.62	0
1191.84	3
1192.06	5
1192.28	4
1192.5	2
1192.72	6
1192.94	4
1193.16	1
1193.38	4
1193.6	7
1193.82	7
1194.04	2
1194.26	7
1194.48	2
1194.7	2
1194.92	5
1195.14	0
1195.36	0
1195.58	2
1195.8	3
1196.02	5
1196.24	3
1196.46	3
1196.68	1
1196.9	3
1197.12	5
1197.34	2
1197.56	6
1197.78	3
1198	1
1198.22	3
1198.44	1
1198.66	1
1198.88	2
1199.1	1
1199.32	2
1199.54	3
1199.77	4
1199.99	4
1200.21	4
1200.43	1
1200.65	1
1200.87	2
1201.09	10
1201.31	4
1201.53	4
1201.75	5
1201.97	1
1202.19	4
1202.41	4
1202.63	2
1202.85	2
1203.07	7
1203.29	1
1203.51	2
1203.73	3
1203.95	1
1204.17	5
1204.39	2
1204.61	2
1204.83	5
1205.05	4
1205.27	5
1205.49	7
1205.71	1
1205.93	2
1206.15	1
1206.37	2
1206.59	5
1206.81	4
1207.03	0
1207.25	2
1207.47	1
1207.69	6
1207.91	3
1208.13	5
1208.35	5
1208.57	2
1208.79	0
1209.01	0
1209.23	2
1209.45	1
1209.67	3
1209.89	3
1210.11	5
1210.33	4
1210.55	2
1210.77	0
1210.99	3
1211.21	1
1211.43	1
1211.65	3
1211.87	1
1212.09	3
1212.31	3
1212.53	6
1212.75	2
1212.97	3
1213.19	2
1213.41	4
1213.63	1
1213.85	1
1214.07	3
1214.29	0
1214.51	1
1214.73	2
1214.95	5
1215.17	3
1215.39	4
1215.61	5
1215.83	1
1216.05	1
1216.27	3
1216.49	1
1216.71	2
1216.93	3
1217.15	4
1217.37	4
1217.59	3
1217.81	2
1218.03	1
1218.25	3
1218.47	0
1218.69	4
1218.91	0
1219.13	4
1219.35	1
1219.57	1
1219.79	4
1220.01	1
1220.23	3
1220.45	3
1220.67	4
1220.89	2
1221.11	3
1221.33	3
1221.55	0
1221.78	1
1222	1
1222.22	6
1222.44	2
1222.66	0
1222.88	3
1223.1	3
1223.32	1
1223.54	1
1223.76	4
1223.98	0
1224.2	1
1224.42	2
1224.64	0
1224.86	1
1225.08	1
1225.3	3
1225.52	2
1225.74	3
1225.96	1
1226.18	1
1226.4	0
1226.62	2
1226.84	2
1227.06	0
1227.28	1
1227.5	2
1227.72	2
1227.94	1
1228.16	1
1228.38	2
1228.6	2
1228.82	2
1229.04	3
1229.26	2
1229.48	3
1229.7	1
1229.92	2
1230.14	4
1230.36	1
1230.58	2
1230.8	0
1231.02	3
1231.24	1
1231.46	2
1231.68	0
1231.9	2
1232.12	3
1232.34	3
1232.56	3
1232.78	0
1233	2
1233.22	1
1233.44	0
1233.66	5
1233.88	1
1234.1	1
1234.32	3
1234.54	0
1234.76	1
1234.98	2
1235.2	0
1235.42	0
1235.64	3
1235.86	1
1236.08	2
1236.3	1
1236.52	2
1236.74	1
1236.96	1
1237.18	3
1237.4	1
1237.62	3
1237.84	0
1238.06	1
1238.28	1
1238.5	4
1238.72	2
1238.94	1
1239.16	0
1239.38	0
1239.6	1
1239.82	1
1240.04	3
1240.26	2
1240.48	0
1240.7	1
1240.92	2
1241.14	2
1241.36	2
1241.58	3
1241.8	2
1242.02	1
1242.24	1
1242.46	2
1242.68	2
1242.9	1
1243.12	1
1243.34	1
1243.57	2
1243.79	2
1244.01	0
1244.23	1
1244.45	0
1244.67	0
1244.89	1
1245.11	1
1245.33	1
1245.55	1
1245.77	3
1245.99	1
1246.21	1
1246.43	3
1246.65	0
1246.87	1
1247.09	1
1247.31	1
1247.53	1
1247.75	0
1247.97	4
1248.19	2
1248.41	0
1248.63	1
1248.85	2
1249.07	1
1249.29	0
1249.51	1
1249.73	1
1249.95	2
1250.17	0
1250.39	1
1250.61	1
1250.83	0
1251.05	0
1251.27	0
1251.49	2
1251.71	2
1251.93	2
1252.15	2
1252.37	2
1252.59	1
1252.81	0
1253.03	1
1253.25	0
1253.47	1
1253.69	0
1253.91	2
1254.13	0
1254.35	0
1254.57	0
1254.79	0
1255.01	1
1255.23	1
1255.45	2
1255.67	0
1255.89	2
1256.11	2
1256.33	0
1256.55	2
1256.77	1
1256.99	2
1257.21	2
1257.43	1
1257.65	0
1257.87	1
1258.09	3
1258.31	3
1258.53	1
1258.75	1
1258.97	2
1259.19	3
1259.41	2
1259.63	2
1259.85	1
1260.07	0
1260.29	1
1260.51	0
1260.73	1
1260.95	0
1261.17	0
1261.39	0
1261.61	0
1261.83	3
1262.05	2
1262.27	0
1262.49	1
1262.71	1
1262.93	2
1263.15	1
1263.37	1
1263.59	2
1263.81	1
1264.03	1
1264.25	3
1264.47	0
1264.69	0
1264.91	0
1265.13	0
1265.35	1
1265.58	0
1265.8	1
1266.02	1
1266.24	3
1266.46	1
1266.68	1
1266.9	1
1267.12	1
1267.34	1
1267.56	1
1267.78	0
1268	2
1268.22	0
1268.44	0
1268.66	0
1268.88	2
1269.1	2
1269.32	1
1269.54	1
1269.76	1
1269.98	1
1270.2	3
1270.42	0
1270.64	1
1270.86	1
1271.08	1
1271.3	2
1271.52	2
1271.74	1
1271.96	2
1272.18	2
1272.4	1
1272.62	2
1272.84	0
1273.06	1
1273.28	0
1273.5	0
1273.72	0
1273.94	0
1274.16	0
1274.38	0
1274.6	1
1274.82	0
1275.04	0
1275.26	0
1275.48	1
1275.7	0
1275.92	1
1276.14	0
1276.36	2
1276.58	1
1276.8	4
1277.02	1
1277.24	0
1277.46	0
1277.68	1
1277.9	0
1278.12	0
1278.34	2
1278.56	2
1278.78	3
1279	1
1279.22	0
1279.44	1
1279.66	1
1279.88	1
1280.1	0
1280.32	1
1280.54	0
1280.76	0
1280.98	0
1281.2	1
1281.42	0
1281.64	1
1281.86	0
1282.08	0
1282.3	2
1282.52	3
1282.74	2
1282.96	1
1283.18	0
1283.4	0
1283.62	1
1283.84	2
1284.06	1
1284.28	0
1284.5	0
1284.72	1
1284.94	2
1285.16	1
1285.38	2
1285.6	0
1285.82	3
1286.04	1
1286.26	0
1286.48	0
1286.7	1
1286.92	0
1287.14	1
1287.36	0
1287.59	0
1287.81	1
1288.03	1
1288.25	1
1288.47	2
1288.69	1
1288.91	0
1289.13	4
1289.35	2
1289.57	0
1289.79	1
1290.01	2
1290.23	1
1290.45	1
1290.67	0
1290.89	2
1291.11	0
1291.33	0
1291.55	0
1291.77	0
1291.99	3
1292.21	1
1292.43	4
1292.65	1
1292.87	0
1293.09	0
1293.31	0
1293.53	2
1293.75	0
1293.97	0
1294.19	0
1294.41	1
1294.63	0
1294.85	1
1295.07	1
1295.29	0
1295.51	0
1295.73	1
1295.95	1
1296.17	2
1296.39	0
1296.61	1
1296.83	0
1297.05	3
1297.27	2
1297.49	1
1297.71	0
1297.93	1
1298.15	0
1298.37	0
1298.59	1
1298.81	1
1299.03	0
1299.25	1
1299.47	0
1299.69	4
1299.91	2
1300.13	1
1300.35	1
1300.57	1
1300.79	1
1301.01	0
1301.23	0
1301.45	1
1301.67	0
1301.89	0
1302.11	1
1302.33	2
1302.55	1
1302.77	1
1302.99	2
1303.21	1
1303.43	0
1303.65	0
1303.87	0
1304.09	1
1304.31	0
1304.53	0
1304.75	1
1304.97	1
1305.19	0
1305.41	0
1305.63	0
1305.85	0
1306.07	2
1306.29	0
1306.51	1
1306.73	0
1306.95	2
1307.17	0
1307.39	1
1307.61	1
1307.83	0
1308.05	0
1308.27	0
1308.49	1
1308.71	0
1308.93	0
1309.15	1
1309.37	1
1309.6	0
1309.82	0
1310.04	1
1310.26	0
1310.48	0
1310.7	2
1310.92	2
1311.14	0
1311.36	1
1311.58	1
1311.8	2
1312.02	1
1312.24	0
1312.46	2
1312.68	0
1312.9	1
1313.12	1
1313.34	1
1313.56	1
1313.78	0
1314	1
1314.22	3
1314.44	2
1314.66	0
1314.88	1
1315.1	1
1315.32	1
1315.54	1
1315.76	3
1315.98	2
1316.2	0
1316.42	1
1316.64	0
1316.86	2
1317.08	1
1317.3	2
1317.52	0
1317.74	2
1317.96	0
1318.18	1
1318.4	2
1318.62	2
1318.84	2
1319.06	0
1319.28	2
1319.5	1
1319.72	1
1319.94	1
1320.16	0
1320.38	0
1320.6	1
1320.82	0
1321.04	0
1321.26	0
1321.48	3
1321.7	1
1321.92	0
1322.14	3
1322.36	1
1322.58	3
1322.8	0
1323.02	1
1323.24	1
1323.46	0
1323.68	0
1323.9	0
1324.12	1
1324.34	1
1324.56	0
1324.78	1
1325	0
1325.22	0
1325.44	0
1325.66	2
1325.88	1
1326.1	2
1326.32	2
1326.54	3
1326.76	0
1326.98	1
1327.2	1
1327.42	0
1327.64	0
1327.86	2
1328.08	0
1328.3	0
1328.52	1
1328.74	0
1328.96	0
1329.18	0
1329.4	1
1329.62	2
1329.84	3
1330.06	1
1330.28	3
1330.5	0
1330.72	0
1330.94	2
1331.16	0
1331.38	1
1331.61	2
1331.83	0
1332.05	4
1332.27	0
1332.49	1
1332.71	3
1332.93	4
1333.15	6
1333.37	4
1333.59	4
1333.81	4
1334.03	6
1334.25	13
1334.47	28
1334.69	33
1334.91	79
1335.13	116
1335.35	176
1335.57	233
1335.79	315
1336.01	369
1336.23	425
1336.45	462
1336.67	467
1336.89	397
1337.11	347
1337.33	292
1337.55	187
1337.77	122
1337.99	75
1338.21	41
1338.43	31
1338.65	21
1338.87	3
1339.09	3
1339.31	1
1339.53	2
1339.75	0
1339.97	1
1340.19	0
1340.41	0
1340.63	0
1340.85	1
1341.07	1
1341.29	4
1341.51	0
1341.73	1
1341.95	0
1342.17	0
1342.39	0
1342.61	2
1342.83	1
1343.05	0
1343.27	0
1343.49	1
1343.71	0
1343.93	0
1344.15	1
1344.37	1
1344.59	0
1344.81	0
1345.03	0
1345.25	1
1345.47	1
1345.69	1
1345.91	0
1346.13	1
1346.35	0
1346.57	1
1346.79	1
1347.01	0
1347.23	2
1347.45	2
1347.67	1
1347.89	0
1348.11	1
1348.33	0
1348.55	0
1348.77	0
1348.99	0
1349.21	0
1349.43	0
1349.65	1
1349.87	1
1350.09	0
1350.31	1
1350.53	0
1350.75	3
1350.97	0
1351.19	0
1351.41	0
1351.63	1
1351.85	1
1352.07	0
1352.29	0
1352.51	2
1352.73	1
1352.95	2
1353.17	0
1353.39	0
1353.62	1
1353.84	1
1354.06	0
1354.28	1
1354.5	0
1354.72	1
1354.94	1
1355.16	0
1355.38	1
1355.6	0
1355.82	1
1356.04	0
1356.26	0
1356.48	1
1356.7	0
1356.92	0
1357.14	1
1357.36	1
1357.58	2
1357.8	0
1358.02	0
1358.24	0
1358.46	0
1358.68	0
1358.9	0
1359.12	3
1359.34	2
1359.56	0
1359.78	0
1360	2
1360.22	0
1360.44	0
1360.66	0
1360.88	1
1361.1	2
1361.32	1
1361.54	0
1361.76	1
1361.98	0
1362.2	0
1362.42	1
1362.64	0
1362.86	0
1363.08	0
1363.3	0
1363.52	0
1363.74	0
1363.96	0
1364.18	1
1364.4	0
1364.62	0
1364.84	0
1365.06	1
1365.28	0
1365.5	0
1365.72	1
1365.94	0
1366.16	0
1366.38	3
1366.6	0
1366.82	2
1367.04	1
1367.26	0
1367.48	0
1367.7	0
1367.92	1
1368.14	0
1368.36	1
1368.58	1
1368.8	1
1369.02	2
1369.24	1
1369.46	0
1369.68	0
1369.9	0
1370.12	0
1370.34	0
1370.56	0
1370.78	2
1371	1
1371.22	0
1371.44	0
1371.66	1
1371.88	3
1372.1	0
1372.32	0
1372.54	2
1372.76	1
1372.98	0
1373.2	0
1373.42	0
1373.64	0
1373.86	1
1374.08	0
1374.3	2
1374.52	0
1374.74	0
1374.96	1
1375.18	0
1375.4	0
1375.63	1
1375.85	1
1376.07	0
1376.29	0
1376.51	0
1376.73	0
1376.95	0
1377.17	0
1377.39	0
1377.61	1
1377.83	1
1378.05	0
1378.27	1
1378.49	0
1378.71	3
1378.93	3
1379.15	1
1379.37	0
1379.59	0
1379.81	1
1380.03	0
1380.25	1
1380.47	0
1380.69	1
1380.91	0
1381.13	0
1381.35	0
1381.57	0
1381.79	1
1382.01	0
1382.23	0
1382.45	0
1382.67	1
1382.89	0
1383.11	0
1383.33	0
1383.55	0
1383.77	1
1383.99	0
1384.21	0
1384.43	0
1384.65	1
1384.87	0
1385.09	0
1385.31	0
1385.53	1
1385.75	1
1385.97	0
1386.19	1
1386.41	0
1386.63	0
1386.85	0
1387.07	1
1387.29	0
1387.51	0
1387.73	0
1387.95	0
1388.17	0
1388.39	0
1388.61	1
1388.83	1
1389.05	0
1389.27	1
1389.49	0
1389.71	0
1389.93	2
1390.15	0
1390.37	1
1390.59	1
1390.81	0
1391.03	0
1391.25	0
1391.47	0
1391.69	0
1391.91	0
1392.13	0
1392.35	0
1392.57	0
1392.79	0
1393.01	2
1393.23	0
1393.45	0
1393.67	0
1393.89	2
1394.11	2
1394.33	0
1394.55	0
1394.77	1
1394.99	0
1395.21	0
1395.43	0
1395.65	1
1395.87	0
1396.09	1
1396.31	0
1396.53	0
1396.75	0
1396.97	0
1397.19	0
1397.41	0
1397.64	0
1397.86	2
1398.08	0
1398.3	0
1398.52	1
1398.74	1
1398.96	1
1399.18	2
1399.4	0
1399.62	1
1399.84	0
1400.06	0
1400.28	1
1400.5	1
1400.72	3
1400.94	0
1401.16	1
1401.38	1
1401.6	1
1401.82	2
1402.04	0
1402.26	0
1402.48	0
1402.7	0
1402.92	0
1403.14	1
1403.36	0
1403.58	1
1403.8	1
1404.02	0
1404.24	0
1404.46	1
1404.68	0
1404.9	0
1405.12	0
1405.34	1
1405.56	0
1405.78	0
1406	0
1406.22	0
1406.44	2
1406.66	1
1406.88	1
1407.1	0
1407.32	0
1407.54	2
1407.76	0
1407.98	0
1408.2	0
1408.42	0
1408.64	0
1408.86	1
1409.08	0
1409.3	0
1409.52	0
1409.74	0
1409.96	1
1410.18	0
1410.4	1
1410.62	1
1410.84	0
1411.06	3
1411.28	0
1411.5	0
1411.72	0
1411.94	0
1412.16	1
1412.38	0
1412.6	1
1412.82	1
1413.04	0
1413.26	1
1413.48	2
1413.7	0
1413.92	0
1414.14	2
1414.36	2
1414.58	0
1414.8	2
1415.02	0
1415.24	1
1415.46	0
1415.68	0
1415.9	1
1416.12	1
1416.34	1
1416.56	1
1416.78	0
1417	0
1417.22	1
1417.44	0
1417.66	1
1417.88	0
1418.1	0
1418.32	0
1418.54	0
1418.76	1
1418.98	0
1419.2	0
1419.42	0
1419.65	2
1419.87	2
1420.09	0
1420.31	1
1420.53	0
1420.75	1
1420.97	1
1421.19	0
1421.41	0
1421.63	1
1421.85	0
1422.07	1
1422.29	1
1422.51	1
1422.73	1
1422.95	1
1423.17	1
1423.39	0
1423.61	1
1423.83	1
1424.05	0
1424.27	0
1424.49	0
1424.71	2
1424.93	1
1425.15	1
1425.37	0
1425.59	0
1425.81	0
1426.03	0
1426.25	1
1426.47	0
1426.69	0
1426.91	1
1427.13	0
1427.35	1
1427.57	0
1427.79	0
1428.01	0
1428.23	0
1428.45	0
1428.67	0
1428.89	0
1429.11	0
1429.33	0
1429.55	0
1429.77	1
1429.99	0
1430.21	1
1430.43	1
1430.65	1
1430.87	0
1431.09	1
1431.31	0
1431.53	0
1431.75	0
1431.97	0
1432.19	0
1432.41	0
1432.63	1
1432.85	0
1433.07	0
1433.29	0
1433.51	0
1433.73	0
1433.95	0
1434.17	0
1434.39	1
1434.61	0
1434.83	0
1435.05	0
1435.27	1
1435.49	0
1435.71	2
1435.93	0
1436.15	1
1436.37	0
1436.59	1
1436.81	0
1437.03	0
1437.25	0
1437.47	2
1437.69	0
1437.91	1
1438.13	0
1438.35	0
1438.57	0
1438.79	1
1439.01	0
1439.23	0
1439.45	1
1439.67	0
1439.89	0
1440.11	0
1440.33	0
1440.55	0
1440.77	0
1440.99	1
1441.21	2
1441.43	0
1441.66	0
1441.88	0
1442.1	0
1442.32	0
1442.54	0
1442.76	0
1442.98	0
1443.2	1
1443.42	0
1443.64	0
1443.86	0
1444.08	0
1444.3	1
1444.52	0
1444.74	0
1444.96	2
1445.18	1
1445.4	1
1445.62	1
1445.84	0
1446.06	1
1446.28	0
1446.5	0
1446.72	2
1446.94	0
1447.16	0
1447.38	0
1447.6	0
1447.82	1
1448.04	1
1448.26	0
1448.48	1
1448.7	0
1448.92	0
1449.14	0
1449.36	0
1449.58	1
1449.8	0
1450.02	0
1450.24	0
1450.46	0
1450.68	0
1450.9	0
1451.12	0
1451.34	0
1451.56	1
1451.78	0
1452	0
1452.22	1
1452.44	1
1452.66	1
1452.88	1
1453.1	0
1453.32	0
1453.54	0
1453.76	1
1453.98	0
1454.2	1
1454.42	0
1454.64	0
1454.86	2
1455.08	0
1455.3	0
1455.52	0
1455.74	1
1455.96	0
1456.18	2
1456.4	1
1456.62	0
1456.84	0
1457.06	0
1457.28	0
1457.5	1
1457.72	2
1457.94	1
1458.16	0
1458.38	0
1458.6	2
1458.82	0
1459.04	2
1459.26	1
1459.48	0
1459.7	1
1459.92	0
1460.14	0
1460.36	0
1460.58	0
1460.8	1
1461.02	0
1461.24	0
1461.46	0
1461.68	1
1461.9	0
1462.12	0
1462.34	1
1462.56	1
1462.78	0
1463	1
1463.22	2
1463.44	1
1463.67	1
1463.89	0
1464.11	0
1464.33	0
1464.55	1
1464.77	0
1464.99	1
1465.21	2
1465.43	0
1465.65	1
1465.87	0
1466.09	0
1466.31	0
1466.53	0
1466.75	1
1466.97	0
1467.19	0
1467.41	1
1467.63	1
1467.85	1
1468.07	0
1468.29	1
1468.51	0
1468.73	0
1468.95	0
1469.17	1
1469.39	0
1469.61	0
1469.83	1
1470.05	0
1470.27	0
1470.49	1
1470.71	0
1470.93	0
1471.15	0
1471.37	0
1471.59	2
1471.81	0
1472.03	0
1472.25	0
1472.47	0
1472.69	0
1472.91	0
1473.13	0
1473.35	0
1473.57	0
1473.79	0
1474.01	0
1474.23	1
1474.45	0
1474.67	0
1474.89	1
1475.11	0
1475.33	1
1475.55	0
1475.77	0
1475.99	0
1476.21	0
1476.43	0
1476.65	1
1476.87	0
1477.09	0
1477.31	0
1477.53	0
1477.75	0
1477.97	0
1478.19	0
1478.41	0
1478.63	0
1478.85	0
1479.07	1
1479.29	0
1479.51	0
1479.73	0
1479.95	1
1480.17	0
1480.39	1
1480.61	1
1480.83	0
1481.05	0
1481.27	0
1481.49	0
1481.71	1
1481.93	0
1482.15	0
1482.37	0
1482.59	2
1482.81	0
1483.03	0
1483.25	1
1483.47	0
1483.69	0
1483.91	1
1484.13	1
1484.35	0
1484.57	0
1484.79	0
1485.01	0
1485.23	1
1485.45	0
1485.68	1
1485.9	0
1486.12	0
1486.34	2
1486.56	0
1486.78	0
1487	0
1487.22	1
1487.44	0
1487.66	0
1487.88	1
1488.1	1
1488.32	0
1488.54	0
1488.76	0
1488.98	0
1489.2	1
1489.42	0
1489.64	0
1489.86	1
1490.08	0
1490.3	1
1490.52	1
1490.74	1
1490.96	0
1491.18	0
1491.4	0
1491.62	0
1491.84	0
1492.06	0
1492.28	1
1492.5	0
1492.72	0
1492.94	1
1493.16	0
1493.38	1
1493.6	0
1493.82	1
1494.04	1
1494.26	0
1494.48	0
1494.7	0
1494.92	0
1495.14	0
1495.36	0
1495.58	0
1495.8	1
1496.02	0
1496.24	1
1496.46	1
1496.68	1
1496.9	1
1497.12	1
1497.34	1
1497.56	1
1497.78	2
1498	0
1498.22	3
1498.44	0
1498.66	0
1498.88	1
1499.1	0
1499.32	0
1499.54	0
1499.76	0
1499.98	0
1500.2	1
1500.42	0
1500.64	0
1500.86	0
1501.08	0
1501.3	1
1501.52	0
1501.74	0
1501.96	0
1502.18	1
1502.4	1
1502.62	0
1502.84	0
1503.06	0
1503.28	1
1503.5	1
1503.72	0
1503.94	0
1504.16	0
1504.38	0
1504.6	1
1504.82	0
1505.04	0
1505.26	0
1505.48	0
1505.7	0
1505.92	1
1506.14	0
1506.36	0
1506.58	2
1506.8	0
1507.02	0
1507.24	0
1507.46	0
1507.68	0
1507.91	1
1508.13	3
1508.35	0
1508.57	0
1508.79	0
1509.01	0
1509.23	0
1509.45	0
1509.67	0
1509.89	1
1510.11	0
1510.33	0
1510.55	0
1510.77	0
1510.99	1
1511.21	0
1511.43	0
1511.65	1
1511.87	0
1512.09	1
1512.31	0
1512.53	0
1512.75	0
1512.97	0
1513.19	1
1513.41	0
1513.63	1
1513.85	0
1514.07	0
1514.29	0
1514.51	0
1514.73	0
1514.95	0
1515.17	0
1515.39	0
1515.61	1
1515.83	1
1516.05	0
1516.27	1
1516.49	0
1516.71	1
1516.93	0
1517.15	0
1517.37	0
1517.59	0
1517.81	1
1518.03	0
1518.25	0
1518.47	0
1518.69	0
1518.91	1
1519.13	2
1519.35	0
1519.57	0
1519.79	1
1520.01	0
1520.23	0
1520.45	1
1520.67	0
1520.89	0
1521.11	0
1521.33	1
1521.55	0
1521.77	0
1521.99	0
1522.21	0
1522.43	0
1522.65	1
1522.87	0
1523.09	0
1523.31	0
1523.53	0
1523.75	0
1523.97	0
1524.19	0
1524.41	1
1524.63	0
1524.85	0
1525.07	0
1525.29	0
1525.51	0
1525.73	2
1525.95	0
1526.17	0
1526.39	0
1526.61	0
1526.83	0
1527.05	2
1527.27	0
1527.49	0
1527.71	0
1527.93	0
1528.15	0
1528.37	0
1528.59	1
1528.81	1
1529.03	0
1529.25	0
1529.47	0
1529.69	1
1529.92	0
1530.14	0
1530.36	0
1530.58	0
1530.8	0
1531.02	0
1531.24	0
1531.46	0
1531.68	1
1531.9	1
1532.12	0
1532.34	0
1532.56	1
1532.78	0
1533	0
1533.22	0
1533.44	1
1533.66	0
1533.88	1
1534.1	0
1534.32	0
1534.54	0
1534.76	0
1534.98	0
1535.2	1
1535.42	0
1535.64	0
1535.86	0
1536.08	0
1536.3	0
1536.52	1
1536.74	0
1536.96	1
1537.18	0
1537.4	0
1537.62	0
1537.84	0
1538.06	0
1538.28	2
1538.5	0
1538.72	0
1538.94	0
1539.16	0
1539.38	1
1539.6	0
1539.82	0
1540.04	0
1540.26	2
1540.48	1
1540.7	0
1540.92	1
1541.14	0
1541.36	0
1541.58	1
1541.8	0
1542.02	0
1542.24	0
1542.46	0
1542.68	0
1542.9	1
1543.12	1
1543.34	1
1543.56	0
1543.78	0
1544	0
1544.22	0
1544.44	0
1544.66	0
1544.88	0
1545.1	0
1545.32	0
1545.54	0
1545.76	0
1545.98	0
1546.2	2
1546.42	0
1546.64	0
1546.86	2
1547.08	2
1547.3	0
1547.52	0
1547.74	0
1547.96	0
1548.18	0
1548.4	0
1548.62	1
1548.84	0
1549.06	1
1549.28	1
1549.5	0
1549.72	0
1549.94	1
1550.16	0
1550.38	0
1550.6	1
1550.82	0
1551.04	0
1551.26	0
1551.48	0
1551.7	1
1551.93	0
1552.15	0
1552.37	0
1552.59	2
1552.81	0
1553.03	1
1553.25	0
1553.47	1
1553.69	0
1553.91	0
1554.13	1
1554.35	0
1554.57	0
1554.79	0
1555.01	1
1555.23	0
1555.45	1
1555.67	0
1555.89	0
1556.11	0
1556.33	0
1556.55	0
1556.77	1
1556.99	2
1557.21	1
1557.43	1
1557.65	0
1557.87	0
1558.09	0
1558.31	0
1558.53	0
1558.75	0
1558.97	0
1559.19	1
1559.41	1
1559.63	0
1559.85	1
1560.07	0
1560.29	0
1560.51	2
1560.73	1
1560.95	0
1561.17	0
1561.39	0
1561.61	1
1561.83	0
1562.05	0
1562.27	0
1562.49	0
1562.71	0
1562.93	0
1563.15	0
1563.37	1
1563.59	0
1563.81	0
1564.03	0
1564.25	1
1564.47	0
1564.69	0
1564.91	0
1565.13	1
1565.35	1
1565.57	0
1565.79	0
1566.01	0
1566.23	1
1566.45	1
1566.67	0
1566.89	3
1567.11	0
1567.33	1
1567.55	0
1567.77	0
1567.99	0
1568.21	1
1568.43	0
1568.65	0
1568.87	1
1569.09	0
1569.31	0
1569.53	0
1569.75	0
1569.97	0
1570.19	0
1570.41	0
1570.63	0
1570.85	0
1571.07	0
1571.29	1
1571.51	0
1571.73	1
1571.95	1
1572.17	0
1572.39	0
1572.61	0
1572.83	0
1573.05	0
1573.27	0
1573.49	0
1573.71	1
1573.94	0
1574.16	1
1574.38	0
1574.6	0
1574.82	0
1575.04	1
1575.26	0
1575.48	0
1575.7	2
1575.92	1
1576.14	0
1576.36	0
1576.58	0
1576.8	0
1577.02	0
1577.24	1
1577.46	0
1577.68	0
1577.9	0
1578.12	0
1578.34	0
1578.56	0
1578.78	0
1579	0
1579.22	1
1579.44	1
1579.66	1
1579.88	0
1580.1	3
1580.32	0
1580.54	0
1580.76	0
1580.98	0
1581.2	1
1581.42	1
1581.64	0
1581.86	0
1582.08	1
1582.3	1
1582.52	0
1582.74	0
1582.96	1
1583.18	0
1583.4	0
1583.62	0
1583.84	0
1584.06	0
1584.28	0
1584.5	1
1584.72	0
1584.94	0
1585.16	0
1585.38	0
1585.6	0
1585.82	0
1586.04	0
1586.26	0
1586.48	0
1586.7	1
1586.92	1
1587.14	1
1587.36	0
1587.58	1
1587.8	0
1588.02	0
1588.24	1
1588.46	1
1588.68	1
1588.9	1
1589.12	0
1589.34	0
1589.56	0
1589.78	0
1590	0
1590.22	0
1590.44	0
1590.66	0
1590.88	0
1591.1	0
1591.32	1
1591.54	1
1591.76	0
1591.98	0
1592.2	1
1592.42	1
1592.64	1
1592.86	0
1593.08	0
1593.3	0
1593.52	1
1593.74	1
1593.96	0
1594.18	0
1594.4	0
1594.62	1
1594.84	0
1595.06	0
1595.28	0
1595.5	0
1595.72	0
1595.95	0
1596.17	0
1596.39	0
1596.61	0
1596.83	0
1597.05	0
1597.27	0
1597.49	1
1597.71	0
1597.93	0
1598.15	0
1598.37	0
1598.59	0
1598.81	0
1599.03	1
1599.25	0
1599.47	0
1599.69	0
1599.91	0
1600.13	1
1600.35	1
1600.57	1
1600.79	0
1601.01	0
1601.23	0
1601.45	1
1601.67	0
1601.89	0
1602.11	0
1602.33	0
1602.55	0
1602.77	2
1602.99	0
1603.21	0
1603.43	1
1603.65	0
1603.87	0
1604.09	0
1604.31	0
1604.53	1
1604.75	0
1604.97	0
1605.19	0
1605.41	0
1605.63	0
1605.85	1
1606.07	0
1606.29	0
1606.51	0
1606.73	0
1606.95	0
1607.17	0
1607.39	1
1607.61	0
1607.83	0
1608.05	0
1608.27	0
1608.49	0
1608.71	1
1608.93	0
1609.15	0
1609.37	1
1609.59	0
1609.81	0
1610.03	0
1610.25	0
1610.47	1
1610.69	0
1610.91	0
1611.13	0
1611.35	1
1611.57	0
1611.79	0
1612.01	0
1612.23	0
1612.45	0
1612.67	0
1612.89	0
1613.11	0
1613.33	1
1613.55	0
1613.77	0
1613.99	0
1614.21	1
1614.43	1
1614.65	0
1614.87	0
1615.09	0
1615.31	0
1615.53	0
1615.75	0
1615.97	0
1616.19	0
1616.41	2
1616.63	0
1616.85	0
1617.07	0
1617.29	0
1617.51	0
1617.73	0
1617.96	1
1618.18	0
1618.4	1
1618.62	0
1618.84	0
1619.06	0
1619.28	0
1619.5	0
1619.72	0
1619.94	0
1620.16	0
1620.38	1
1620.6	1
1620.82	0
1621.04	0
1621.26	2
1621.48	0
1621.7	0
1621.92	0
1622.14	0
1622.36	2
1622.58	0
1622.8	0
1623.02	1
1623.24	1
1623.46	0
1623.68	0
1623.9	1
1624.12	0
1624.34	1
1624.56	1
1624.78	0
1625	3
1625.22	0
1625.44	1
1625.66	0
1625.88	0
1626.1	0
1626.32	1
1626.54	0
1626.76	0
1626.98	0
1627.2	0
1627.42	1
1627.64	1
1627.86	2
1628.08	1
1628.3	0
1628.52	0
1628.74	1
1628.96	0
1629.18	2
1629.4	0
1629.62	1
1629.84	0
1630.06	0
1630.28	0
1630.5	0
1630.72	0
1630.94	0
1631.16	0
1631.38	0
1631.6	0
1631.82	2
1632.04	0
1632.26	0
1632.48	0
1632.7	1
1632.92	0
1633.14	0
1633.36	1
1633.58	1
1633.8	1
1634.02	0
1634.24	0
1634.46	2
1634.68	0
1634.9	0
1635.12	0
1635.34	1
1635.56	0
1635.78	1
1636	1
1636.22	0
1636.44	1
1636.66	0
1636.88	1
1637.1	0
1637.32	0
1637.54	0
1637.76	0
1637.98	0
1638.2	0
1638.42	0
1638.64	0
1638.86	0
1639.08	0
1639.3	0
1639.52	1
1639.74	0
1639.97	0
1640.19	1
1640.41	0
1640.63	0
1640.85	2
1641.07	0
1641.29	0
1641.51	0
1641.73	0
1641.95	0
1642.17	0
1642.39	0
1642.61	0
1642.83	0
1643.05	2
1643.27	0
1643.49	0
1643.71	2
1643.93	0
1644.15	0
1644.37	1
1644.59	0
1644.81	0
1645.03	0
1645.25	1
1645.47	0
1645.69	0
1645.91	0
1646.13	0
1646.35	0
1646.57	1
1646.79	0
1647.01	1
1647.23	0
1647.45	0
1647.67	0
1647.89	0
1648.11	1
1648.33	1
1648.55	0
1648.77	0
1648.99	1
1649.21	0
1649.43	0
1649.65	0
1649.87	0
1650.09	1
1650.31	0
1650.53	0
1650.75	3
1650.97	1
1651.19	0
1651.41	0
1651.63	0
1651.85	0
1652.07	1
1652.29	1
1652.51	0
1652.73	0
1652.95	1
1653.17	1
1653.39	0
1653.61	0
1653.83	0
1654.05	0
1654.27	0
1654.49	1
1654.71	0
1654.93	0
1655.15	1
1655.37	0
1655.59	0
1655.81	1
1656.03	0
1656.25	0
1656.47	0
1656.69	0
1656.91	0
1657.13	0
1657.35	0
1657.57	0
1657.79	0
1658.01	0
1658.23	1
1658.45	1
1658.67	0
1658.89	0
1659.11	0
1659.33	0
1659.55	1
1659.77	0
1659.99	0
1660.21	0
1660.43	0
1660.65	0
1660.87	0
1661.09	0
1661.31	1
1661.53	0
1661.75	2
1661.98	1
1662.2	0
1662.42	0
1662.64	0
1662.86	0
1663.08	0
1663.3	0
1663.52	0
1663.74	0
1663.96	0
1664.18	0
1664.4	1
1664.62	1
1664.84	0
1665.06	0
1665.28	0
1665.5	0
1665.72	0
1665.94	0
1666.16	1
1666.38	0
1666.6	0
1666.82	0
1667.04	0
1667.26	0
1667.48	0
1667.7	0
1667.92	1
1668.14	0
1668.36	0
1668.58	0
1668.8	1
1669.02	0
1669.24	0
1669.46	0
1669.68	1
1669.9	1
1670.12	0
1670.34	0
1670.56	0
1670.78	0
1671	0
1671.22	0
1671.44	1
1671.66	1
1671.88	1
1672.1	0
1672.32	0
1672.54	1
1672.76	0
1672.98	0
1673.2	0
1673.42	0
1673.64	0
1673.86	0
1674.08	0
1674.3	1
1674.52	2
1674.74	0
1674.96	2
1675.18	1
1675.4	1
1675.62	0
1675.84	0
1676.06	1
1676.28	0
1676.5	0
1676.72	0
1676.94	0
1677.16	1
1677.38	0
1677.6	0
1677.82	0
1678.04	1
1678.26	0
1678.48	1
1678.7	0
1678.92	0
1679.14	0
1679.36	0
1679.58	0
1679.8	0
1680.02	0
1680.24	0
1680.46	1
1680.68	0
1680.9	1
1681.12	0
1681.34	0
1681.56	0
1681.78	1
1682	1
1682.22	0
1682.44	0
1682.66	1
1682.88	0
1683.1	0
1683.32	1
1683.54	1
1683.76	0
1683.99	0
1684.21	1
1684.43	0
1684.65	0
1684.87	1
1685.09	0
1685.31	2
1685.53	0
1685.75	1
1685.97	0
1686.19	0
1686.41	0
1686.63	0
1686.85	0
1687.07	0
1687.29	0
1687.51	1
1687.73	0
1687.95	1
1688.17	0
1688.39	1
1688.61	0
1688.83	0
1689.05	1
1689.27	1
1689.49	0
1689.71	0
1689.93	0
1690.15	1
1690.37	1
1690.59	0
1690.81	0
1691.03	0
1691.25	0
1691.47	0
1691.69	0
1691.91	0
1692.13	0
1692.35	0
1692.57	0
1692.79	0
1693.01	0
1693.23	0
1693.45	1
1693.67	1
1693.89	0
1694.11	0
1694.33	1
1694.55	0
1694.77	0
1694.99	0
1695.21	0
1695.43	0
1695.65	2
1695.87	0
1696.09	1
1696.31	0
1696.53	0
1696.75	1
1696.97	0
1697.19	0
1697.41	0
1697.63	0
1697.85	0
1698.07	0
1698.29	0
1698.51	0
1698.73	0
1698.95	0
1699.17	2
1699.39	1
1699.61	1
1699.83	0
1700.05	0
1700.27	0
1700.49	1
1700.71	0
1700.93	1
1701.15	0
1701.37	0
1701.59	0
1701.81	0
1702.03	0
1702.25	0
1702.47	0
1702.69	0
1702.91	0
1703.13	0
1703.35	0
1703.57	1
1703.79	0
1704.01	0
1704.23	0
1704.45	0
1704.67	0
1704.89	1
1705.11	0
1705.33	1
1705.55	1
1705.77	0
1706	0
1706.22	1
1706.44	0
1706.66	0
1706.88	0
1707.1	0
1707.32	0
1707.54	0
1707.76	0
1707.98	0
1708.2	0
1708.42	1
1708.64	0
1708.86	1
1709.08	0
1709.3	1
1709.52	0
1709.74	0
1709.96	0
1710.18	0
1710.4	0
1710.62	0
1710.84	0
1711.06	0
1711.28	2
1711.5	0
1711.72	0
1711.94	0
1712.16	1
1712.38	0
1712.6	1
1712.82	0
1713.04	0
1713.26	0
1713.48	0
1713.7	1
1713.92	0
1714.14	0
1714.36	0
1714.58	0
1714.8	2
1715.02	0
1715.24	0
1715.46	1
1715.68	0
1715.9	0
1716.12	1
1716.34	0
1716.56	0
1716.78	0
1717	0
1717.22	0
1717.44	0
1717.66	0
1717.88	0
1718.1	0
1718.32	1
1718.54	0
1718.76	1
1718.98	1
1719.2	0
1719.42	0
1719.64	1
1719.86	0
1720.08	0
1720.3	0
1720.52	1
1720.74	0
1720.96	0
1721.18	1
1721.4	0
1721.62	0
1721.84	0
1722.06	0
1722.28	0
1722.5	0
1722.72	0
1722.94	0
1723.16	0
1723.38	0
1723.6	0
1723.82	0
1724.04	0
1724.26	0
1724.48	0
1724.7	0
1724.92	2
1725.14	1
1725.36	1
1725.58	0
1725.8	0
1726.02	0
1726.24	0
1726.46	1
1726.68	0
1726.9	1
1727.12	1
1727.34	0
1727.56	0
1727.78	1
1728.01	0
1728.23	0
1728.45	1
1728.67	0
1728.89	1
1729.11	0
1729.33	0
1729.55	0
1729.77	1
1729.99	0
1730.21	0
1730.43	0
1730.65	1
1730.87	0
1731.09	1
1731.31	0
1731.53	1
1731.75	0
1731.97	0
1732.19	0
1732.41	0
1732.63	0
1732.85	0
1733.07	0
1733.29	0
1733.51	1
1733.73	0
1733.95	0
1734.17	1
1734.39	1
1734.61	0
1734.83	0
1735.05	0
1735.27	0
1735.49	0
1735.71	0
1735.93	0
1736.15	0
1736.37	0
1736.59	0
1736.81	0
1737.03	1
1737.25	2
1737.47	2
1737.69	0
1737.91	0
1738.13	0
1738.35	0
1738.57	0
1738.79	2
1739.01	0
1739.23	0
1739.45	0
1739.67	1
1739.89	0
1740.11	0
1740.33	0
1740.55	0
1740.77	1
1740.99	0
1741.21	0
1741.43	0
1741.65	0
1741.87	0
1742.09	0
1742.31	0
1742.53	0
1742.75	0
1742.97	0
1743.19	1
1743.41	0
1743.63	0
1743.85	0
1744.07	0
1744.29	1
1744.51	0
1744.73	1
1744.95	0
1745.17	0
1745.39	0
1745.61	0
1745.83	0
1746.05	0
1746.27	1
1746.49	1
1746.71	0
1746.93	0
1747.15	0
1747.37	0
1747.59	0
1747.81	1
1748.03	1
1748.25	0
1748.47	0
1748.69	0
1748.91	1
1749.13	1
1749.35	0
1749.57	1
1749.79	1
1750.02	0
1750.24	0
1750.46	1
1750.68	0
1750.9	1
1751.12	0
1751.34	0
1751.56	0
1751.78	0
1752	1
1752.22	0
1752.44	0
1752.66	0
1752.88	0
1753.1	0
1753.32	0
1753.54	0
1753.76	0
1753.98	0
1754.2	1
1754.42	1
1754.64	0
1754.86	1
1755.08	0
1755.3	0
1755.52	0
1755.74	0
1755.96	0
1756.18	0
1756.4	2
1756.62	1
1756.84	1
1757.06	0
1757.28	2
1757.5	0
1757.72	0
1757.94	0
1758.16	0
1758.38	0
1758.6	0
1758.82	0
1759.04	0
1759.26	0
1759.48	0
1759.7	0
1759.92	1
1760.14	0
1760.36	0
1760.58	0
1760.8	0
1761.02	0
1761.24	0
1761.46	0
1761.68	0
1761.9	0
1762.12	0
1762.34	1
1762.56	0
1762.78	0
1763	1
1763.22	0
1763.44	3
1763.66	0
1763.88	0
1764.1	0
1764.32	0
1764.54	0
1764.76	0
1764.98	0
1765.2	1
1765.42	0
1765.64	0
1765.86	0
1766.08	0
1766.3	0
1766.52	1
1766.74	1
1766.96	0
1767.18	0
1767.4	0
1767.62	1
1767.84	0
1768.06	0
1768.28	0
1768.5	0
1768.72	1
1768.94	0
1769.16	1
1769.38	0
1769.6	0
1769.82	1
1770.04	0
1770.26	0
1770.48	0
1770.7	0
1770.92	0
1771.14	0
1771.36	0
1771.58	0
1771.8	0
1772.03	0
1772.25	0
1772.47	1
1772.69	0
1772.91	0
1773.13	1
1773.35	0
1773.57	0
1773.79	0
1774.01	0
1774.23	0
1774.45	2
1774.67	0
1774.89	0
1775.11	1
1775.33	0
1775.55	0
1775.77	0
1775.99	1
1776.21	0
1776.43	0
1776.65	0
1776.87	1
1777.09	1
1777.31	0
1777.53	0
1777.75	0
1777.97	0
1778.19	0
1778.41	0
1778.63	0
1778.85	0
1779.07	0
1779.29	0
1779.51	0
1779.73	0
1779.95	0
1780.17	0
1780.39	0
1780.61	1
1780.83	1
1781.05	0
1781.27	1
1781.49	0
1781.71	0
1781.93	0
1782.15	0
1782.37	0
1782.59	0
1782.81	0
1783.03	0
1783.25	0
1783.47	0
1783.69	0
1783.91	2
1784.13	0
1784.35	1
1784.57	0
1784.79	0
1785.01	0
1785.23	0
1785.45	1
1785.67	1
1785.89	1
1786.11	0
1786.33	0
1786.55	0
1786.77	0
1786.99	0
1787.21	0
1787.43	1
1787.65	0
1787.87	0
1788.09	1
1788.31	0
1788.53	1
1788.75	0
1788.97	1
1789.19	0
1789.41	1
1789.63	0
1789.85	1
1790.07	0
1790.29	1
1790.51	2
1790.73	1
1790.95	0
1791.17	0
1791.39	1
1791.61	1
1791.83	0
1792.05	0
1792.27	0
1792.49	0
1792.71	1
1792.93	0
1793.15	0
1793.37	0
1793.59	0
1793.81	0
1794.04	0
1794.26	0
1794.48	1
1794.7	0
1794.92	0
1795.14	0
1795.36	0
1795.58	0
1795.8	0
1796.02	0
1796.24	0
1796.46	0
1796.68	0
1796.9	0
1797.12	1
1797.34	0
1797.56	0
1797.78	0
1798	0
1798.22	0
1798.44	0
1798.66	0
1798.88	0
1799.1	1
1799.32	1
1799.54	0
1799.76	0
1799.98	0
1800.2	0
1800.42	1
1800.64	0
1800.86	0
1801.08	0
1801.3	1
1801.52	0
1801.74	1
1801.96	1
1802.18	0
1802.4	0
1802.62	0
1802.84	0
