-5.15587e-020	0
0.2201	0
0.4402	0
0.6603	0
0.8804	0
1.1005	0
1.3206	0
1.5407	0
1.7608	0
1.9809	0
2.201	0
2.4211	0
2.6412	0
2.8613	0
3.0814	0
3.3015	0
3.5216	0
3.7417	0
3.9618	0
4.1819	0
4.402	0
4.6221	0
4.8422	0
5.0623	0
5.2824	0
5.5025	0
5.7226	0
5.9427	0
6.1628	0
6.3829	0
6.603	0
6.8231	0
7.0432	0
7.2633	0
7.4834	0
7.7035	2
7.9236	0
8.1437	11
8.3638	5
8.5839	8
8.804	7
9.0241	2
9.2442	8
9.4643	6
9.6844	6
9.9045	9
10.1246	9
10.3447	4
10.5648	4
10.7849	5
11.005	2
11.2251	1
11.4452	1
11.6653	7
11.8854	7
12.1055	4
12.3256	7
12.5457	4
12.7658	5
12.9859	7
13.206	3
13.4261	7
13.6462	12
13.8663	5
14.0864	4
14.3065	8
14.5266	6
14.7467	7
14.9668	5
15.1869	9
15.407	7
15.6271	5
15.8472	8
16.0673	11
16.2874	5
16.5075	7
16.7276	9
16.9477	9
17.1678	8
17.3879	4
17.608	10
17.8281	5
18.0482	4
18.2683	6
18.4884	3
18.7085	3
18.9286	6
19.1487	7
19.3688	7
19.5889	8
19.809	7
20.0291	4
20.2492	5
20.4693	2
20.6894	5
20.9095	3
21.1296	0
21.3497	6
21.5698	6
21.7899	4
22.01	4
22.2301	6
22.4502	4
22.6703	2
22.8904	1
23.1105	8
23.3306	7
23.5507	3
23.7708	9
23.9909	1
24.211	6
24.4311	3
24.6512	6
24.8713	3
25.0914	2
25.3115	4
25.5316	5
25.7517	4
25.9718	2
26.1919	9
26.412	3
26.6321	8
26.8522	6
27.0723	4
27.2924	4
27.5125	2
27.7326	2
27.9527	3
28.1728	7
28.3929	5
28.613	4
28.8331	8
29.0532	6
29.2733	9
29.4934	4
29.7135	5
29.9336	5
30.1537	2
30.3738	3
30.5939	7
30.814	4
31.0341	5
31.2542	3
31.4743	6
31.6944	5
31.9145	5
32.1346	8
32.3547	3
32.5748	5
32.7949	4
33.015	4
33.2351	6
33.4552	1
33.6753	5
33.8954	6
34.1155	7
34.3356	7
34.5557	7
34.7758	7
34.9959	3
35.216	7
35.4361	12
35.6562	4
35.8763	1
36.0964	6
36.3165	3
36.5366	7
36.7567	8
36.9768	2
37.1969	6
37.417	5
37.6371	2
37.8572	4
38.0773	4
38.2974	1
38.5175	6
38.7376	2
38.9577	10
39.1778	6
39.3979	4
39.618	6
39.8381	3
40.0582	7
40.2783	4
40.4984	3
40.7185	7
40.9386	9
41.1587	4
41.3788	5
41.5989	6
41.819	3
42.0391	6
42.2592	8
42.4793	5
42.6994	8
42.9195	9
43.1396	5
43.3597	5
43.5798	4
43.7999	11
44.02	4
44.2401	5
44.4602	9
44.6803	8
44.9004	9
45.1205	6
45.3406	2
45.5607	2
45.7808	3
46.0009	8
46.221	5
46.4411	3
46.6612	3
46.8813	11
47.1014	4
47.3215	2
47.5416	4
47.7617	5
47.9818	4
48.2019	3
48.422	7
48.6421	3
48.8622	9
49.0823	6
49.3024	3
49.5225	6
49.7426	3
49.9627	8
50.1828	5
50.4029	5
50.623	5
50.8431	3
51.0632	5
51.2833	5
51.5034	6
51.7235	10
51.9436	3
52.1637	8
52.3838	4
52.6039	5
52.824	4
53.0441	8
53.2642	4
53.4843	3
53.7044	3
53.9245	5
54.1446	6
54.3647	5
54.5848	4
54.8049	7
55.025	4
55.2451	11
55.4652	7
55.6853	3
55.9054	1
56.1255	9
56.3456	7
56.5657	6
56.7858	5
57.0059	2
57.226	1
57.4461	3
57.6662	3
57.8863	0
58.1064	7
58.3265	5
58.5466	2
58.7667	7
58.9868	6
59.2069	2
59.427	6
59.6471	5
59.8672	2
60.0873	2
60.3074	9
60.5275	2
60.7476	3
60.9677	10
61.1878	6
61.4079	5
61.628	4
61.8481	6
62.0682	3
62.2883	4
62.5084	4
62.7285	7
62.9486	4
63.1687	3
63.3888	8
63.6089	3
63.829	6
64.0491	8
64.2692	8
64.4893	4
64.7094	4
64.9295	8
65.1496	6
65.3697	7
65.5898	12
65.8099	7
66.03	3
66.2501	5
66.4702	7
66.6903	1
66.9104	4
67.1305	5
67.3506	6
67.5707	9
67.7908	7
68.0109	4
68.231	8
68.4511	3
68.6712	8
68.8913	7
69.1114	13
69.3315	14
69.5516	7
69.7717	9
69.9918	9
70.2119	7
70.432	7
70.6521	1
70.8722	8
71.0923	4
71.3124	17
71.5325	12
71.7526	10
71.9727	17
72.1928	7
72.4129	7
72.633	4
72.8531	9
73.0732	11
73.2933	10
73.5134	2
73.7335	4
73.9536	5
74.1737	8
74.3938	7
74.6139	5
74.834	5
75.0541	5
75.2742	8
75.4943	7
75.7144	3
75.9345	2
76.1546	6
76.3747	6
76.5948	7
76.8149	5
77.035	6
77.2551	6
77.4752	3
77.6953	9
77.9154	8
78.1355	7
78.3556	11
78.5757	6
78.7958	5
79.0159	4
79.236	9
79.4561	8
79.6762	4
79.8963	6
80.1164	5
80.3365	11
80.5566	3
80.7767	7
80.9968	6
81.2169	6
81.437	9
81.6571	9
81.8772	7
82.0973	9
82.3174	4
82.5375	8
82.7576	2
82.9777	2
83.1978	9
83.4179	5
83.638	5
83.8581	11
84.0782	15
84.2983	11
84.5184	12
84.7385	5
84.9586	8
85.1787	8
85.3988	5
85.6189	7
85.839	6
86.0591	6
86.2792	7
86.4993	6
86.7194	2
86.9395	5
87.1596	5
87.3797	9
87.5998	5
87.8199	5
88.04	2
88.2601	11
88.4802	5
88.7003	2
88.9204	4
89.1405	4
89.3606	6
89.5807	7
89.8008	3
90.0209	8
90.241	4
90.4611	8
90.6812	7
90.9013	6
91.1214	6
91.3415	4
91.5616	10
91.7817	3
92.0018	1
92.2219	8
92.442	9
92.6621	8
92.8822	7
93.1023	4
93.3224	7
93.5425	4
93.7626	3
93.9827	6
94.2028	2
94.4229	10
94.643	5
94.8631	2
95.0832	10
95.3033	5
95.5234	3
95.7435	5
95.9636	5
96.1837	8
96.4038	7
96.6239	2
96.844	4
97.0641	4
97.2842	6
97.5043	9
97.7244	4
97.9445	6
98.1646	1
98.3847	6
98.6048	4
98.8249	2
99.045	8
99.2651	4
99.4852	3
99.7053	5
99.9254	13
100.146	5
100.366	9
100.586	3
100.806	3
101.026	3
101.246	2
101.466	11
101.686	5
101.906	7
102.126	5
102.346	5
102.567	8
102.787	5
103.007	3
103.227	6
103.447	2
103.667	6
103.887	2
104.107	6
104.327	7
104.548	5
104.768	5
104.988	3
105.208	2
105.428	3
105.648	6
105.868	5
106.088	4
106.308	5
106.528	5
106.748	7
106.969	8
107.189	7
107.409	5
107.629	6
107.849	5
108.069	3
108.289	6
108.509	6
108.729	2
108.95	3
109.17	5
109.39	7
109.61	3
109.83	9
110.05	5
110.27	3
110.49	3
110.71	6
110.93	5
111.15	4
111.371	3
111.591	3
111.811	5
112.031	0
112.251	5
112.471	5
112.691	3
112.911	7
113.131	7
113.352	3
113.572	7
113.792	1
114.012	6
114.232	5
114.452	4
114.672	9
114.892	6
115.112	4
115.332	4
115.552	3
115.773	5
115.993	5
116.213	6
116.433	7
116.653	3
116.873	3
117.093	6
117.313	7
117.533	4
117.753	6
117.974	8
118.194	8
118.414	3
118.634	3
118.854	6
119.074	3
119.294	5
119.514	7
119.734	5
119.955	5
120.175	5
120.395	8
120.615	5
120.835	7
121.055	4
121.275	5
121.495	4
121.715	8
121.935	4
122.155	6
122.376	6
122.596	4
122.816	1
123.036	5
123.256	6
123.476	4
123.696	6
123.916	5
124.136	7
124.357	6
124.577	4
124.797	3
125.017	8
125.237	3
125.457	3
125.677	3
125.897	6
126.117	5
126.337	3
126.557	6
126.778	5
126.998	5
127.218	3
127.438	6
127.658	4
127.878	5
128.098	8
128.318	6
128.538	10
128.759	6
128.979	5
129.199	4
129.419	3
129.639	9
129.859	3
130.079	4
130.299	6
130.519	8
130.739	6
130.959	1
131.18	4
131.4	6
131.62	8
131.84	2
132.06	4
132.28	9
132.5	5
132.72	2
132.94	5
133.16	7
133.381	8
133.601	3
133.821	12
134.041	11
134.261	9
134.481	3
134.701	7
134.921	4
135.141	8
135.362	9
135.582	6
135.802	4
136.022	3
136.242	6
136.462	2
136.682	5
136.902	6
137.122	5
137.342	6
137.563	6
137.783	5
138.003	6
138.223	4
138.443	2
138.663	2
138.883	10
139.103	7
139.323	5
139.543	6
139.763	8
139.984	9
140.204	1
140.424	9
140.644	7
140.864	5
141.084	11
141.304	4
141.524	2
141.744	7
141.964	5
142.185	6
142.405	4
142.625	3
142.845	5
143.065	4
143.285	7
143.505	5
143.725	5
143.945	4
144.165	5
144.386	4
144.606	6
144.826	9
145.046	6
145.266	6
145.486	1
145.706	5
145.926	4
146.146	7
146.367	7
146.587	3
146.807	2
147.027	3
147.247	5
147.467	5
147.687	4
147.907	6
148.127	4
148.347	9
148.568	2
148.788	5
149.008	5
149.228	5
149.448	2
149.668	5
149.888	10
150.108	4
150.328	2
150.548	4
150.768	4
150.989	3
151.209	7
151.429	4
151.649	3
151.869	2
152.089	2
152.309	2
152.529	4
152.749	4
152.969	4
153.19	6
153.41	2
153.63	4
153.85	1
154.07	2
154.29	8
154.51	4
154.73	4
154.95	6
155.171	6
155.391	2
155.611	6
155.831	5
156.051	5
156.271	4
156.491	3
156.711	6
156.931	5
157.151	5
157.372	5
157.592	5
157.812	3
158.032	2
158.252	4
158.472	3
158.692	5
158.912	6
159.132	6
159.352	4
159.572	10
159.793	3
160.013	8
160.233	5
160.453	2
160.673	6
160.893	6
161.113	5
161.333	3
161.553	6
161.773	2
161.994	3
162.214	6
162.434	4
162.654	6
162.874	5
163.094	8
163.314	4
163.534	3
163.754	8
163.975	6
164.195	1
164.415	9
164.635	6
164.855	4
165.075	4
165.295	9
165.515	3
165.735	0
165.955	6
166.176	2
166.396	6
166.616	4
166.836	2
167.056	11
167.276	6
167.496	3
167.716	5
167.936	7
168.156	6
168.376	1
168.597	9
168.817	5
169.037	7
169.257	5
169.477	6
169.697	10
169.917	6
170.137	4
170.357	5
170.577	1
170.798	6
171.018	4
171.238	5
171.458	2
171.678	8
171.898	5
172.118	4
172.338	5
172.558	4
172.778	6
172.999	2
173.219	3
173.439	2
173.659	5
173.879	1
174.099	7
174.319	3
174.539	6
174.759	7
174.98	6
175.2	2
175.42	7
175.64	7
175.86	5
176.08	4
176.3	2
176.52	4
176.74	6
176.96	7
177.18	3
177.401	7
177.621	5
177.841	1
178.061	5
178.281	4
178.501	3
178.721	4
178.941	2
179.161	4
179.381	5
179.602	2
179.822	4
180.042	8
180.262	1
180.482	5
180.702	8
180.922	5
181.142	5
181.362	2
181.582	5
181.803	6
182.023	4
182.243	9
182.463	7
182.683	5
182.903	4
183.123	2
183.343	5
183.563	5
183.784	3
184.004	1
184.224	2
184.444	7
184.664	3
184.884	5
185.104	3
185.324	6
185.544	6
185.764	6
185.985	3
186.205	5
186.425	3
186.645	4
186.865	1
187.085	4
187.305	2
187.525	4
187.745	4
187.965	8
188.185	5
188.406	3
188.626	2
188.846	3
189.066	2
189.286	4
189.506	4
189.726	1
189.946	4
190.166	3
190.386	1
190.607	3
190.827	1
191.047	6
191.267	5
191.487	4
191.707	1
191.927	0
192.147	2
192.367	4
192.587	4
192.808	5
193.028	7
193.248	4
193.468	5
193.688	5
193.908	2
194.128	4
194.348	4
194.568	4
194.789	7
195.009	4
195.229	5
195.449	3
195.669	2
195.889	3
196.109	1
196.329	2
196.549	11
196.769	2
196.989	4
197.21	4
197.43	2
197.65	2
197.87	2
198.09	3
198.31	5
198.53	4
198.75	3
198.97	4
199.19	3
199.411	3
199.631	8
199.851	6
200.071	7
200.291	5
200.511	1
200.731	2
200.951	3
201.171	2
201.391	2
201.612	3
201.832	5
202.052	3
202.272	2
202.492	1
202.712	2
202.932	4
203.152	0
203.372	2
203.593	4
203.813	7
204.033	3
204.253	4
204.473	2
204.693	6
204.913	2
205.133	5
205.353	6
205.573	3
205.793	3
206.014	1
206.234	5
206.454	2
206.674	3
206.894	7
207.114	7
207.334	1
207.554	2
207.774	6
207.994	3
208.215	4
208.435	7
208.655	3
208.875	2
209.095	4
209.315	6
209.535	6
209.755	5
209.975	7
210.195	8
210.416	6
210.636	3
210.856	5
211.076	1
211.296	3
211.516	5
211.736	5
211.956	5
212.176	4
212.397	2
212.617	5
212.837	3
213.057	4
213.277	5
213.497	5
213.717	6
213.937	5
214.157	8
214.377	5
214.598	5
214.818	5
215.038	8
215.258	4
215.478	3
215.698	5
215.918	5
216.138	2
216.358	7
216.578	7
216.798	2
217.019	8
217.239	9
217.459	6
217.679	9
217.899	2
218.119	6
218.339	5
218.559	2
218.779	6
218.999	9
219.22	6
219.44	4
219.66	9
219.88	7
220.1	6
220.32	11
220.54	3
220.76	5
220.98	5
221.2	5
221.421	7
221.641	6
221.861	6
222.081	6
222.301	5
222.521	10
222.741	6
222.961	5
223.181	5
223.402	6
223.622	4
223.842	10
224.062	7
224.282	8
224.502	4
224.722	5
224.942	0
225.162	3
225.382	7
225.602	7
225.823	8
226.043	4
226.263	8
226.483	4
226.703	7
226.923	4
227.143	5
227.363	5
227.583	4
227.803	4
228.024	2
228.244	7
228.464	6
228.684	5
228.904	3
229.124	3
229.344	6
229.564	8
229.784	5
230.004	1
230.225	4
230.445	3
230.665	2
230.885	6
231.105	4
231.325	2
231.545	5
231.765	5
231.985	4
232.206	5
232.426	6
232.646	7
232.866	4
233.086	7
233.306	3
233.526	7
233.746	3
233.966	3
234.186	9
234.406	0
234.627	4
234.847	10
235.067	2
235.287	5
235.507	7
235.727	8
235.947	0
236.167	3
236.387	4
236.607	2
236.828	2
237.048	6
237.268	4
237.488	4
237.708	1
237.928	5
238.148	5
238.368	2
238.588	8
238.808	3
239.029	4
239.249	8
239.469	6
239.689	7
239.909	4
240.129	4
240.349	3
240.569	2
240.789	4
241.01	3
241.23	3
241.45	4
241.67	0
241.89	6
242.11	3
242.33	7
242.55	1
242.77	4
242.99	7
243.211	5
243.431	2
243.651	3
243.871	3
244.091	2
244.311	4
244.531	3
244.751	5
244.971	10
245.191	4
245.411	8
245.632	6
245.852	3
246.072	6
246.292	2
246.512	8
246.732	4
246.952	7
247.172	4
247.392	5
247.612	6
247.833	2
248.053	3
248.273	2
248.493	4
248.713	5
248.933	2
249.153	4
249.373	2
249.593	3
249.813	1
250.034	5
250.254	2
250.474	4
250.694	7
250.914	8
251.134	2
251.354	3
251.574	2
251.794	9
252.015	5
252.235	3
252.455	9
252.675	1
252.895	8
253.115	7
253.335	5
253.555	7
253.775	10
253.995	5
254.215	2
254.436	1
254.656	5
254.876	3
255.096	6
255.316	1
255.536	0
255.756	4
255.976	8
256.196	4
256.416	3
256.637	3
256.857	5
257.077	2
257.297	7
257.517	4
257.737	4
257.957	5
258.177	3
258.397	4
258.618	1
258.838	4
259.058	4
259.278	3
259.498	5
259.718	4
259.938	6
260.158	0
260.378	6
260.598	7
260.818	4
261.039	4
261.259	4
261.479	1
261.699	3
261.919	4
262.139	4
262.359	6
262.579	2
262.799	1
263.019	1
263.24	7
263.46	4
263.68	4
263.9	4
264.12	1
264.34	7
264.56	1
264.78	2
265	1
265.221	5
265.441	1
265.661	3
265.881	3
266.101	2
266.321	6
266.541	1
266.761	1
266.981	2
267.201	6
267.421	3
267.642	3
267.862	4
268.082	7
268.302	4
268.522	2
268.742	1
268.962	3
269.182	1
269.402	8
269.623	3
269.843	3
270.063	4
270.283	4
270.503	1
270.723	6
270.943	4
271.163	3
271.383	2
271.603	4
271.823	2
272.044	2
272.264	4
272.484	10
272.704	3
272.924	5
273.144	3
273.364	3
273.584	6
273.804	5
274.024	0
274.245	4
274.465	3
274.685	5
274.905	1
275.125	4
275.345	0
275.565	0
275.785	0
276.005	5
276.226	5
276.446	5
276.666	5
276.886	3
277.106	5
277.326	3
277.546	2
277.766	2
277.986	2
278.206	6
278.426	3
278.647	5
278.867	4
279.087	1
279.307	5
279.527	2
279.747	0
279.967	7
280.187	1
280.407	4
280.628	5
280.848	0
281.068	3
281.288	3
281.508	2
281.728	2
281.948	4
282.168	0
282.388	1
282.608	3
282.828	1
283.049	7
283.269	5
283.489	7
283.709	1
283.929	6
284.149	2
284.369	3
284.589	1
284.809	6
285.029	5
285.25	7
285.47	8
285.69	3
285.91	1
286.13	2
286.35	2
286.57	2
286.79	6
287.01	5
287.231	1
287.451	2
287.671	4
287.891	1
288.111	3
288.331	1
288.551	2
288.771	6
288.991	4
289.211	8
289.431	4
289.652	3
289.872	0
290.092	3
290.312	5
290.532	2
290.752	2
290.972	1
291.192	2
291.412	5
291.632	1
291.853	2
292.073	8
292.293	2
292.513	3
292.733	6
292.953	4
293.173	4
293.393	2
293.613	2
293.834	0
294.054	3
294.274	0
294.494	6
294.714	4
294.934	3
295.154	2
295.374	4
295.594	3
295.814	2
296.034	3
296.255	3
296.475	3
296.695	1
296.915	5
297.135	1
297.355	3
297.575	3
297.795	3
298.015	4
298.236	2
298.456	2
298.676	8
298.896	4
299.116	3
299.336	2
299.556	3
299.776	6
299.996	4
300.216	3
300.436	3
300.657	4
300.877	5
301.097	2
301.317	3
301.537	1
301.757	6
301.977	6
302.197	8
302.417	2
302.637	4
302.858	7
303.078	1
303.298	5
303.518	6
303.738	2
303.958	2
304.178	0
304.398	5
304.618	4
304.839	1
305.059	5
305.279	1
305.499	3
305.719	2
305.939	1
306.159	3
306.379	4
306.599	4
306.819	5
307.039	1
307.26	8
307.48	4
307.7	5
307.92	1
308.14	2
308.36	5
308.58	3
308.8	3
309.02	7
309.241	2
309.461	3
309.681	5
309.901	4
310.121	4
310.341	2
310.561	1
310.781	2
311.001	6
311.221	3
311.441	5
311.662	3
311.882	4
312.102	4
312.322	1
312.542	8
312.762	5
312.982	5
313.202	3
313.422	1
313.642	3
313.863	2
314.083	5
314.303	5
314.523	3
314.743	6
314.963	1
315.183	4
315.403	3
315.623	0
315.844	1
316.064	3
316.284	7
316.504	3
316.724	3
316.944	4
317.164	2
317.384	4
317.604	4
317.824	2
318.044	1
318.265	2
318.485	2
318.705	2
318.925	4
319.145	3
319.365	1
319.585	4
319.805	4
320.025	4
320.245	2
320.466	2
320.686	1
320.906	2
321.126	3
321.346	0
321.566	3
321.786	1
322.006	2
322.226	2
322.446	2
322.667	5
322.887	1
323.107	1
323.327	3
323.547	9
323.767	1
323.987	3
324.207	4
324.427	2
324.647	1
324.868	5
325.088	7
325.308	4
325.528	2
325.748	2
325.968	1
326.188	3
326.408	4
326.628	4
326.849	2
327.069	4
327.289	1
327.509	4
327.729	1
327.949	4
328.169	1
328.389	5
328.609	2
328.829	3
329.049	4
329.27	2
329.49	4
329.71	3
329.93	0
330.15	4
330.37	4
330.59	1
330.81	3
331.03	4
331.25	3
331.471	2
331.691	1
331.911	2
332.131	3
332.351	1
332.571	3
332.791	3
333.011	4
333.231	2
333.452	4
333.672	0
333.892	1
334.112	5
334.332	2
334.552	4
334.772	3
334.992	2
335.212	2
335.432	3
335.652	0
335.873	4
336.093	0
336.313	6
336.533	4
336.753	5
336.973	0
337.193	1
337.413	1
337.633	3
337.854	6
338.074	1
338.294	1
338.514	3
338.734	4
338.954	3
339.174	2
339.394	0
339.614	2
339.834	1
340.054	2
340.275	5
340.495	3
340.715	2
340.935	1
341.155	3
341.375	2
341.595	3
341.815	5
342.035	1
342.255	1
342.476	2
342.696	5
342.916	6
343.136	1
343.356	1
343.576	2
343.796	1
344.016	0
344.236	3
344.457	3
344.677	0
344.897	1
345.117	1
345.337	1
345.557	1
345.777	1
345.997	6
346.217	3
346.437	2
346.657	3
346.878	0
347.098	3
347.318	4
347.538	4
347.758	5
347.978	6
348.198	0
348.418	4
348.638	3
348.858	3
349.079	1
349.299	2
349.519	3
349.739	0
349.959	3
350.179	4
350.399	5
350.619	2
350.839	2
351.059	5
351.28	3
351.5	0
351.72	0
351.94	1
352.16	4
352.38	2
352.6	2
352.82	2
353.04	3
353.26	3
353.481	0
353.701	0
353.921	4
354.141	5
354.361	6
354.581	1
354.801	3
355.021	3
355.241	1
355.462	2
355.682	3
355.902	1
356.122	3
356.342	2
356.562	3
356.782	4
357.002	6
357.222	3
357.442	1
357.662	2
357.883	1
358.103	2
358.323	5
358.543	4
358.763	1
358.983	2
359.203	1
359.423	1
359.643	1
359.863	0
360.084	0
360.304	2
360.524	2
360.744	4
360.964	4
361.184	4
361.404	3
361.624	2
361.844	1
362.065	1
362.285	6
362.505	7
362.725	1
362.945	0
363.165	5
363.385	2
363.605	1
363.825	4
364.045	0
364.265	1
364.486	3
364.706	3
364.926	4
365.146	0
365.366	1
365.586	3
365.806	2
366.026	2
366.246	3
366.467	2
366.687	0
366.907	2
367.127	3
367.347	3
367.567	0
367.787	7
368.007	3
368.227	2
368.447	2
368.667	2
368.888	2
369.108	1
369.328	3
369.548	2
369.768	2
369.988	1
370.208	1
370.428	5
370.648	2
370.868	4
371.089	4
371.309	4
371.529	6
371.749	4
371.969	7
372.189	2
372.409	1
372.629	2
372.849	2
373.07	7
373.29	6
373.51	5
373.73	2
373.95	2
374.17	4
374.39	5
374.61	1
374.83	2
375.05	2
375.27	4
375.491	3
375.711	2
375.931	4
376.151	1
376.371	4
376.591	2
376.811	8
377.031	1
377.251	1
377.471	2
377.692	2
377.912	0
378.132	0
378.352	1
378.572	1
378.792	0
379.012	2
379.232	2
379.452	1
379.672	1
379.893	2
380.113	1
380.333	4
380.553	5
380.773	0
380.993	1
381.213	4
381.433	4
381.653	2
381.873	3
382.094	1
382.314	1
382.534	1
382.754	1
382.974	5
383.194	2
383.414	4
383.634	2
383.854	4
384.075	2
384.295	5
384.515	1
384.735	0
384.955	1
385.175	3
385.395	1
385.615	3
385.835	2
386.055	4
386.275	2
386.496	2
386.716	1
386.936	1
387.156	2
387.376	3
387.596	2
387.816	2
388.036	1
388.256	2
388.476	0
388.697	1
388.917	1
389.137	2
389.357	2
389.577	1
389.797	2
390.017	3
390.237	0
390.457	4
390.678	3
390.898	5
391.118	2
391.338	3
391.558	1
391.778	1
391.998	4
392.218	2
392.438	3
392.658	1
392.878	2
393.099	3
393.319	6
393.539	1
393.759	2
393.979	2
394.199	3
394.419	1
394.639	2
394.859	3
395.08	2
395.3	2
395.52	0
395.74	2
395.96	1
396.18	2
396.4	2
396.62	4
396.84	3
397.06	2
397.28	1
397.501	4
397.721	3
397.941	4
398.161	1
398.381	0
398.601	3
398.821	3
399.041	2
399.261	1
399.481	3
399.702	2
399.922	2
400.142	3
400.362	5
400.582	3
400.802	0
401.022	4
401.242	3
401.462	1
401.683	4
401.903	2
402.123	1
402.343	1
402.563	0
402.783	3
403.003	2
403.223	2
403.443	3
403.663	0
403.883	4
404.104	1
404.324	2
404.544	2
404.764	3
404.984	5
405.204	4
405.424	2
405.644	3
405.864	3
406.084	1
406.305	3
406.525	1
406.745	3
406.965	2
407.185	3
407.405	2
407.625	1
407.845	1
408.065	3
408.285	1
408.506	1
408.726	3
408.946	1
409.166	1
409.386	4
409.606	5
409.826	2
410.046	0
410.266	1
410.486	0
410.707	2
410.927	3
411.147	3
411.367	1
411.587	0
411.807	2
412.027	2
412.247	1
412.467	3
412.688	2
412.908	0
413.128	7
413.348	2
413.568	1
413.788	1
414.008	3
414.228	1
414.448	2
414.668	3
414.888	1
415.109	2
415.329	3
415.549	1
415.769	1
415.989	0
416.209	3
416.429	2
416.649	1
416.869	2
417.089	3
417.31	1
417.53	2
417.75	2
417.97	2
418.19	2
418.41	4
418.63	3
418.85	0
419.07	8
419.291	1
419.511	2
419.731	2
419.951	3
420.171	0
420.391	1
420.611	4
420.831	1
421.051	3
421.271	1
421.491	1
421.712	3
421.932	2
422.152	4
422.372	1
422.592	1
422.812	1
423.032	0
423.252	3
423.472	0
423.693	2
423.913	0
424.133	0
424.353	2
424.573	2
424.793	4
425.013	2
425.233	2
425.453	3
425.673	1
425.893	1
426.114	3
426.334	7
426.554	1
426.774	2
426.994	1
427.214	3
427.434	2
427.654	3
427.874	0
428.094	2
428.315	0
428.535	1
428.755	5
428.975	1
429.195	2
429.415	2
429.635	1
429.855	1
430.075	1
430.296	1
430.516	2
430.736	1
430.956	1
431.176	3
431.396	4
431.616	1
431.836	1
432.056	0
432.276	0
432.496	2
432.717	2
432.937	0
433.157	4
433.377	0
433.597	2
433.817	4
434.037	1
434.257	1
434.477	1
434.697	2
434.918	3
435.138	1
435.358	2
435.578	1
435.798	0
436.018	2
436.238	1
436.458	4
436.678	3
436.898	1
437.119	2
437.339	2
437.559	0
437.779	1
437.999	1
438.219	3
438.439	2
438.659	0
438.879	2
439.099	2
439.32	0
439.54	1
439.76	0
439.98	2
440.2	1
440.42	3
440.64	1
440.86	1
441.08	1
441.301	0
441.521	3
441.741	1
441.961	0
442.181	4
442.401	2
442.621	3
442.841	2
443.061	3
443.281	1
443.501	3
443.722	1
443.942	0
444.162	1
444.382	1
444.602	2
444.822	1
445.042	3
445.262	0
445.482	3
445.702	5
445.923	1
446.143	2
446.363	1
446.583	1
446.803	3
447.023	2
447.243	2
447.463	3
447.683	3
447.904	3
448.124	3
448.344	2
448.564	1
448.784	1
449.004	2
449.224	2
449.444	3
449.664	1
449.884	2
450.104	4
450.325	2
450.545	1
450.765	1
450.985	2
451.205	2
451.425	4
451.645	0
451.865	1
452.085	2
452.305	3
452.526	3
452.746	2
452.966	3
453.186	1
453.406	5
453.626	6
453.846	1
454.066	0
454.286	1
454.506	2
454.727	3
454.947	2
455.167	1
455.387	1
455.607	3
455.827	3
456.047	2
456.267	1
456.487	3
456.707	4
456.928	3
457.148	0
457.368	1
457.588	0
457.808	1
458.028	3
458.248	2
458.468	5
458.688	0
458.909	2
459.129	3
459.349	1
459.569	6
459.789	0
460.009	1
460.229	5
460.449	3
460.669	2
460.889	2
461.109	0
461.33	3
461.55	0
461.77	3
461.99	2
462.21	2
462.43	1
462.65	4
462.87	0
463.09	4
463.31	1
463.531	1
463.751	2
463.971	0
464.191	0
464.411	0
464.631	2
464.851	1
465.071	3
465.291	0
465.511	1
465.732	4
465.952	1
466.172	1
466.392	1
466.612	1
466.832	1
467.052	1
467.272	2
467.492	3
467.712	1
467.933	0
468.153	2
468.373	2
468.593	3
468.813	2
469.033	2
469.253	1
469.473	2
469.693	1
469.914	2
470.134	2
470.354	2
470.574	3
470.794	3
471.014	1
471.234	1
471.454	2
471.674	2
471.894	1
472.114	0
472.335	1
472.555	1
472.775	1
472.995	2
473.215	3
473.435	1
473.655	3
473.875	0
474.095	2
474.315	1
474.536	1
474.756	4
474.976	1
475.196	2
475.416	0
475.636	2
475.856	0
476.076	1
476.296	0
476.516	3
476.737	2
476.957	0
477.177	1
477.397	1
477.617	2
477.837	3
478.057	4
478.277	5
478.497	0
478.717	2
478.938	1
479.158	1
479.378	4
479.598	3
479.818	3
480.038	1
480.258	2
480.478	3
480.698	3
480.918	1
481.139	0
481.359	1
481.579	0
481.799	1
482.019	3
482.239	2
482.459	1
482.679	1
482.899	1
483.119	3
483.34	2
483.56	1
483.78	4
484	1
484.22	0
484.44	0
484.66	3
484.88	0
485.1	1
485.32	3
485.541	2
485.761	2
485.981	2
486.201	3
486.421	0
486.641	1
486.861	0
487.081	4
487.301	4
487.522	1
487.742	1
487.962	2
488.182	2
488.402	1
488.622	2
488.842	1
489.062	2
489.282	5
489.502	3
489.722	2
489.943	0
490.163	2
490.383	3
490.603	0
490.823	1
491.043	0
491.263	4
491.483	1
491.703	2
491.923	0
492.144	1
492.364	2
492.584	2
492.804	0
493.024	3
493.244	3
493.464	2
493.684	3
493.904	1
494.124	0
494.345	0
494.565	1
494.785	5
495.005	2
495.225	3
495.445	1
495.665	0
495.885	2
496.105	0
496.325	0
496.546	0
496.766	0
496.986	5
497.206	4
497.426	3
497.646	1
497.866	1
498.086	1
498.306	2
498.527	2
498.747	2
498.967	0
499.187	2
499.407	1
499.627	0
499.847	1
500.067	0
500.287	3
500.507	1
500.727	0
500.948	0
501.168	0
501.388	4
501.608	1
501.828	3
502.048	2
502.268	1
502.488	2
502.708	1
502.928	2
503.149	1
503.369	2
503.589	3
503.809	1
504.029	0
504.249	3
504.469	0
504.689	1
504.909	3
505.129	1
505.35	0
505.57	0
505.79	3
506.01	3
506.23	4
506.45	0
506.67	1
506.89	2
507.11	0
507.33	2
507.551	1
507.771	0
507.991	2
508.211	0
508.431	3
508.651	2
508.871	1
509.091	0
509.311	4
509.531	3
509.752	2
509.972	1
510.192	1
510.412	2
510.632	3
510.852	3
511.072	2
511.292	4
511.512	2
511.732	1
511.953	1
512.173	2
512.393	2
512.613	1
512.833	2
513.053	1
513.273	1
513.493	1
513.713	1
513.933	0
514.154	1
514.374	2
514.594	1
514.814	2
515.034	2
515.254	0
515.474	2
515.694	3
515.914	1
516.135	5
516.355	2
516.575	1
516.795	0
517.015	0
517.235	2
517.455	2
517.675	7
517.895	2
518.115	3
518.336	0
518.556	2
518.776	1
518.996	3
519.216	1
519.436	0
519.656	2
519.876	2
520.096	0
520.316	1
520.536	2
520.757	0
520.977	0
521.197	3
521.417	1
521.637	2
521.857	1
522.077	4
522.297	0
522.517	3
522.737	1
522.958	0
523.178	0
523.398	1
523.618	1
523.838	2
524.058	1
524.278	0
524.498	0
524.718	4
524.938	1
525.159	1
525.379	4
525.599	3
525.819	4
526.039	3
526.259	2
526.479	2
526.699	2
526.919	1
527.14	3
527.36	1
527.58	3
527.8	3
528.02	1
528.24	0
528.46	0
528.68	0
528.9	3
529.12	0
529.341	0
529.561	1
529.781	4
530.001	2
530.221	0
530.441	0
530.661	0
530.881	0
531.101	0
531.321	1
531.541	1
531.762	2
531.982	2
532.202	1
532.422	0
532.642	1
532.862	1
533.082	1
533.302	1
533.522	6
533.742	1
533.963	0
534.183	2
534.403	2
534.623	2
534.843	2
535.063	0
535.283	3
535.503	3
535.723	1
535.943	1
536.164	0
536.384	0
536.604	3
536.824	0
537.044	1
537.264	1
537.484	1
537.704	0
537.924	2
538.144	2
538.365	0
538.585	1
538.805	1
539.025	1
539.245	2
539.465	2
539.685	2
539.905	1
540.125	2
540.346	4
540.566	2
540.786	3
541.006	0
541.226	2
541.446	2
541.666	1
541.886	1
542.106	1
542.326	2
542.546	1
542.767	1
542.987	1
543.207	0
543.427	5
543.647	3
543.867	1
544.087	1
544.307	4
544.527	0
544.747	0
544.968	2
545.188	2
545.408	1
545.628	3
545.848	3
546.068	3
546.288	0
546.508	0
546.728	0
546.948	1
547.169	2
547.389	2
547.609	2
547.829	1
548.049	1
548.269	0
548.489	2
548.709	1
548.929	3
549.149	1
549.37	4
549.59	0
549.81	2
550.03	1
550.25	3
550.47	2
550.69	4
550.91	2
551.13	2
551.351	1
551.571	3
551.791	2
552.011	3
552.231	2
552.451	0
552.671	3
552.891	0
553.111	2
553.331	0
553.551	0
553.772	2
553.992	3
554.212	1
554.432	2
554.652	1
554.872	1
555.092	0
555.312	3
555.532	0
555.752	0
555.973	2
556.193	2
556.413	0
556.633	2
556.853	0
557.073	2
557.293	5
557.513	1
557.733	1
557.953	2
558.174	1
558.394	0
558.614	2
558.834	1
559.054	3
559.274	2
559.494	1
559.714	1
559.934	1
560.154	2
560.375	1
560.595	3
560.815	1
561.035	2
561.255	1
561.475	1
561.695	1
561.915	0
562.135	2
562.356	1
562.576	1
562.796	3
563.016	2
563.236	2
563.456	8
563.676	2
563.896	5
564.116	1
564.336	5
564.557	3
564.777	2
564.997	0
565.217	1
565.437	0
565.657	1
565.877	0
566.097	2
566.317	2
566.537	3
566.757	1
566.978	3
567.198	2
567.418	1
567.638	3
567.858	1
568.078	3
568.298	2
568.518	1
568.738	2
568.958	1
569.179	1
569.399	1
569.619	3
569.839	1
570.059	1
570.279	1
570.499	0
570.719	1
570.939	3
571.159	2
571.38	2
571.6	2
571.82	2
572.04	1
572.26	3
572.48	0
572.7	0
572.92	0
573.14	1
573.361	4
573.581	1
573.801	0
574.021	0
574.241	0
574.461	3
574.681	2
574.901	1
575.121	0
575.341	0
575.562	1
575.782	1
576.002	3
576.222	3
576.442	1
576.662	2
576.882	2
577.102	3
577.322	2
577.542	2
577.762	3
577.983	1
578.203	1
578.423	2
578.643	0
578.863	2
579.083	1
579.303	2
579.523	2
579.743	2
579.963	0
580.184	1
580.404	1
580.624	1
580.844	4
581.064	1
581.284	0
581.504	2
581.724	2
581.944	1
582.164	1
582.385	0
582.605	0
582.825	3
583.045	1
583.265	2
583.485	0
583.705	1
583.925	1
584.145	3
584.366	3
584.586	2
584.806	2
585.026	2
585.246	4
585.466	1
585.686	2
585.906	4
586.126	0
586.346	1
586.567	5
586.787	2
587.007	2
587.227	4
587.447	2
587.667	1
587.887	1
588.107	3
588.327	4
588.547	6
588.767	0
588.988	0
589.208	2
589.428	3
589.648	0
589.868	5
590.088	3
590.308	3
590.528	1
590.748	0
590.968	4
591.189	0
591.409	2
591.629	2
591.849	2
592.069	1
592.289	0
592.509	2
592.729	2
592.949	1
593.169	0
593.39	1
593.61	3
593.83	4
594.05	5
594.27	1
594.49	1
594.71	1
594.93	4
595.15	0
595.37	0
595.591	2
595.811	1
596.031	1
596.251	4
596.471	4
596.691	0
596.911	3
597.131	2
597.351	2
597.572	1
597.792	1
598.012	1
598.232	3
598.452	0
598.672	0
598.892	1
599.112	2
599.332	1
599.552	2
599.772	2
599.993	1
600.213	1
600.433	1
600.653	1
600.873	0
601.093	2
601.313	1
601.533	0
601.753	0
601.973	0
602.194	1
602.414	0
602.634	2
602.854	1
603.074	0
603.294	2
603.514	0
603.734	4
603.954	1
604.174	2
604.395	3
604.615	2
604.835	2
605.055	3
605.275	2
605.495	3
605.715	2
605.935	2
606.155	2
606.375	1
606.596	4
606.816	0
607.036	3
607.256	1
607.476	2
607.696	2
607.916	2
608.136	0
608.356	2
608.577	1
608.797	3
609.017	2
609.237	1
609.457	2
609.677	1
609.897	3
610.117	1
610.337	4
610.557	2
610.777	1
610.998	0
611.218	1
611.438	1
611.658	0
611.878	0
612.098	0
612.318	0
612.538	0
612.758	1
612.978	5
613.199	1
613.419	1
613.639	4
613.859	0
614.079	2
614.299	1
614.519	0
614.739	2
614.959	2
615.179	2
615.4	0
615.62	3
615.84	0
616.06	0
616.28	1
616.5	1
616.72	1
616.94	0
617.16	0
617.38	4
617.601	3
617.821	5
618.041	3
618.261	4
618.481	2
618.701	1
618.921	0
619.141	1
619.361	1
619.582	3
619.802	1
620.022	1
620.242	1
620.462	0
620.682	3
620.902	1
621.122	0
621.342	3
621.562	1
621.783	2
622.003	0
622.223	1
622.443	1
622.663	1
622.883	0
623.103	3
623.323	1
623.543	3
623.763	0
623.983	3
624.204	0
624.424	1
624.644	1
624.864	4
625.084	0
625.304	4
625.524	3
625.744	1
625.964	2
626.184	0
626.405	1
626.625	1
626.845	2
627.065	0
627.285	1
627.505	2
627.725	1
627.945	0
628.165	0
628.385	1
628.606	0
628.826	2
629.046	1
629.266	1
629.486	3
629.706	1
629.926	3
630.146	1
630.366	4
630.587	1
630.807	4
631.027	2
631.247	1
631.467	4
631.687	1
631.907	3
632.127	3
632.347	3
632.567	3
632.788	1
633.008	0
633.228	3
633.448	0
633.668	2
633.888	1
634.108	2
634.328	1
634.548	0
634.768	1
634.988	2
635.209	1
635.429	2
635.649	0
635.869	0
636.089	3
636.309	1
636.529	0
636.749	3
636.969	6
637.189	3
637.41	0
637.63	5
637.85	1
638.07	2
638.29	2
638.51	3
638.73	1
638.95	3
639.17	1
639.39	0
639.611	2
639.831	2
640.051	0
640.271	2
640.491	1
640.711	4
640.931	1
641.151	0
641.371	1
641.592	3
641.812	2
642.032	1
642.252	1
642.472	5
642.692	3
642.912	1
643.132	0
643.352	1
643.572	2
643.793	2
644.013	2
644.233	3
644.453	0
644.673	1
644.893	1
645.113	1
645.333	2
645.553	1
645.773	0
645.993	0
646.214	2
646.434	3
646.654	1
646.874	2
647.094	1
647.314	2
647.534	2
647.754	0
647.974	2
648.194	0
648.415	0
648.635	1
648.855	1
649.075	1
649.295	4
649.515	2
649.735	1
649.955	2
650.175	1
650.395	2
650.616	0
650.836	2
651.056	1
651.276	2
651.496	1
651.716	0
651.936	2
652.156	1
652.376	1
652.596	2
652.817	0
653.037	1
653.257	4
653.477	0
653.697	0
653.917	1
654.137	5
654.357	2
654.577	2
654.798	1
655.018	2
655.238	1
655.458	1
655.678	0
655.898	0
656.118	2
656.338	1
656.558	1
656.778	2
656.998	3
657.219	2
657.439	1
657.659	2
657.879	1
658.099	2
658.319	2
658.539	3
658.759	3
658.979	1
659.199	2
659.42	1
659.64	1
659.86	5
660.08	2
660.3	0
660.52	4
660.74	0
660.96	1
661.18	7
661.4	1
661.621	2
661.841	2
662.061	0
662.281	0
662.501	2
662.721	2
662.941	2
663.161	0
663.381	1
663.601	3
663.822	1
664.042	1
664.262	1
664.482	1
664.702	2
664.922	2
665.142	1
665.362	3
665.582	2
665.803	1
666.023	2
666.243	2
666.463	2
666.683	3
666.903	0
667.123	4
667.343	1
667.563	1
667.783	0
668.003	0
668.224	0
668.444	1
668.664	1
668.884	1
669.104	3
669.324	4
669.544	3
669.764	0
669.984	0
670.204	1
670.425	1
670.645	2
670.865	2
671.085	3
671.305	0
671.525	2
671.745	2
671.965	2
672.185	0
672.405	4
672.626	2
672.846	2
673.066	1
673.286	0
673.506	4
673.726	3
673.946	1
674.166	0
674.386	2
674.606	1
674.827	1
675.047	2
675.267	5
675.487	1
675.707	0
675.927	3
676.147	3
676.367	1
676.587	2
676.808	4
677.028	1
677.248	1
677.468	0
677.688	1
677.908	3
678.128	0
678.348	3
678.568	1
678.788	1
679.008	0
679.229	1
679.449	2
679.669	2
679.889	1
680.109	3
680.329	0
680.549	2
680.769	2
680.989	2
681.209	3
681.43	1
681.65	1
681.87	2
682.09	0
682.31	3
682.53	0
682.75	1
682.97	3
683.19	3
683.41	2
683.631	3
683.851	1
684.071	1
684.291	1
684.511	0
684.731	0
684.951	1
685.171	4
685.391	0
685.611	3
685.832	2
686.052	0
686.272	3
686.492	1
686.712	0
686.932	3
687.152	1
687.372	1
687.592	3
687.813	1
688.033	3
688.253	2
688.473	0
688.693	2
688.913	3
689.133	0
689.353	0
689.573	2
689.793	0
690.014	1
690.234	5
690.454	1
690.674	0
690.894	1
691.114	2
691.334	1
691.554	4
691.774	4
691.994	1
692.214	0
692.435	2
692.655	4
692.875	1
693.095	1
693.315	1
693.535	2
693.755	1
693.975	2
694.195	0
694.415	0
694.636	1
694.856	2
695.076	2
695.296	0
695.516	2
695.736	1
695.956	2
696.176	1
696.396	2
696.616	0
696.837	4
697.057	1
697.277	2
697.497	3
697.717	0
697.937	2
698.157	5
698.377	1
698.597	0
698.818	1
699.038	1
699.258	1
699.478	1
699.698	0
699.918	0
700.138	2
700.358	2
700.578	0
700.798	2
701.019	1
701.239	1
701.459	0
701.679	5
701.899	0
702.119	2
702.339	3
702.559	2
702.779	2
702.999	1
703.219	1
703.44	3
703.66	1
703.88	2
704.1	4
704.32	2
704.54	4
704.76	2
704.98	2
705.2	2
705.42	1
705.641	1
705.861	1
706.081	0
706.301	3
706.521	1
706.741	0
706.961	2
707.181	1
707.401	3
707.621	2
707.842	1
708.062	0
708.282	1
708.502	2
708.722	2
708.942	1
709.162	0
709.382	1
709.602	0
709.822	1
710.043	1
710.263	0
710.483	1
710.703	3
710.923	1
711.143	1
711.363	2
711.583	0
711.803	2
712.024	1
712.244	2
712.464	0
712.684	1
712.904	2
713.124	0
713.344	1
713.564	0
713.784	1
714.004	1
714.224	0
714.445	4
714.665	1
714.885	2
715.105	2
715.325	2
715.545	2
715.765	1
715.985	1
716.205	3
716.425	2
716.646	0
716.866	1
717.086	1
717.306	1
717.526	1
717.746	1
717.966	1
718.186	0
718.406	2
718.626	3
718.847	3
719.067	1
719.287	1
719.507	3
719.727	1
719.947	0
720.167	3
720.387	0
720.607	3
720.827	3
721.048	2
721.268	1
721.488	0
721.708	1
721.928	1
722.148	0
722.368	1
722.588	4
722.808	3
723.029	1
723.249	1
723.469	2
723.689	1
723.909	1
724.129	1
724.349	5
724.569	1
724.789	2
725.009	5
725.229	3
725.45	1
725.67	1
725.89	0
726.11	3
726.33	3
726.55	0
726.77	2
726.99	0
727.21	3
727.43	1
727.651	3
727.871	2
728.091	1
728.311	1
728.531	2
728.751	4
728.971	2
729.191	2
729.411	1
729.631	0
729.852	3
730.072	4
730.292	3
730.512	1
730.732	3
730.952	2
731.172	1
731.392	1
731.612	3
731.832	0
732.053	2
732.273	1
732.493	2
732.713	0
732.933	2
733.153	1
733.373	1
733.593	3
733.813	2
734.034	1
734.254	0
734.474	0
734.694	2
734.914	1
735.134	3
735.354	0
735.574	3
735.794	1
736.014	2
736.234	0
736.455	5
736.675	1
736.895	3
737.115	0
737.335	1
737.555	1
737.775	2
737.995	3
738.215	0
738.435	1
738.656	1
738.876	1
739.096	2
739.316	1
739.536	0
739.756	0
739.976	2
740.196	0
740.416	1
740.636	2
740.857	1
741.077	3
741.297	0
741.517	2
741.737	1
741.957	4
742.177	4
742.397	3
742.617	1
742.837	2
743.058	3
743.278	2
743.498	3
743.718	1
743.938	1
744.158	1
744.378	2
744.598	4
744.818	1
745.039	1
745.259	1
745.479	2
745.699	0
745.919	0
746.139	1
746.359	0
746.579	1
746.799	4
747.019	1
747.24	1
747.46	1
747.68	1
747.9	1
748.12	4
748.34	1
748.56	2
748.78	1
749	1
749.22	3
749.44	2
749.661	3
749.881	4
750.101	0
750.321	1
750.541	3
750.761	0
750.981	1
751.201	2
751.421	0
751.641	1
751.862	2
752.082	2
752.302	1
752.522	1
752.742	2
752.962	1
753.182	1
753.402	0
753.622	2
753.842	0
754.063	2
754.283	0
754.503	1
754.723	2
754.943	2
755.163	2
755.383	1
755.603	1
755.823	0
756.043	2
756.264	3
756.484	2
756.704	3
756.924	0
757.144	0
757.364	2
757.584	1
757.804	2
758.024	1
758.245	1
758.465	1
758.685	3
758.905	3
759.125	2
759.345	2
759.565	4
759.785	3
760.005	2
760.225	2
760.445	1
760.666	0
760.886	4
761.106	0
761.326	2
761.546	3
761.766	2
761.986	0
762.206	1
762.426	1
762.646	0
762.867	2
763.087	1
763.307	2
763.527	1
763.747	3
763.967	0
764.187	1
764.407	3
764.627	1
764.847	0
765.068	1
765.288	2
765.508	1
765.728	3
765.948	1
766.168	0
766.388	0
766.608	1
766.828	0
767.048	0
767.269	2
767.489	1
767.709	1
767.929	0
768.149	2
768.369	4
768.589	2
768.809	1
769.029	1
769.25	2
769.47	1
769.69	2
769.91	1
770.13	0
770.35	0
770.57	5
770.79	1
771.01	3
771.23	1
771.45	1
771.671	2
771.891	1
772.111	2
772.331	1
772.551	1
772.771	5
772.991	3
773.211	1
773.431	2
773.651	1
773.872	2
774.092	1
774.312	1
774.532	1
774.752	3
774.972	0
775.192	1
775.412	3
775.632	1
775.852	0
776.073	2
776.293	1
776.513	1
776.733	2
776.953	1
777.173	2
777.393	3
777.613	1
777.833	2
778.053	0
778.274	2
778.494	1
778.714	1
778.934	2
779.154	1
779.374	2
779.594	2
779.814	0
780.034	4
780.255	3
780.475	3
780.695	2
780.915	1
781.135	3
781.355	4
781.575	2
781.795	2
782.015	1
782.235	3
782.455	2
782.676	2
782.896	3
783.116	0
783.336	0
783.556	1
783.776	0
783.996	1
784.216	1
784.436	3
784.656	2
784.877	0
785.097	1
785.317	3
785.537	3
785.757	2
785.977	0
786.197	1
786.417	3
786.637	3
786.857	4
787.078	2
787.298	0
787.518	1
787.738	3
787.958	2
788.178	1
788.398	2
788.618	1
788.838	1
789.058	0
789.279	5
789.499	1
789.719	0
789.939	0
790.159	2
790.379	5
790.599	1
790.819	2
791.039	2
791.26	1
791.48	2
791.7	3
791.92	2
792.14	1
792.36	1
792.58	2
792.8	1
793.02	1
793.24	2
793.46	3
793.681	2
793.901	4
794.121	2
794.341	0
794.561	1
794.781	3
795.001	2
795.221	3
795.441	2
795.661	2
795.882	2
796.102	4
796.322	1
796.542	3
796.762	1
796.982	0
797.202	2
797.422	3
797.642	2
797.862	0
798.083	2
798.303	3
798.523	2
798.743	0
798.963	3
799.183	2
799.403	3
799.623	3
799.843	3
800.063	2
800.284	1
800.504	3
800.724	4
800.944	1
801.164	0
801.384	1
801.604	2
801.824	1
802.044	2
802.265	1
802.485	1
802.705	2
802.925	0
803.145	1
803.365	0
803.585	0
803.805	4
804.025	3
804.245	3
804.466	0
804.686	3
804.906	1
805.126	3
805.346	2
805.566	2
805.786	3
806.006	0
806.226	1
806.446	3
806.666	2
806.887	0
807.107	4
807.327	0
807.547	3
807.767	3
807.987	2
808.207	2
808.427	0
808.647	5
808.867	3
809.088	3
809.308	2
809.528	2
809.748	3
809.968	1
810.188	2
810.408	2
810.628	1
810.848	3
811.068	4
811.289	1
811.509	2
811.729	2
811.949	2
812.169	2
812.389	0
812.609	0
812.829	1
813.049	2
813.269	1
813.49	3
813.71	2
813.93	4
814.15	0
814.37	1
814.59	2
814.81	0
815.03	1
815.25	2
815.471	1
815.691	5
815.911	4
816.131	0
816.351	1
816.571	0
816.791	1
817.011	2
817.231	2
817.451	4
817.671	1
817.892	0
818.112	4
818.332	1
818.552	1
818.772	4
818.992	3
819.212	2
819.432	0
819.652	5
819.872	2
820.093	0
820.313	1
820.533	2
820.753	0
820.973	3
821.193	1
821.413	2
821.633	1
821.853	1
822.073	3
822.294	2
822.514	3
822.734	0
822.954	0
823.174	2
823.394	3
823.614	3
823.834	4
824.054	2
824.274	3
824.495	1
824.715	0
824.935	3
825.155	0
825.375	5
825.595	2
825.815	2
826.035	3
826.255	0
826.476	6
826.696	1
826.916	4
827.136	2
827.356	2
827.576	1
827.796	1
828.016	5
828.236	2
828.456	1
828.676	0
828.897	1
829.117	2
829.337	4
829.557	3
829.777	1
829.997	0
830.217	2
830.437	0
830.657	1
830.877	3
831.098	4
831.318	2
831.538	1
831.758	4
831.978	2
832.198	1
832.418	4
832.638	1
832.858	3
833.078	1
833.299	1
833.519	2
833.739	3
833.959	1
834.179	0
834.399	0
834.619	2
834.839	0
835.059	3
835.279	3
835.5	2
835.72	1
835.94	5
836.16	2
836.38	0
836.6	4
836.82	1
837.04	6
837.26	2
837.481	0
837.701	2
837.921	0
838.141	3
838.361	2
838.581	2
838.801	3
839.021	1
839.241	4
839.461	2
839.681	2
839.902	1
840.122	2
840.342	1
840.562	2
840.782	0
841.002	1
841.222	1
841.442	1
841.662	3
841.882	4
842.103	2
842.323	2
842.543	1
842.763	3
842.983	4
843.203	3
843.423	3
843.643	0
843.863	0
844.083	2
844.304	3
844.524	4
844.744	0
844.964	3
845.184	2
845.404	2
845.624	0
845.844	1
846.064	3
846.284	2
846.505	3
846.725	2
846.945	1
847.165	1
847.385	2
847.605	3
847.825	2
848.045	1
848.265	0
848.486	0
848.706	1
848.926	3
849.146	3
849.366	1
849.586	0
849.806	2
850.026	0
850.246	3
850.466	1
850.686	0
850.907	3
851.127	1
851.347	0
851.567	1
851.787	2
852.007	1
852.227	0
852.447	1
852.667	4
852.887	3
853.108	2
853.328	3
853.548	4
853.768	1
853.988	2
854.208	3
854.428	1
854.648	2
854.868	3
855.088	1
855.309	4
855.529	2
855.749	1
855.969	1
856.189	4
856.409	1
856.629	0
856.849	4
857.069	0
857.289	1
857.51	3
857.73	4
857.95	2
858.17	0
858.39	3
858.61	3
858.83	0
859.05	4
859.27	2
859.491	1
859.711	3
859.931	1
860.151	1
860.371	1
860.591	1
860.811	3
861.031	2
861.251	0
861.471	3
861.691	3
861.912	3
862.132	0
862.352	1
862.572	2
862.792	2
863.012	2
863.232	0
863.452	7
863.672	2
863.892	2
864.113	3
864.333	1
864.553	2
864.773	1
864.993	3
865.213	0
865.433	0
865.653	3
865.873	1
866.093	4
866.314	4
866.534	2
866.754	1
866.974	4
867.194	2
867.414	0
867.634	1
867.854	3
868.074	0
868.294	1
868.515	0
868.735	3
868.955	4
869.175	2
869.395	1
869.615	2
869.835	3
870.055	2
870.275	4
870.495	3
870.716	2
870.936	2
871.156	1
871.376	2
871.596	3
871.816	1
872.036	1
872.256	1
872.476	2
872.697	4
872.917	3
873.137	4
873.357	4
873.577	1
873.797	2
874.017	2
874.237	2
874.457	3
874.677	0
874.897	4
875.118	1
875.338	7
875.558	1
875.778	3
875.998	2
876.218	7
876.438	2
876.658	1
876.878	5
877.098	2
877.319	1
877.539	1
877.759	0
877.979	1
878.199	2
878.419	1
878.639	2
878.859	2
879.079	3
879.299	2
879.52	0
879.74	0
879.96	3
880.18	0
880.4	4
880.62	5
880.84	2
881.06	3
881.28	0
881.5	2
881.721	5
881.941	3
882.161	2
882.381	0
882.601	2
882.821	0
883.041	3
883.261	3
883.481	3
883.702	0
883.922	1
884.142	3
884.362	4
884.582	1
884.802	3
885.022	3
885.242	0
885.462	1
885.682	2
885.902	2
886.123	4
886.343	3
886.563	3
886.783	2
887.003	1
887.223	0
887.443	2
887.663	2
887.883	3
888.103	0
888.324	3
888.544	2
888.764	2
888.984	1
889.204	0
889.424	0
889.644	2
889.864	1
890.084	3
890.304	1
890.525	3
890.745	0
890.965	1
891.185	1
891.405	1
891.625	2
891.845	4
892.065	2
892.285	3
892.505	0
892.726	0
892.946	4
893.166	3
893.386	5
893.606	4
893.826	4
894.046	2
894.266	5
894.486	2
894.707	4
894.927	1
895.147	2
895.367	3
895.587	2
895.807	1
896.027	3
896.247	1
896.467	2
896.687	1
896.907	2
897.128	2
897.348	0
897.568	3
897.788	5
898.008	2
898.228	1
898.448	2
898.668	4
898.888	1
899.108	2
899.329	8
899.549	2
899.769	0
899.989	0
900.209	4
900.429	0
900.649	1
900.869	3
901.089	4
901.309	4
901.53	1
901.75	2
901.97	3
902.19	2
902.41	1
902.63	2
902.85	0
903.07	3
903.29	3
903.51	3
903.731	5
903.951	5
904.171	2
904.391	1
904.611	6
904.831	1
905.051	2
905.271	1
905.491	2
905.712	1
905.932	3
906.152	7
906.372	3
906.592	2
906.812	5
907.032	0
907.252	3
907.472	3
907.692	5
907.912	1
908.133	1
908.353	2
908.573	0
908.793	1
909.013	1
909.233	4
909.453	4
909.673	5
909.893	2
910.113	0
910.334	4
910.554	2
910.774	2
910.994	4
911.214	2
911.434	4
911.654	2
911.874	3
912.094	1
912.314	1
912.535	2
912.755	3
912.975	2
913.195	2
913.415	5
913.635	4
913.855	1
914.075	3
914.295	1
914.515	3
914.736	6
914.956	1
915.176	3
915.396	2
915.616	3
915.836	3
916.056	0
916.276	3
916.496	3
916.717	4
916.937	1
917.157	2
917.377	3
917.597	3
917.817	2
918.037	2
918.257	1
918.477	3
918.697	3
918.917	1
919.138	2
919.358	2
919.578	2
919.798	1
920.018	3
920.238	1
920.458	3
920.678	2
920.898	3
921.118	3
921.339	2
921.559	2
921.779	2
921.999	3
922.219	2
922.439	4
922.659	3
922.879	2
923.099	2
923.319	3
923.54	3
923.76	6
923.98	1
924.2	4
924.42	2
924.64	2
924.86	2
925.08	1
925.3	3
925.52	3
925.741	2
925.961	1
926.181	1
926.401	2
926.621	1
926.841	2
927.061	4
927.281	3
927.501	4
927.721	1
927.942	5
928.162	1
928.382	2
928.602	3
928.822	3
929.042	4
929.262	2
929.482	1
929.702	1
929.923	3
930.143	1
930.363	3
930.583	1
930.803	3
931.023	1
931.243	2
931.463	2
931.683	0
931.903	2
932.123	2
932.344	4
932.564	5
932.784	2
933.004	1
933.224	0
933.444	2
933.664	2
933.884	3
934.104	5
934.324	1
934.545	5
934.765	1
934.985	1
935.205	4
935.425	2
935.645	3
935.865	5
936.085	2
936.305	1
936.525	3
936.746	2
936.966	5
937.186	1
937.406	3
937.626	4
937.846	3
938.066	3
938.286	1
938.506	1
938.726	1
938.947	6
939.167	5
939.387	4
939.607	1
939.827	2
940.047	3
940.267	2
940.487	4
940.707	1
940.928	4
941.148	2
941.368	3
941.588	1
941.808	1
942.028	4
942.248	2
942.468	1
942.688	1
942.908	5
943.128	0
943.349	3
943.569	1
943.789	0
944.009	6
944.229	4
944.449	0
944.669	4
944.889	4
945.109	2
945.329	2
945.55	0
945.77	2
945.99	2
946.21	3
946.43	4
946.65	2
946.87	1
947.09	7
947.31	5
947.53	0
947.751	2
947.971	5
948.191	2
948.411	3
948.631	3
948.851	3
949.071	5
949.291	2
949.511	2
949.731	5
949.952	4
950.172	3
950.392	1
950.612	5
950.832	0
951.052	2
951.272	1
951.492	2
951.712	8
951.933	3
952.153	3
952.373	1
952.593	0
952.813	2
953.033	2
953.253	2
953.473	4
953.693	6
953.913	6
954.133	3
954.354	2
954.574	3
954.794	3
955.014	3
955.234	2
955.454	4
955.674	2
955.894	6
956.114	2
956.334	2
956.555	5
956.775	6
956.995	2
957.215	6
957.435	1
957.655	4
957.875	2
958.095	3
958.315	4
958.535	4
958.756	2
958.976	4
959.196	3
959.416	2
959.636	2
959.856	3
960.076	5
960.296	4
960.516	5
960.736	3
960.957	4
961.177	0
961.397	2
961.617	4
961.837	6
962.057	0
962.277	1
962.497	5
962.717	2
962.938	1
963.158	3
963.378	0
963.598	4
963.818	4
964.038	3
964.258	1
964.478	5
964.698	3
964.918	5
965.138	2
965.359	3
965.579	5
965.799	2
966.019	1
966.239	1
966.459	3
966.679	3
966.899	3
967.119	1
967.339	2
967.56	3
967.78	0
968	0
968.22	0
968.44	2
968.66	3
968.88	2
969.1	4
969.32	3
969.54	2
969.761	3
969.981	0
970.201	1
970.421	1
970.641	2
970.861	0
971.081	2
971.301	2
971.521	1
971.741	4
971.962	4
972.182	3
972.402	4
972.622	1
972.842	7
973.062	1
973.282	2
973.502	3
973.722	1
973.943	2
974.163	1
974.383	6
974.603	4
974.823	1
975.043	3
975.263	2
975.483	2
975.703	1
975.923	3
976.143	0
976.364	0
976.584	2
976.804	1
977.024	1
977.244	1
977.464	2
977.684	4
977.904	2
978.124	0
978.344	1
978.565	2
978.785	2
979.005	6
979.225	3
979.445	2
979.665	3
979.885	3
980.105	1
980.325	3
980.545	2
980.766	4
980.986	1
981.206	1
981.426	1
981.646	4
981.866	2
982.086	1
982.306	1
982.526	3
982.746	1
982.967	2
983.187	3
983.407	1
983.627	4
983.847	3
984.067	0
984.287	2
984.507	2
984.727	2
984.947	0
985.168	3
985.388	2
985.608	1
985.828	3
986.048	1
986.268	3
986.488	3
986.708	3
986.928	2
987.148	3
987.369	2
987.589	1
987.809	1
988.029	0
988.249	2
988.469	2
988.689	2
988.909	4
989.129	4
989.349	2
989.57	1
989.79	4
990.01	3
990.23	2
990.45	2
990.67	1
990.89	1
991.11	1
991.33	2
991.55	2
991.771	3
991.991	2
992.211	1
992.431	1
992.651	1
992.871	2
993.091	0
993.311	2
993.531	3
993.751	1
993.972	3
994.192	1
994.412	2
994.632	3
994.852	3
995.072	3
995.292	3
995.512	1
995.732	1
995.952	1
996.173	1
996.393	2
996.613	3
996.833	2
997.053	4
997.273	2
997.493	2
997.713	3
997.933	2
998.154	2
998.374	0
998.594	1
998.814	0
999.034	2
999.254	1
999.474	1
999.694	1
999.914	1
1000.13	1
1000.35	2
1000.57	0
1000.79	3
1001.01	1
1001.23	3
1001.45	2
1001.68	1
1001.9	2
1002.12	3
1002.34	1
1002.56	2
1002.78	1
1003	1
1003.22	1
1003.44	2
1003.66	0
1003.88	4
1004.1	6
1004.32	1
1004.54	1
1004.76	2
1004.98	2
1005.2	5
1005.42	2
1005.64	2
1005.86	1
1006.08	1
1006.3	1
1006.52	4
1006.74	2
1006.96	1
1007.18	1
1007.4	2
1007.62	0
1007.84	2
1008.06	2
1008.28	3
1008.5	1
1008.72	3
1008.94	5
1009.16	0
1009.38	0
1009.6	1
1009.82	3
1010.04	0
1010.26	2
1010.48	4
1010.7	1
1010.92	0
1011.14	0
1011.36	3
1011.58	1
1011.8	1
1012.02	2
1012.24	1
1012.46	1
1012.68	1
1012.9	1
1013.12	0
1013.34	1
1013.56	1
1013.78	3
1014	2
1014.22	2
1014.44	1
1014.66	4
1014.88	2
1015.1	1
1015.32	1
1015.54	0
1015.76	1
1015.98	2
1016.2	1
1016.42	1
1016.64	1
1016.86	7
1017.08	3
1017.3	1
1017.52	1
1017.74	1
1017.96	2
1018.18	2
1018.4	2
1018.62	0
1018.84	1
1019.06	1
1019.28	3
1019.5	3
1019.72	1
1019.94	4
1020.16	2
1020.38	1
1020.6	2
1020.82	2
1021.04	1
1021.26	0
1021.48	0
1021.7	5
1021.92	1
1022.14	2
1022.36	1
1022.58	0
1022.8	3
1023.02	1
1023.24	2
1023.46	1
1023.69	1
1023.91	3
1024.13	3
1024.35	2
1024.57	2
1024.79	1
1025.01	1
1025.23	4
1025.45	2
1025.67	1
1025.89	1
1026.11	3
1026.33	3
1026.55	2
1026.77	2
1026.99	1
1027.21	2
1027.43	3
1027.65	0
1027.87	0
1028.09	3
1028.31	2
1028.53	1
1028.75	2
1028.97	3
1029.19	2
1029.41	1
1029.63	2
1029.85	1
1030.07	1
1030.29	3
1030.51	2
1030.73	2
1030.95	3
1031.17	1
1031.39	1
1031.61	1
1031.83	0
1032.05	0
1032.27	2
1032.49	0
1032.71	0
1032.93	3
1033.15	2
1033.37	1
1033.59	1
1033.81	0
1034.03	0
1034.25	1
1034.47	2
1034.69	2
1034.91	4
1035.13	1
1035.35	0
1035.57	2
1035.79	1
1036.01	1
1036.23	0
1036.45	0
1036.67	0
1036.89	2
1037.11	1
1037.33	1
1037.55	1
1037.77	2
1037.99	2
1038.21	2
1038.43	1
1038.65	1
1038.87	1
1039.09	0
1039.31	0
1039.53	3
1039.75	1
1039.97	1
1040.19	3
1040.41	0
1040.63	3
1040.85	0
1041.07	2
1041.29	1
1041.51	1
1041.73	1
1041.95	0
1042.17	0
1042.39	2
1042.61	0
1042.83	2
1043.05	2
1043.27	1
1043.49	0
1043.71	1
1043.93	4
1044.15	0
1044.37	2
1044.59	2
1044.81	1
1045.03	1
1045.25	2
1045.47	2
1045.7	2
1045.92	2
1046.14	1
1046.36	0
1046.58	1
1046.8	3
1047.02	5
1047.24	0
1047.46	0
1047.68	2
1047.9	1
1048.12	2
1048.34	1
1048.56	2
1048.78	1
1049	5
1049.22	1
1049.44	1
1049.66	2
1049.88	3
1050.1	0
1050.32	0
1050.54	3
1050.76	1
1050.98	1
1051.2	1
1051.42	0
1051.64	1
1051.86	2
1052.08	3
1052.3	3
1052.52	2
1052.74	3
1052.96	1
1053.18	0
1053.4	1
1053.62	1
1053.84	3
1054.06	1
1054.28	3
1054.5	0
1054.72	2
1054.94	3
1055.16	0
1055.38	1
1055.6	0
1055.82	2
1056.04	1
1056.26	1
1056.48	3
1056.7	2
1056.92	0
1057.14	0
1057.36	1
1057.58	0
1057.8	3
1058.02	2
1058.24	1
1058.46	3
1058.68	0
1058.9	4
1059.12	2
1059.34	2
1059.56	2
1059.78	1
1060	2
1060.22	1
1060.44	3
1060.66	0
1060.88	1
1061.1	2
1061.32	0
1061.54	1
1061.76	1
1061.98	4
1062.2	0
1062.42	1
1062.64	1
1062.86	0
1063.08	1
1063.3	3
1063.52	3
1063.74	6
1063.96	3
1064.18	2
1064.4	1
1064.62	1
1064.84	2
1065.06	0
1065.28	2
1065.5	4
1065.72	2
1065.94	1
1066.16	2
1066.38	0
1066.6	1
1066.82	2
1067.04	0
1067.26	3
1067.48	0
1067.71	1
1067.93	2
1068.15	3
1068.37	0
1068.59	0
1068.81	0
1069.03	3
1069.25	2
1069.47	3
1069.69	0
1069.91	3
1070.13	2
1070.35	2
1070.57	1
1070.79	2
1071.01	5
1071.23	1
1071.45	1
1071.67	0
1071.89	2
1072.11	4
1072.33	2
1072.55	2
1072.77	2
1072.99	1
1073.21	2
1073.43	4
1073.65	4
1073.87	0
1074.09	3
1074.31	0
1074.53	3
1074.75	2
1074.97	0
1075.19	1
1075.41	3
1075.63	2
1075.85	3
1076.07	0
1076.29	3
1076.51	3
1076.73	2
1076.95	1
1077.17	2
1077.39	0
1077.61	1
1077.83	3
1078.05	3
1078.27	1
1078.49	1
1078.71	1
1078.93	3
1079.15	2
1079.37	2
1079.59	2
1079.81	1
1080.03	2
1080.25	2
1080.47	1
1080.69	1
1080.91	0
1081.13	5
1081.35	1
1081.57	1
1081.79	3
1082.01	3
1082.23	1
1082.45	4
1082.67	2
1082.89	4
1083.11	0
1083.33	1
1083.55	3
1083.77	2
1083.99	2
1084.21	5
1084.43	0
1084.65	3
1084.87	3
1085.09	2
1085.31	2
1085.53	3
1085.75	2
1085.97	0
1086.19	3
1086.41	1
1086.63	1
1086.85	3
1087.07	1
1087.29	3
1087.51	2
1087.73	0
1087.95	0
1088.17	2
1088.39	2
1088.61	3
1088.83	1
1089.05	2
1089.27	2
1089.49	3
1089.72	2
1089.94	3
1090.16	1
1090.38	2
1090.6	2
1090.82	0
1091.04	0
1091.26	1
1091.48	3
1091.7	1
1091.92	0
1092.14	2
1092.36	3
1092.58	3
1092.8	1
1093.02	1
1093.24	2
1093.46	3
1093.68	3
1093.9	2
1094.12	3
1094.34	0
1094.56	2
1094.78	3
1095	2
1095.22	2
1095.44	1
1095.66	4
1095.88	5
1096.1	0
1096.32	5
1096.54	1
1096.76	3
1096.98	2
1097.2	1
1097.42	2
1097.64	0
1097.86	4
1098.08	2
1098.3	1
1098.52	3
1098.74	5
1098.96	5
1099.18	1
1099.4	2
1099.62	1
1099.84	0
1100.06	2
1100.28	1
1100.5	0
1100.72	3
1100.94	2
1101.16	2
1101.38	2
1101.6	3
1101.82	2
1102.04	1
1102.26	2
1102.48	0
1102.7	2
1102.92	1
1103.14	3
1103.36	2
1103.58	3
1103.8	2
1104.02	1
1104.24	2
1104.46	1
1104.68	2
1104.9	3
1105.12	2
1105.34	1
1105.56	2
1105.78	4
1106	1
1106.22	0
1106.44	3
1106.66	2
1106.88	2
1107.1	1
1107.32	2
1107.54	2
1107.76	1
1107.98	2
1108.2	1
1108.42	3
1108.64	0
1108.86	2
1109.08	2
1109.3	1
1109.52	1
1109.74	3
1109.96	3
1110.18	1
1110.4	3
1110.62	1
1110.84	1
1111.06	3
1111.28	2
1111.5	2
1111.73	0
1111.95	0
1112.17	1
1112.39	3
1112.61	1
1112.83	0
1113.05	0
1113.27	5
1113.49	4
1113.71	2
1113.93	2
1114.15	1
1114.37	1
1114.59	0
1114.81	0
1115.03	1
1115.25	0
1115.47	0
1115.69	4
1115.91	4
1116.13	3
1116.35	2
1116.57	0
1116.79	2
1117.01	1
1117.23	1
1117.45	2
1117.67	2
1117.89	3
1118.11	1
1118.33	1
1118.55	2
1118.77	1
1118.99	2
1119.21	3
1119.43	0
1119.65	2
1119.87	0
1120.09	1
1120.31	0
1120.53	2
1120.75	2
1120.97	1
1121.19	3
1121.41	0
1121.63	1
1121.85	2
1122.07	2
1122.29	0
1122.51	2
1122.73	0
1122.95	2
1123.17	3
1123.39	2
1123.61	2
1123.83	4
1124.05	0
1124.27	1
1124.49	0
1124.71	0
1124.93	4
1125.15	1
1125.37	3
1125.59	1
1125.81	0
1126.03	2
1126.25	0
1126.47	1
1126.69	1
1126.91	2
1127.13	1
1127.35	3
1127.57	2
1127.79	1
1128.01	1
1128.23	2
1128.45	2
1128.67	0
1128.89	1
1129.11	1
1129.33	2
1129.55	1
1129.77	0
1129.99	0
1130.21	0
1130.43	2
1130.65	2
1130.87	1
1131.09	2
1131.31	1
1131.53	0
1131.75	2
1131.97	0
1132.19	2
1132.41	0
1132.63	1
1132.85	1
1133.07	4
1133.29	0
1133.51	1
1133.74	1
1133.96	1
1134.18	3
1134.4	1
1134.62	0
1134.84	1
1135.06	0
1135.28	0
1135.5	0
1135.72	0
1135.94	2
1136.16	2
1136.38	1
1136.6	1
1136.82	0
1137.04	0
1137.26	2
1137.48	1
1137.7	1
1137.92	3
1138.14	2
1138.36	1
1138.58	0
1138.8	1
1139.02	0
1139.24	1
1139.46	4
1139.68	2
1139.9	0
1140.12	1
1140.34	1
1140.56	3
1140.78	0
1141	1
1141.22	2
1141.44	0
1141.66	0
1141.88	1
1142.1	0
1142.32	1
1142.54	1
1142.76	2
1142.98	1
1143.2	1
1143.42	0
1143.64	0
1143.86	1
1144.08	1
1144.3	0
1144.52	1
1144.74	0
1144.96	1
1145.18	2
1145.4	1
1145.62	2
1145.84	0
1146.06	3
1146.28	0
1146.5	2
1146.72	1
1146.94	1
1147.16	0
1147.38	2
1147.6	2
1147.82	1
1148.04	1
1148.26	1
1148.48	0
1148.7	0
1148.92	0
1149.14	1
1149.36	0
1149.58	1
1149.8	0
1150.02	2
1150.24	1
1150.46	0
1150.68	1
1150.9	0
1151.12	0
1151.34	0
1151.56	3
1151.78	1
1152	4
1152.22	0
1152.44	0
1152.66	0
1152.88	1
1153.1	0
1153.32	1
1153.54	0
1153.76	1
1153.98	2
1154.2	0
1154.42	0
1154.64	1
1154.86	1
1155.08	2
1155.3	0
1155.52	3
1155.75	0
1155.97	1
1156.19	3
1156.41	1
1156.63	1
1156.85	2
1157.07	1
1157.29	1
1157.51	0
1157.73	1
1157.95	3
1158.17	1
1158.39	0
1158.61	0
1158.83	1
1159.05	0
1159.27	0
1159.49	1
1159.71	1
1159.93	0
1160.15	0
1160.37	1
1160.59	1
1160.81	2
1161.03	0
1161.25	1
1161.47	2
1161.69	1
1161.91	1
1162.13	1
1162.35	0
1162.57	0
1162.79	1
1163.01	2
1163.23	0
1163.45	0
1163.67	1
1163.89	1
1164.11	2
1164.33	0
1164.55	1
1164.77	0
1164.99	3
1165.21	0
1165.43	0
1165.65	2
1165.87	0
1166.09	2
1166.31	0
1166.53	1
1166.75	0
1166.97	1
1167.19	1
1167.41	0
1167.63	1
1167.85	3
1168.07	0
1168.29	0
1168.51	0
1168.73	1
1168.95	2
1169.17	0
1169.39	1
1169.61	3
1169.83	3
1170.05	0
1170.27	1
1170.49	0
1170.71	1
1170.93	0
1171.15	1
1171.37	1
1171.59	1
1171.81	1
1172.03	1
1172.25	1
1172.47	1
1172.69	0
1172.91	0
1173.13	0
1173.35	1
1173.57	0
1173.79	2
1174.01	2
1174.23	6
1174.45	3
1174.67	9
1174.89	15
1175.11	29
1175.33	47
1175.55	46
1175.77	74
1175.99	93
1176.21	77
1176.43	94
1176.65	81
1176.87	66
1177.09	51
1177.31	41
1177.53	26
1177.76	12
1177.98	4
1178.2	2
1178.42	2
1178.64	1
1178.86	0
1179.08	0
1179.3	1
1179.52	0
1179.74	1
1179.96	0
1180.18	0
1180.4	1
1180.62	2
1180.84	0
1181.06	2
1181.28	0
1181.5	1
1181.72	0
1181.94	0
1182.16	0
1182.38	2
1182.6	0
1182.82	0
1183.04	1
1183.26	1
1183.48	0
1183.7	0
1183.92	1
1184.14	0
1184.36	0
1184.58	0
1184.8	0
1185.02	0
1185.24	0
1185.46	0
1185.68	1
1185.9	1
1186.12	0
1186.34	0
1186.56	0
1186.78	1
1187	1
1187.22	1
1187.44	0
1187.66	2
1187.88	1
1188.1	0
1188.32	0
1188.54	0
1188.76	1
1188.98	0
1189.2	0
1189.42	0
1189.64	0
1189.86	2
1190.08	1
1190.3	0
1190.52	0
1190.74	0
1190.96	1
1191.18	1
1191.4	0
1191.62	0
1191.84	1
1192.06	0
1192.28	0
1192.5	1
1192.72	0
1192.94	0
1193.16	0
1193.38	0
1193.6	2
1193.82	0
1194.04	0
1194.26	0
1194.48	1
1194.7	0
1194.92	0
1195.14	1
1195.36	1
1195.58	3
1195.8	0
1196.02	0
1196.24	1
1196.46	0
1196.68	1
1196.9	1
1197.12	0
1197.34	1
1197.56	1
1197.78	0
1198	0
1198.22	0
1198.44	1
1198.66	0
1198.88	0
1199.1	1
1199.32	0
1199.54	1
1199.77	0
1199.99	1
1200.21	2
1200.43	0
1200.65	0
1200.87	1
1201.09	1
1201.31	0
1201.53	0
1201.75	1
1201.97	0
1202.19	2
1202.41	1
1202.63	0
1202.85	1
1203.07	0
1203.29	2
1203.51	0
1203.73	0
1203.95	0
1204.17	1
1204.39	0
1204.61	0
1204.83	0
1205.05	0
1205.27	0
1205.49	1
1205.71	0
1205.93	0
1206.15	1
1206.37	1
1206.59	0
1206.81	1
1207.03	0
1207.25	1
1207.47	1
1207.69	0
1207.91	0
1208.13	0
1208.35	0
1208.57	0
1208.79	0
1209.01	1
1209.23	0
1209.45	0
1209.67	0
1209.89	0
1210.11	0
1210.33	1
1210.55	0
1210.77	0
1210.99	0
1211.21	1
1211.43	1
1211.65	0
1211.87	0
1212.09	0
1212.31	0
1212.53	1
1212.75	0
1212.97	0
1213.19	1
1213.41	0
1213.63	0
1213.85	2
1214.07	0
1214.29	0
1214.51	1
1214.73	1
1214.95	0
1215.17	0
1215.39	0
1215.61	0
1215.83	1
1216.05	0
1216.27	0
1216.49	0
1216.71	0
1216.93	0
1217.15	0
1217.37	0
1217.59	1
1217.81	1
1218.03	0
1218.25	1
1218.47	1
1218.69	0
1218.91	0
1219.13	0
1219.35	1
1219.57	0
1219.79	0
1220.01	0
1220.23	0
1220.45	0
1220.67	0
1220.89	0
1221.11	0
1221.33	0
1221.55	1
1221.78	0
1222	0
1222.22	1
1222.44	0
1222.66	1
1222.88	0
1223.1	0
1223.32	2
1223.54	0
1223.76	0
1223.98	0
1224.2	0
1224.42	0
1224.64	0
1224.86	2
1225.08	2
1225.3	1
1225.52	0
1225.74	0
1225.96	0
1226.18	0
1226.4	0
1226.62	0
1226.84	0
1227.06	2
1227.28	0
1227.5	0
1227.72	0
1227.94	0
1228.16	0
1228.38	0
1228.6	1
1228.82	0
1229.04	1
1229.26	1
1229.48	1
1229.7	0
1229.92	0
1230.14	0
1230.36	0
1230.58	0
1230.8	0
1231.02	1
1231.24	2
1231.46	1
1231.68	2
1231.9	1
1232.12	1
1232.34	0
1232.56	0
1232.78	0
1233	0
1233.22	1
1233.44	0
1233.66	0
1233.88	0
1234.1	0
1234.32	0
1234.54	0
1234.76	0
1234.98	2
1235.2	0
1235.42	0
1235.64	0
1235.86	1
1236.08	1
1236.3	1
1236.52	0
1236.74	0
1236.96	0
1237.18	0
1237.4	0
1237.62	0
1237.84	0
1238.06	0
1238.28	0
1238.5	0
1238.72	0
1238.94	0
1239.16	1
1239.38	1
1239.6	0
1239.82	1
1240.04	1
1240.26	0
1240.48	0
1240.7	0
1240.92	0
1241.14	1
1241.36	0
1241.58	0
1241.8	0
1242.02	0
1242.24	0
1242.46	1
1242.68	0
1242.9	0
1243.12	0
1243.34	0
1243.57	0
1243.79	0
1244.01	0
1244.23	1
1244.45	0
1244.67	0
1244.89	1
1245.11	0
1245.33	0
1245.55	0
1245.77	0
1245.99	0
1246.21	0
1246.43	0
1246.65	0
1246.87	0
1247.09	0
1247.31	0
1247.53	0
1247.75	0
1247.97	0
1248.19	0
1248.41	0
1248.63	0
1248.85	0
1249.07	0
1249.29	0
1249.51	0
1249.73	1
1249.95	0
1250.17	1
1250.39	0
1250.61	1
1250.83	0
1251.05	0
1251.27	0
1251.49	0
1251.71	0
1251.93	0
1252.15	1
1252.37	0
1252.59	1
1252.81	1
1253.03	0
1253.25	0
1253.47	0
1253.69	0
1253.91	0
1254.13	0
1254.35	0
1254.57	0
1254.79	0
1255.01	0
1255.23	0
1255.45	0
1255.67	0
1255.89	0
1256.11	0
1256.33	0
1256.55	0
1256.77	0
1256.99	0
1257.21	0
1257.43	0
1257.65	0
1257.87	0
1258.09	0
1258.31	0
1258.53	0
1258.75	0
1258.97	0
1259.19	0
1259.41	0
1259.63	1
1259.85	0
1260.07	0
1260.29	0
1260.51	0
1260.73	0
1260.95	0
1261.17	0
1261.39	0
1261.61	1
1261.83	0
1262.05	0
1262.27	0
1262.49	0
1262.71	0
1262.93	1
1263.15	0
1263.37	0
1263.59	0
1263.81	1
1264.03	2
1264.25	0
1264.47	0
1264.69	0
1264.91	0
1265.13	0
1265.35	0
1265.58	0
1265.8	0
1266.02	0
1266.24	0
1266.46	0
1266.68	0
1266.9	0
1267.12	0
1267.34	1
1267.56	0
1267.78	0
1268	0
1268.22	0
1268.44	0
1268.66	1
1268.88	0
1269.1	0
1269.32	0
1269.54	0
1269.76	0
1269.98	0
1270.2	0
1270.42	0
1270.64	0
1270.86	0
1271.08	0
1271.3	0
1271.52	0
1271.74	1
1271.96	0
1272.18	0
1272.4	0
1272.62	0
1272.84	0
1273.06	0
1273.28	0
1273.5	0
1273.72	0
1273.94	0
1274.16	0
1274.38	0
1274.6	0
1274.82	0
1275.04	0
1275.26	1
1275.48	1
1275.7	0
1275.92	0
1276.14	1
1276.36	0
1276.58	0
1276.8	0
1277.02	0
1277.24	0
1277.46	0
1277.68	0
1277.9	1
1278.12	0
1278.34	0
1278.56	0
1278.78	0
1279	0
1279.22	0
1279.44	1
1279.66	0
1279.88	0
1280.1	0
1280.32	0
1280.54	0
1280.76	1
1280.98	0
1281.2	0
1281.42	0
1281.64	0
1281.86	1
1282.08	0
1282.3	0
1282.52	0
1282.74	0
1282.96	0
1283.18	0
1283.4	0
1283.62	0
1283.84	0
1284.06	0
1284.28	0
1284.5	0
1284.72	0
1284.94	0
1285.16	0
1285.38	0
1285.6	0
1285.82	0
1286.04	0
1286.26	0
1286.48	2
1286.7	0
1286.92	0
1287.14	0
1287.36	0
1287.59	0
1287.81	0
1288.03	0
1288.25	0
1288.47	0
1288.69	0
1288.91	0
1289.13	1
1289.35	0
1289.57	0
1289.79	1
1290.01	0
1290.23	0
1290.45	1
1290.67	0
1290.89	1
1291.11	0
1291.33	0
1291.55	0
1291.77	0
1291.99	0
1292.21	0
1292.43	1
1292.65	0
1292.87	0
1293.09	0
1293.31	0
1293.53	0
1293.75	0
1293.97	0
1294.19	0
1294.41	0
1294.63	0
1294.85	0
1295.07	0
1295.29	0
1295.51	0
1295.73	0
1295.95	0
1296.17	0
1296.39	0
1296.61	0
1296.83	0
1297.05	0
1297.27	0
1297.49	0
1297.71	1
1297.93	0
1298.15	0
1298.37	0
1298.59	0
1298.81	0
1299.03	1
1299.25	0
1299.47	0
1299.69	0
1299.91	1
1300.13	0
1300.35	0
1300.57	0
1300.79	0
1301.01	0
1301.23	0
1301.45	0
1301.67	0
1301.89	0
1302.11	0
1302.33	0
1302.55	0
1302.77	0
1302.99	0
1303.21	1
1303.43	1
1303.65	0
1303.87	0
1304.09	0
1304.31	1
1304.53	0
1304.75	0
1304.97	0
1305.19	0
1305.41	0
1305.63	0
1305.85	0
1306.07	0
1306.29	0
1306.51	0
1306.73	1
1306.95	0
1307.17	0
1307.39	0
1307.61	0
1307.83	0
1308.05	0
1308.27	0
1308.49	0
1308.71	0
1308.93	0
1309.15	0
1309.37	0
1309.6	0
1309.82	2
1310.04	0
1310.26	0
1310.48	0
1310.7	0
1310.92	0
1311.14	0
1311.36	0
1311.58	0
1311.8	0
1312.02	0
1312.24	0
1312.46	0
1312.68	0
1312.9	1
1313.12	0
1313.34	0
1313.56	0
1313.78	0
1314	1
1314.22	0
1314.44	0
1314.66	0
1314.88	0
1315.1	0
1315.32	0
1315.54	0
1315.76	0
1315.98	0
1316.2	0
1316.42	2
1316.64	0
1316.86	0
1317.08	0
1317.3	0
1317.52	0
1317.74	0
1317.96	0
1318.18	0
1318.4	0
1318.62	0
1318.84	0
1319.06	0
1319.28	0
1319.5	0
1319.72	0
1319.94	0
1320.16	0
1320.38	0
1320.6	0
1320.82	0
1321.04	1
1321.26	0
1321.48	0
1321.7	0
1321.92	0
1322.14	0
1322.36	0
1322.58	0
1322.8	0
1323.02	0
1323.24	0
1323.46	0
1323.68	0
1323.9	0
1324.12	0
1324.34	1
1324.56	0
1324.78	0
1325	0
1325.22	0
1325.44	0
1325.66	0
1325.88	0
1326.1	0
1326.32	0
1326.54	0
1326.76	0
1326.98	0
1327.2	1
1327.42	0
1327.64	0
1327.86	0
1328.08	0
1328.3	0
1328.52	0
1328.74	0
1328.96	0
1329.18	0
1329.4	0
1329.62	1
1329.84	0
1330.06	0
1330.28	1
1330.5	1
1330.72	0
1330.94	0
1331.16	0
1331.38	0
1331.61	0
1331.83	0
1332.05	0
1332.27	1
1332.49	0
1332.71	0
1332.93	1
1333.15	0
1333.37	0
1333.59	1
1333.81	2
1334.03	1
1334.25	3
1334.47	3
1334.69	4
1334.91	16
1335.13	26
1335.35	32
1335.57	32
1335.79	55
1336.01	56
1336.23	62
1336.45	83
1336.67	66
1336.89	62
1337.11	55
1337.33	47
1337.55	36
1337.77	19
1337.99	16
1338.21	5
1338.43	5
1338.65	1
1338.87	0
1339.09	0
1339.31	1
1339.53	0
1339.75	0
1339.97	0
1340.19	0
1340.41	0
1340.63	0
1340.85	0
1341.07	0
1341.29	1
1341.51	0
1341.73	0
1341.95	0
1342.17	0
1342.39	0
1342.61	0
1342.83	0
1343.05	0
1343.27	0
1343.49	0
1343.71	0
1343.93	0
1344.15	0
1344.37	0
1344.59	0
1344.81	0
1345.03	0
1345.25	0
1345.47	0
1345.69	0
1345.91	0
1346.13	0
1346.35	0
1346.57	0
1346.79	0
1347.01	0
1347.23	0
1347.45	0
1347.67	0
1347.89	0
1348.11	0
1348.33	0
1348.55	0
1348.77	0
1348.99	0
1349.21	0
1349.43	0
1349.65	0
1349.87	1
1350.09	0
1350.31	0
1350.53	0
1350.75	0
1350.97	0
1351.19	0
1351.41	0
1351.63	0
1351.85	0
1352.07	0
1352.29	0
1352.51	0
1352.73	0
1352.95	0
1353.17	0
1353.39	0
1353.62	0
1353.84	0
1354.06	0
1354.28	0
1354.5	0
1354.72	0
1354.94	0
1355.16	0
1355.38	0
1355.6	0
1355.82	0
1356.04	0
1356.26	0
1356.48	0
1356.7	0
1356.92	0
1357.14	0
1357.36	0
1357.58	0
1357.8	0
1358.02	0
1358.24	0
1358.46	0
1358.68	0
1358.9	0
1359.12	0
1359.34	0
1359.56	0
1359.78	0
1360	0
1360.22	0
1360.44	0
1360.66	0
1360.88	0
1361.1	0
1361.32	0
1361.54	0
1361.76	0
1361.98	0
1362.2	0
1362.42	0
1362.64	0
1362.86	0
1363.08	0
1363.3	0
1363.52	0
1363.74	0
1363.96	0
1364.18	0
1364.4	0
1364.62	0
1364.84	0
1365.06	0
1365.28	0
1365.5	0
1365.72	0
1365.94	0
1366.16	0
1366.38	0
1366.6	0
1366.82	0
1367.04	0
1367.26	0
1367.48	0
1367.7	0
1367.92	0
1368.14	0
1368.36	0
1368.58	0
1368.8	0
1369.02	0
1369.24	0
1369.46	0
1369.68	0
1369.9	0
1370.12	0
1370.34	0
1370.56	0
1370.78	0
1371	0
1371.22	1
1371.44	0
1371.66	0
1371.88	0
1372.1	0
1372.32	0
1372.54	0
1372.76	0
1372.98	0
1373.2	0
1373.42	1
1373.64	0
1373.86	0
1374.08	0
1374.3	0
1374.52	0
1374.74	0
1374.96	0
1375.18	0
1375.4	0
1375.63	0
1375.85	1
1376.07	0
1376.29	0
1376.51	0
1376.73	0
1376.95	0
1377.17	0
1377.39	0
1377.61	1
1377.83	0
1378.05	0
1378.27	0
1378.49	0
1378.71	0
1378.93	0
1379.15	0
1379.37	0
1379.59	0
1379.81	0
1380.03	0
1380.25	0
1380.47	0
1380.69	0
1380.91	0
1381.13	0
1381.35	0
1381.57	0
1381.79	0
1382.01	0
1382.23	0
1382.45	0
1382.67	0
1382.89	0
1383.11	0
1383.33	0
1383.55	0
1383.77	0
1383.99	0
1384.21	0
1384.43	1
1384.65	0
1384.87	0
1385.09	0
1385.31	0
1385.53	0
1385.75	0
1385.97	0
1386.19	0
1386.41	0
1386.63	0
1386.85	0
1387.07	0
1387.29	0
1387.51	0
1387.73	0
1387.95	0
1388.17	0
1388.39	0
1388.61	1
1388.83	0
1389.05	0
1389.27	0
1389.49	0
1389.71	0
1389.93	0
1390.15	0
1390.37	0
1390.59	0
1390.81	0
1391.03	0
1391.25	0
1391.47	0
1391.69	1
1391.91	0
1392.13	0
1392.35	0
1392.57	0
1392.79	0
1393.01	0
1393.23	0
1393.45	0
1393.67	0
1393.89	0
1394.11	0
1394.33	0
1394.55	0
1394.77	0
1394.99	0
1395.21	0
1395.43	0
1395.65	0
1395.87	0
1396.09	1
1396.31	0
1396.53	0
1396.75	0
1396.97	0
1397.19	0
1397.41	0
1397.64	0
1397.86	0
1398.08	0
1398.3	0
1398.52	0
1398.74	0
1398.96	0
1399.18	1
1399.4	0
1399.62	0
1399.84	0
1400.06	0
1400.28	0
1400.5	0
1400.72	0
1400.94	0
1401.16	0
1401.38	0
1401.6	0
1401.82	0
1402.04	0
1402.26	0
1402.48	0
1402.7	0
1402.92	0
1403.14	0
1403.36	0
1403.58	0
1403.8	0
1404.02	0
1404.24	0
1404.46	0
1404.68	1
1404.9	0
1405.12	0
1405.34	0
1405.56	0
1405.78	0
1406	0
1406.22	0
1406.44	0
1406.66	0
1406.88	0
1407.1	0
1407.32	0
1407.54	0
1407.76	0
1407.98	0
1408.2	0
1408.42	0
1408.64	0
1408.86	0
1409.08	0
1409.3	0
1409.52	0
1409.74	0
1409.96	0
1410.18	0
1410.4	0
1410.62	0
1410.84	0
1411.06	0
1411.28	0
1411.5	0
1411.72	0
1411.94	1
1412.16	0
1412.38	0
1412.6	0
1412.82	0
1413.04	0
1413.26	0
1413.48	0
1413.7	0
1413.92	0
1414.14	0
1414.36	0
1414.58	0
1414.8	0
1415.02	0
1415.24	0
1415.46	0
1415.68	0
1415.9	0
1416.12	0
1416.34	0
1416.56	0
1416.78	0
1417	0
1417.22	0
1417.44	0
1417.66	0
1417.88	0
1418.1	0
1418.32	0
1418.54	0
1418.76	1
1418.98	0
1419.2	0
1419.42	0
1419.65	0
1419.87	0
1420.09	0
1420.31	0
1420.53	0
1420.75	0
1420.97	0
1421.19	0
1421.41	0
1421.63	0
1421.85	0
1422.07	0
1422.29	0
1422.51	0
1422.73	0
1422.95	0
1423.17	0
1423.39	0
1423.61	0
1423.83	0
1424.05	0
1424.27	0
1424.49	0
1424.71	0
1424.93	0
1425.15	0
1425.37	0
1425.59	0
1425.81	0
1426.03	0
1426.25	0
1426.47	0
1426.69	0
1426.91	0
1427.13	0
1427.35	0
1427.57	0
1427.79	0
1428.01	0
1428.23	0
1428.45	0
1428.67	0
1428.89	0
1429.11	0
1429.33	0
1429.55	0
1429.77	0
1429.99	0
1430.21	0
1430.43	0
1430.65	0
1430.87	1
1431.09	0
1431.31	0
1431.53	0
1431.75	0
1431.97	0
1432.19	0
1432.41	0
1432.63	0
1432.85	0
1433.07	0
1433.29	0
1433.51	0
1433.73	0
1433.95	0
1434.17	0
1434.39	0
1434.61	0
1434.83	0
1435.05	0
1435.27	0
1435.49	0
1435.71	0
1435.93	0
1436.15	0
1436.37	0
1436.59	0
1436.81	0
1437.03	0
1437.25	0
1437.47	0
1437.69	0
1437.91	0
1438.13	0
1438.35	0
1438.57	0
1438.79	0
1439.01	0
1439.23	0
1439.45	0
1439.67	0
1439.89	0
1440.11	0
1440.33	0
1440.55	0
1440.77	0
1440.99	0
1441.21	0
1441.43	0
1441.66	0
1441.88	0
1442.1	0
1442.32	0
1442.54	0
1442.76	0
1442.98	0
1443.2	0
1443.42	0
1443.64	0
1443.86	0
1444.08	0
1444.3	0
1444.52	0
1444.74	0
1444.96	0
1445.18	0
1445.4	0
1445.62	0
1445.84	0
1446.06	0
1446.28	0
1446.5	0
1446.72	0
1446.94	0
1447.16	0
1447.38	0
1447.6	0
1447.82	0
1448.04	0
1448.26	0
1448.48	0
1448.7	0
1448.92	0
1449.14	0
1449.36	0
1449.58	0
1449.8	0
1450.02	0
1450.24	0
1450.46	0
1450.68	0
1450.9	0
1451.12	0
1451.34	0
1451.56	0
1451.78	0
1452	0
1452.22	0
1452.44	0
1452.66	0
1452.88	0
1453.1	0
1453.32	0
1453.54	0
1453.76	0
1453.98	0
1454.2	0
1454.42	0
1454.64	0
1454.86	0
1455.08	0
1455.3	0
1455.52	0
1455.74	0
1455.96	0
1456.18	0
1456.4	0
1456.62	0
1456.84	1
1457.06	0
1457.28	0
1457.5	0
1457.72	0
1457.94	0
1458.16	0
1458.38	0
1458.6	0
1458.82	0
1459.04	0
1459.26	0
1459.48	0
1459.7	0
1459.92	0
1460.14	0
1460.36	0
1460.58	0
1460.8	0
1461.02	0
1461.24	0
1461.46	0
1461.68	0
1461.9	0
1462.12	0
1462.34	0
1462.56	0
1462.78	0
1463	0
1463.22	0
1463.44	0
1463.67	0
1463.89	0
1464.11	0
1464.33	0
1464.55	0
1464.77	0
1464.99	3
1465.21	0
1465.43	0
1465.65	2
1465.87	0
1466.09	2
1466.31	0
1466.53	1
1466.75	0
1466.97	1
1467.19	0
1467.41	0
1467.63	0
1467.85	0
1468.07	1
1468.29	0
1468.51	0
1468.73	0
1468.95	0
1469.17	0
1469.39	0
1469.61	0
1469.83	0
1470.05	0
1470.27	0
1470.49	1
1470.71	0
1470.93	1
1471.15	0
1471.37	0
1471.59	0
1471.81	0
1472.03	0
1472.25	0
1472.47	0
1472.69	0
1472.91	0
1473.13	0
1473.35	0
1473.57	0
1473.79	0
1474.01	0
1474.23	0
1474.45	0
1474.67	0
1474.89	0
1475.11	0
1475.33	0
1475.55	0
1475.77	0
1475.99	0
1476.21	0
1476.43	0
1476.65	0
1476.87	0
1477.09	0
1477.31	0
1477.53	0
1477.75	0
1477.97	0
1478.19	0
1478.41	0
1478.63	0
1478.85	1
1479.07	0
1479.29	0
1479.51	0
1479.73	0
1479.95	0
1480.17	0
1480.39	0
1480.61	0
1480.83	0
1481.05	0
1481.27	0
1481.49	1
1481.71	0
1481.93	0
1482.15	0
1482.37	0
1482.59	0
1482.81	0
1483.03	1
1483.25	0
1483.47	0
1483.69	0
1483.91	0
1484.13	0
1484.35	0
1484.57	0
1484.79	0
1485.01	0
1485.23	0
1485.45	0
1485.68	0
1485.9	0
1486.12	0
1486.34	0
1486.56	0
1486.78	0
1487	0
1487.22	0
1487.44	0
1487.66	0
1487.88	0
1488.1	0
1488.32	0
1488.54	0
1488.76	0
1488.98	0
1489.2	0
1489.42	0
1489.64	0
1489.86	0
1490.08	0
1490.3	0
1490.52	0
1490.74	0
1490.96	0
1491.18	0
1491.4	0
1491.62	0
1491.84	0
1492.06	0
1492.28	0
1492.5	0
1492.72	0
1492.94	0
1493.16	0
1493.38	0
1493.6	0
1493.82	0
1494.04	0
1494.26	0
1494.48	0
1494.7	0
1494.92	0
1495.14	0
1495.36	0
1495.58	0
1495.8	0
1496.02	0
1496.24	0
1496.46	0
1496.68	0
1496.9	0
1497.12	1
1497.34	0
1497.56	0
1497.78	0
1498	0
1498.22	0
1498.44	0
1498.66	0
1498.88	0
1499.1	0
1499.32	0
1499.54	0
1499.76	0
1499.98	0
1500.2	0
1500.42	0
1500.64	0
1500.86	0
1501.08	0
1501.3	0
1501.52	0
1501.74	0
1501.96	0
1502.18	0
1502.4	0
1502.62	0
1502.84	0
1503.06	0
1503.28	0
1503.5	0
1503.72	0
1503.94	0
1504.16	0
1504.38	0
1504.6	0
1504.82	0
1505.04	0
1505.26	0
1505.48	0
1505.7	1
1505.92	0
1506.14	0
1506.36	0
1506.58	0
1506.8	0
1507.02	0
1507.24	0
1507.46	0
1507.68	0
1507.91	0
1508.13	0
1508.35	0
1508.57	0
1508.79	0
1509.01	0
1509.23	0
1509.45	0
1509.67	0
1509.89	0
1510.11	0
1510.33	0
1510.55	0
1510.77	0
1510.99	0
1511.21	0
1511.43	0
1511.65	0
1511.87	0
1512.09	0
1512.31	0
1512.53	0
1512.75	0
1512.97	0
1513.19	0
1513.41	0
1513.63	0
1513.85	0
1514.07	0
1514.29	0
1514.51	0
1514.73	0
1514.95	0
1515.17	0
1515.39	0
1515.61	0
1515.83	0
1516.05	0
1516.27	0
1516.49	0
1516.71	0
1516.93	0
1517.15	0
1517.37	0
1517.59	0
1517.81	0
1518.03	0
1518.25	0
1518.47	0
1518.69	0
1518.91	0
1519.13	0
1519.35	0
1519.57	0
1519.79	0
1520.01	0
1520.23	0
1520.45	0
1520.67	0
1520.89	0
1521.11	0
1521.33	0
1521.55	0
1521.77	0
1521.99	0
1522.21	0
1522.43	0
1522.65	0
1522.87	0
1523.09	0
1523.31	0
1523.53	0
1523.75	0
1523.97	0
1524.19	0
1524.41	0
1524.63	0
1524.85	0
1525.07	0
1525.29	0
1525.51	0
1525.73	0
1525.95	0
1526.17	0
1526.39	0
1526.61	0
1526.83	0
1527.05	0
1527.27	0
1527.49	0
1527.71	0
1527.93	1
1528.15	0
1528.37	0
1528.59	0
1528.81	0
1529.03	0
1529.25	0
1529.47	0
1529.69	0
1529.92	0
1530.14	0
1530.36	0
1530.58	0
1530.8	0
1531.02	0
1531.24	0
1531.46	0
1531.68	0
1531.9	0
1532.12	0
1532.34	0
1532.56	0
1532.78	0
1533	0
1533.22	0
1533.44	0
1533.66	0
1533.88	0
1534.1	0
1534.32	0
1534.54	0
1534.76	0
1534.98	0
1535.2	0
1535.42	0
1535.64	0
1535.86	0
1536.08	0
1536.3	0
1536.52	0
1536.74	0
1536.96	0
1537.18	0
1537.4	0
1537.62	0
1537.84	0
1538.06	0
1538.28	0
1538.5	0
1538.72	0
1538.94	0
1539.16	0
1539.38	0
1539.6	0
1539.82	0
1540.04	0
1540.26	0
1540.48	0
1540.7	0
1540.92	0
1541.14	0
1541.36	0
1541.58	0
1541.8	0
1542.02	0
1542.24	0
1542.46	0
1542.68	0
1542.9	0
1543.12	0
1543.34	0
1543.56	0
1543.78	0
1544	0
1544.22	0
1544.44	0
1544.66	0
1544.88	0
1545.1	0
1545.32	0
1545.54	0
1545.76	0
1545.98	1
1546.2	0
1546.42	0
1546.64	0
1546.86	0
1547.08	0
1547.3	0
1547.52	0
1547.74	0
1547.96	0
1548.18	0
1548.4	0
1548.62	0
1548.84	0
1549.06	0
1549.28	0
1549.5	0
1549.72	0
1549.94	0
1550.16	0
1550.38	0
1550.6	0
1550.82	0
1551.04	0
1551.26	0
1551.48	0
1551.7	0
1551.93	0
1552.15	0
1552.37	0
1552.59	0
1552.81	0
1553.03	0
1553.25	0
1553.47	0
1553.69	0
1553.91	0
1554.13	0
1554.35	0
1554.57	0
1554.79	0
1555.01	0
1555.23	0
1555.45	0
1555.67	0
1555.89	0
1556.11	0
1556.33	0
1556.55	0
1556.77	0
1556.99	0
1557.21	0
1557.43	0
1557.65	0
1557.87	0
1558.09	0
1558.31	0
1558.53	0
1558.75	0
1558.97	1
1559.19	0
1559.41	0
1559.63	0
1559.85	0
1560.07	0
1560.29	0
1560.51	0
1560.73	1
1560.95	0
1561.17	0
1561.39	0
1561.61	0
1561.83	0
1562.05	0
1562.27	0
1562.49	0
1562.71	0
1562.93	0
1563.15	0
1563.37	0
1563.59	0
1563.81	0
1564.03	0
1564.25	0
1564.47	0
1564.69	0
1564.91	0
1565.13	0
1565.35	1
1565.57	0
1565.79	0
1566.01	0
1566.23	0
1566.45	0
1566.67	0
1566.89	0
1567.11	0
1567.33	0
1567.55	0
1567.77	0
1567.99	0
1568.21	0
1568.43	0
1568.65	0
1568.87	0
1569.09	0
1569.31	0
1569.53	0
1569.75	0
1569.97	0
1570.19	0
1570.41	0
1570.63	0
1570.85	0
1571.07	0
1571.29	0
1571.51	0
1571.73	0
1571.95	0
1572.17	0
1572.39	0
1572.61	0
1572.83	0
1573.05	0
1573.27	0
1573.49	0
1573.71	0
1573.94	0
1574.16	0
1574.38	0
1574.6	0
1574.82	0
1575.04	0
1575.26	0
1575.48	0
1575.7	0
1575.92	0
1576.14	0
1576.36	0
1576.58	0
1576.8	0
1577.02	0
1577.24	0
1577.46	0
1577.68	0
1577.9	0
1578.12	0
1578.34	0
1578.56	0
1578.78	0
1579	0
1579.22	0
1579.44	0
1579.66	0
1579.88	0
1580.1	0
1580.32	0
1580.54	0
1580.76	0
1580.98	0
1581.2	0
1581.42	0
1581.64	0
1581.86	0
1582.08	0
1582.3	0
1582.52	0
1582.74	0
1582.96	0
1583.18	0
1583.4	0
1583.62	0
1583.84	0
1584.06	0
1584.28	0
1584.5	0
1584.72	0
1584.94	0
1585.16	0
1585.38	0
1585.6	0
1585.82	0
1586.04	0
1586.26	0
1586.48	0
1586.7	0
1586.92	0
1587.14	0
1587.36	0
1587.58	0
1587.8	0
1588.02	0
1588.24	0
1588.46	0
1588.68	0
1588.9	0
1589.12	0
1589.34	0
1589.56	0
1589.78	0
1590	0
1590.22	0
1590.44	0
1590.66	0
1590.88	0
1591.1	0
1591.32	0
1591.54	0
1591.76	0
1591.98	0
1592.2	0
1592.42	0
1592.64	0
1592.86	0
1593.08	0
1593.3	1
1593.52	0
1593.74	0
1593.96	0
1594.18	0
1594.4	1
1594.62	0
1594.84	0
1595.06	0
1595.28	0
1595.5	0
1595.72	0
1595.95	0
1596.17	0
1596.39	0
1596.61	0
1596.83	0
1597.05	0
1597.27	0
1597.49	0
1597.71	0
1597.93	1
1598.15	0
1598.37	0
1598.59	0
1598.81	0
1599.03	0
1599.25	0
1599.47	0
1599.69	0
1599.91	0
1600.13	0
1600.35	0
1600.57	0
1600.79	0
1601.01	0
1601.23	0
1601.45	0
1601.67	0
1601.89	0
1602.11	0
1602.33	0
1602.55	0
1602.77	0
1602.99	0
1603.21	0
1603.43	0
1603.65	0
1603.87	0
1604.09	0
1604.31	0
1604.53	0
1604.75	0
1604.97	0
1605.19	0
1605.41	0
1605.63	0
1605.85	0
1606.07	0
1606.29	0
1606.51	0
1606.73	0
1606.95	0
1607.17	0
1607.39	0
1607.61	0
1607.83	0
1608.05	0
1608.27	0
1608.49	0
1608.71	0
1608.93	0
1609.15	1
1609.37	0
1609.59	0
1609.81	0
1610.03	0
1610.25	0
1610.47	0
1610.69	0
1610.91	0
1611.13	0
1611.35	0
1611.57	0
1611.79	0
1612.01	0
1612.23	0
1612.45	0
1612.67	0
1612.89	0
1613.11	0
1613.33	0
1613.55	0
1613.77	0
1613.99	0
1614.21	0
1614.43	0
1614.65	0
1614.87	0
1615.09	0
1615.31	0
1615.53	0
1615.75	0
1615.97	0
1616.19	0
1616.41	0
1616.63	0
1616.85	0
1617.07	0
1617.29	0
1617.51	0
1617.73	0
1617.96	0
1618.18	0
1618.4	0
1618.62	0
1618.84	0
1619.06	0
1619.28	0
1619.5	0
1619.72	0
1619.94	0
1620.16	0
1620.38	0
1620.6	0
1620.82	0
1621.04	0
1621.26	0
1621.48	0
1621.7	0
1621.92	0
1622.14	0
1622.36	0
1622.58	0
1622.8	0
1623.02	0
1623.24	0
1623.46	0
1623.68	0
1623.9	0
1624.12	0
1624.34	0
1624.56	0
1624.78	0
1625	0
1625.22	0
1625.44	0
1625.66	0
1625.88	0
1626.1	0
1626.32	0
1626.54	0
1626.76	0
1626.98	0
1627.2	0
1627.42	0
1627.64	0
1627.86	0
1628.08	0
1628.3	0
1628.52	0
1628.74	0
1628.96	0
1629.18	0
1629.4	0
1629.62	0
1629.84	0
1630.06	0
1630.28	0
1630.5	0
1630.72	0
1630.94	0
1631.16	0
1631.38	0
1631.6	0
1631.82	0
1632.04	0
1632.26	0
1632.48	0
1632.7	0
1632.92	0
1633.14	0
1633.36	0
1633.58	0
1633.8	0
1634.02	0
1634.24	0
1634.46	0
1634.68	0
1634.9	0
1635.12	0
1635.34	0
1635.56	0
1635.78	0
1636	0
1636.22	0
1636.44	0
1636.66	0
1636.88	0
1637.1	0
1637.32	0
1637.54	0
1637.76	0
1637.98	0
1638.2	0
1638.42	0
1638.64	0
1638.86	0
1639.08	0
1639.3	0
1639.52	0
1639.74	0
1639.97	0
1640.19	0
1640.41	0
1640.63	0
1640.85	0
1641.07	0
1641.29	0
1641.51	0
1641.73	0
1641.95	0
1642.17	0
1642.39	0
1642.61	0
1642.83	0
1643.05	0
1643.27	0
1643.49	0
1643.71	0
1643.93	0
1644.15	0
1644.37	0
1644.59	0
1644.81	0
1645.03	0
1645.25	0
1645.47	0
1645.69	0
1645.91	0
1646.13	0
1646.35	0
1646.57	0
1646.79	0
1647.01	0
1647.23	0
1647.45	0
1647.67	0
1647.89	0
1648.11	0
1648.33	0
1648.55	0
1648.77	0
1648.99	0
1649.21	0
1649.43	0
1649.65	0
1649.87	0
1650.09	1
1650.31	0
1650.53	0
1650.75	0
1650.97	0
1651.19	0
1651.41	0
1651.63	0
1651.85	0
1652.07	0
1652.29	0
1652.51	0
1652.73	0
1652.95	0
1653.17	0
1653.39	0
1653.61	0
1653.83	0
1654.05	0
1654.27	0
1654.49	0
1654.71	0
1654.93	0
1655.15	0
1655.37	0
1655.59	0
1655.81	0
1656.03	0
1656.25	0
1656.47	0
1656.69	0
1656.91	0
1657.13	0
1657.35	0
1657.57	0
1657.79	0
1658.01	0
1658.23	0
1658.45	0
1658.67	0
1658.89	0
1659.11	0
1659.33	0
1659.55	0
1659.77	0
1659.99	0
1660.21	0
1660.43	0
1660.65	0
1660.87	0
1661.09	0
1661.31	0
1661.53	0
1661.75	0
1661.98	0
1662.2	0
1662.42	0
1662.64	0
1662.86	0
1663.08	0
1663.3	0
1663.52	0
1663.74	0
1663.96	0
1664.18	0
1664.4	0
1664.62	0
1664.84	0
1665.06	0
1665.28	0
1665.5	0
1665.72	0
1665.94	0
1666.16	0
1666.38	0
1666.6	0
1666.82	0
1667.04	0
1667.26	0
1667.48	0
1667.7	0
1667.92	0
1668.14	0
1668.36	0
1668.58	0
1668.8	0
1669.02	0
1669.24	0
1669.46	0
1669.68	0
1669.9	0
1670.12	0
1670.34	0
1670.56	0
1670.78	0
1671	0
1671.22	0
1671.44	0
1671.66	0
1671.88	0
1672.1	0
1672.32	0
1672.54	0
1672.76	0
1672.98	0
1673.2	0
1673.42	0
1673.64	0
1673.86	0
1674.08	0
1674.3	0
1674.52	0
1674.74	0
1674.96	0
1675.18	0
1675.4	0
1675.62	0
1675.84	0
1676.06	0
1676.28	0
1676.5	0
1676.72	0
1676.94	0
1677.16	0
1677.38	0
1677.6	0
1677.82	0
1678.04	0
1678.26	0
1678.48	0
1678.7	0
1678.92	0
1679.14	0
1679.36	0
1679.58	0
1679.8	0
1680.02	0
1680.24	0
1680.46	0
1680.68	0
1680.9	0
1681.12	0
1681.34	0
1681.56	0
1681.78	0
1682	0
1682.22	0
1682.44	0
1682.66	0
1682.88	0
1683.1	0
1683.32	0
1683.54	0
1683.76	0
1683.99	0
1684.21	0
1684.43	0
1684.65	0
1684.87	0
1685.09	0
1685.31	0
1685.53	0
1685.75	0
1685.97	0
1686.19	0
1686.41	0
1686.63	0
1686.85	0
1687.07	0
1687.29	0
1687.51	0
1687.73	0
1687.95	0
1688.17	0
1688.39	0
1688.61	0
1688.83	0
1689.05	0
1689.27	0
1689.49	0
1689.71	0
1689.93	0
1690.15	0
1690.37	0
1690.59	0
1690.81	0
1691.03	0
1691.25	0
1691.47	0
1691.69	0
1691.91	0
1692.13	0
1692.35	0
1692.57	0
1692.79	0
1693.01	0
1693.23	0
1693.45	0
1693.67	0
1693.89	0
1694.11	0
1694.33	0
1694.55	0
1694.77	0
1694.99	0
1695.21	0
1695.43	0
1695.65	0
1695.87	0
1696.09	0
1696.31	0
1696.53	0
1696.75	0
1696.97	0
1697.19	0
1697.41	0
1697.63	0
1697.85	0
1698.07	0
1698.29	0
1698.51	0
1698.73	0
1698.95	0
1699.17	0
1699.39	0
1699.61	0
1699.83	0
1700.05	0
1700.27	0
1700.49	0
1700.71	0
1700.93	0
1701.15	0
1701.37	0
1701.59	0
1701.81	0
1702.03	0
1702.25	0
1702.47	0
1702.69	0
1702.91	0
1703.13	0
1703.35	0
1703.57	0
1703.79	0
1704.01	0
1704.23	0
1704.45	0
1704.67	0
1704.89	0
1705.11	0
1705.33	0
1705.55	0
1705.77	0
1706	0
1706.22	0
1706.44	0
1706.66	0
1706.88	0
1707.1	0
1707.32	0
1707.54	0
1707.76	0
1707.98	0
1708.2	0
1708.42	0
1708.64	0
1708.86	0
1709.08	0
1709.3	0
1709.52	0
1709.74	0
1709.96	0
1710.18	0
1710.4	0
1710.62	0
1710.84	0
1711.06	0
1711.28	0
1711.5	0
1711.72	1
1711.94	0
1712.16	0
1712.38	0
1712.6	0
1712.82	0
1713.04	0
1713.26	0
1713.48	0
1713.7	0
1713.92	0
1714.14	0
1714.36	0
1714.58	0
1714.8	0
1715.02	0
1715.24	0
1715.46	0
1715.68	0
1715.9	0
1716.12	0
1716.34	0
1716.56	0
1716.78	0
1717	0
1717.22	0
1717.44	0
1717.66	0
1717.88	0
1718.1	0
1718.32	0
1718.54	0
1718.76	0
1718.98	0
1719.2	0
1719.42	0
1719.64	0
1719.86	0
1720.08	0
1720.3	1
1720.52	0
1720.74	0
1720.96	0
1721.18	0
1721.4	0
1721.62	0
1721.84	0
1722.06	0
1722.28	0
1722.5	0
1722.72	0
1722.94	0
1723.16	0
1723.38	0
1723.6	0
1723.82	0
1724.04	0
1724.26	0
1724.48	0
1724.7	0
1724.92	0
1725.14	0
1725.36	0
1725.58	0
1725.8	0
1726.02	0
1726.24	0
1726.46	0
1726.68	0
1726.9	0
1727.12	0
1727.34	0
1727.56	0
1727.78	0
1728.01	0
1728.23	0
1728.45	0
1728.67	0
1728.89	0
1729.11	0
1729.33	0
1729.55	1
1729.77	0
1729.99	0
1730.21	0
1730.43	0
1730.65	0
1730.87	0
1731.09	0
1731.31	0
1731.53	0
1731.75	0
1731.97	0
1732.19	0
1732.41	0
1732.63	0
1732.85	0
1733.07	0
1733.29	0
1733.51	0
1733.73	0
1733.95	0
1734.17	0
1734.39	0
1734.61	0
1734.83	0
1735.05	0
1735.27	0
1735.49	0
1735.71	0
1735.93	0
1736.15	0
1736.37	0
1736.59	0
1736.81	0
1737.03	0
1737.25	0
1737.47	0
1737.69	0
1737.91	0
1738.13	0
1738.35	0
1738.57	0
1738.79	0
1739.01	0
1739.23	0
1739.45	0
1739.67	0
1739.89	0
1740.11	0
1740.33	0
1740.55	0
1740.77	0
1740.99	0
1741.21	0
1741.43	0
1741.65	0
1741.87	0
1742.09	0
1742.31	0
1742.53	0
1742.75	0
1742.97	0
1743.19	0
1743.41	0
1743.63	0
1743.85	0
1744.07	0
1744.29	0
1744.51	0
1744.73	0
1744.95	0
1745.17	0
1745.39	0
1745.61	0
1745.83	0
1746.05	0
1746.27	0
1746.49	0
1746.71	0
1746.93	0
1747.15	0
1747.37	0
1747.59	0
1747.81	0
1748.03	0
1748.25	0
1748.47	0
1748.69	0
1748.91	0
1749.13	0
1749.35	0
1749.57	0
1749.79	0
1750.02	0
1750.24	0
1750.46	0
1750.68	0
1750.9	0
1751.12	0
1751.34	0
1751.56	0
1751.78	0
1752	0
1752.22	0
1752.44	0
1752.66	0
1752.88	0
1753.1	0
1753.32	0
1753.54	0
1753.76	0
1753.98	0
1754.2	0
1754.42	0
1754.64	0
1754.86	0
1755.08	0
1755.3	0
1755.52	0
1755.74	0
1755.96	0
1756.18	0
1756.4	0
1756.62	0
1756.84	0
1757.06	0
1757.28	0
1757.5	0
1757.72	0
1757.94	0
1758.16	0
1758.38	0
1758.6	0
1758.82	1
1759.04	0
1759.26	0
1759.48	0
1759.7	0
1759.92	0
1760.14	0
1760.36	0
1760.58	0
1760.8	0
1761.02	0
1761.24	0
1761.46	0
1761.68	0
1761.9	0
1762.12	0
1762.34	0
1762.56	0
1762.78	0
1763	0
1763.22	0
1763.44	0
1763.66	0
1763.88	0
1764.1	0
1764.32	0
1764.54	0
1764.76	0
1764.98	0
1765.2	0
1765.42	0
1765.64	0
1765.86	0
1766.08	0
1766.3	0
1766.52	0
1766.74	0
1766.96	0
1767.18	0
1767.4	0
1767.62	0
1767.84	0
1768.06	0
1768.28	0
1768.5	0
1768.72	0
1768.94	0
1769.16	0
1769.38	0
1769.6	0
1769.82	0
1770.04	0
1770.26	1
1770.48	1
1770.7	0
1770.92	0
1771.14	0
1771.36	1
1771.58	0
1771.8	0
1772.03	0
1772.25	0
1772.47	0
1772.69	0
1772.91	0
1773.13	0
1773.35	0
1773.57	0
1773.79	0
1774.01	0
1774.23	0
1774.45	0
1774.67	0
1774.89	0
1775.11	0
1775.33	0
1775.55	0
1775.77	0
1775.99	0
1776.21	0
1776.43	0
1776.65	0
1776.87	0
1777.09	0
1777.31	0
1777.53	0
1777.75	0
1777.97	0
1778.19	0
1778.41	0
1778.63	0
1778.85	0
1779.07	0
1779.29	0
1779.51	0
1779.73	0
1779.95	0
1780.17	0
1780.39	0
1780.61	0
1780.83	0
1781.05	0
1781.27	0
1781.49	0
1781.71	0
1781.93	0
1782.15	0
1782.37	0
1782.59	0
1782.81	0
1783.03	0
1783.25	0
1783.47	0
1783.69	0
1783.91	0
1784.13	0
1784.35	0
1784.57	0
1784.79	0
1785.01	0
1785.23	0
1785.45	0
1785.67	0
1785.89	0
1786.11	0
1786.33	0
1786.55	0
1786.77	0
1786.99	0
1787.21	0
1787.43	0
1787.65	0
1787.87	0
1788.09	0
1788.31	0
1788.53	0
1788.75	0
1788.97	0
1789.19	0
1789.41	0
1789.63	0
1789.85	0
1790.07	0
1790.29	0
1790.51	0
1790.73	0
1790.95	0
1791.17	0
1791.39	0
1791.61	0
1791.83	0
1792.05	0
1792.27	0
1792.49	0
1792.71	0
1792.93	0
1793.15	0
1793.37	0
1793.59	0
1793.81	0
1794.04	0
1794.26	0
1794.48	0
1794.7	0
1794.92	0
1795.14	0
1795.36	0
1795.58	0
1795.8	1
1796.02	0
1796.24	0
1796.46	0
1796.68	0
1796.9	0
1797.12	0
1797.34	0
1797.56	0
1797.78	0
1798	0
1798.22	0
1798.44	0
1798.66	0
1798.88	0
1799.1	0
1799.32	0
1799.54	0
1799.76	0
1799.98	0
1800.2	0
1800.42	0
1800.64	0
1800.86	0
1801.08	0
1801.3	0
1801.52	0
1801.74	0
1801.96	0
1802.18	0
1802.4	0
1802.62	0
1802.84	0
