-5.15587e-020	0
0.2201	0
0.4402	0
0.6603	0
0.8804	0
1.1005	0
1.3206	0
1.5407	0
1.7608	0
1.9809	0
2.201	0
2.4211	0
2.6412	0
2.8613	0
3.0814	0
3.3015	0
3.5216	0
3.7417	0
3.9618	0
4.1819	0
4.402	0
4.6221	0
4.8422	0
5.0623	0
5.2824	0
5.5025	0
5.7226	0
5.9427	0
6.1628	0
6.3829	0
6.603	0
6.8231	0
7.0432	0
7.2633	0
7.4834	0
7.7035	5
7.9236	16
8.1437	37
8.3638	33
8.5839	49
8.804	37
9.0241	43
9.2442	44
9.4643	49
9.6844	36
9.9045	51
10.1246	51
10.3447	34
10.5648	47
10.7849	55
11.005	48
11.2251	40
11.4452	45
11.6653	46
11.8854	43
12.1055	40
12.3256	43
12.5457	50
12.7658	44
12.9859	40
13.206	45
13.4261	32
13.6462	45
13.8663	38
14.0864	34
14.3065	48
14.5266	43
14.7467	55
14.9668	45
15.1869	56
15.407	42
15.6271	50
15.8472	45
16.0673	34
16.2874	40
16.5075	52
16.7276	58
16.9477	54
17.1678	43
17.3879	58
17.608	58
17.8281	55
18.0482	60
18.2683	79
18.4884	76
18.7085	71
18.9286	57
19.1487	53
19.3688	42
19.5889	38
19.809	45
20.0291	43
20.2492	36
20.4693	39
20.6894	41
20.9095	43
21.1296	40
21.3497	36
21.5698	43
21.7899	47
22.01	45
22.2301	58
22.4502	43
22.6703	48
22.8904	56
23.1105	53
23.3306	57
23.5507	52
23.7708	78
23.9909	58
24.211	82
24.4311	121
24.6512	87
24.8713	114
25.0914	141
25.3115	146
25.5316	128
25.7517	137
25.9718	134
26.1919	122
26.412	105
26.6321	111
26.8522	100
27.0723	111
27.2924	115
27.5125	198
27.7326	342
27.9527	692
28.1728	1142
28.3929	1357
28.613	1286
28.8331	879
29.0532	462
29.2733	190
29.4934	80
29.7135	52
29.9336	57
30.1537	50
30.3738	62
30.5939	47
30.814	45
31.0341	49
31.2542	58
31.4743	49
31.6944	46
31.9145	65
32.1346	95
32.3547	197
32.5748	277
32.7949	293
33.015	249
33.2351	192
33.4552	152
33.6753	122
33.8954	91
34.1155	79
34.3356	58
34.5557	43
34.7758	38
34.9959	24
35.216	26
35.4361	31
35.6562	29
35.8763	33
36.0964	37
36.3165	36
36.5366	39
36.7567	34
36.9768	44
37.1969	26
37.417	34
37.6371	43
37.8572	38
38.0773	40
38.2974	32
38.5175	27
38.7376	31
38.9577	27
39.1778	36
39.3979	28
39.618	32
39.8381	39
40.0582	32
40.2783	27
40.4984	26
40.7185	30
40.9386	30
41.1587	24
41.3788	33
41.5989	37
41.819	29
42.0391	38
42.2592	31
42.4793	53
42.6994	32
42.9195	28
43.1396	31
43.3597	25
43.5798	31
43.7999	31
44.02	28
44.2401	26
44.4602	28
44.6803	28
44.9004	23
45.1205	31
45.3406	33
45.5607	44
45.7808	30
46.0009	28
46.221	28
46.4411	29
46.6612	39
46.8813	34
47.1014	26
47.3215	28
47.5416	37
47.7617	23
47.9818	29
48.2019	27
48.422	26
48.6421	25
48.8622	24
49.0823	34
49.3024	20
49.5225	26
49.7426	30
49.9627	32
50.1828	33
50.4029	35
50.623	35
50.8431	39
51.0632	34
51.2833	26
51.5034	29
51.7235	28
51.9436	32
52.1637	28
52.3838	33
52.6039	29
52.824	33
53.0441	47
53.2642	30
53.4843	32
53.7044	30
53.9245	27
54.1446	15
54.3647	36
54.5848	31
54.8049	39
55.025	37
55.2451	30
55.4652	19
55.6853	23
55.9054	30
56.1255	21
56.3456	18
56.5657	32
56.7858	38
57.0059	27
57.226	28
57.4461	35
57.6662	28
57.8863	25
58.1064	32
58.3265	35
58.5466	25
58.7667	38
58.9868	32
59.2069	24
59.427	32
59.6471	30
59.8672	24
60.0873	32
60.3074	41
60.5275	32
60.7476	33
60.9677	25
61.1878	32
61.4079	26
61.628	36
61.8481	29
62.0682	36
62.2883	30
62.5084	27
62.7285	31
62.9486	22
63.1687	28
63.3888	28
63.6089	28
63.829	28
64.0491	34
64.2692	29
64.4893	20
64.7094	37
64.9295	41
65.1496	35
65.3697	32
65.5898	25
65.8099	36
66.03	31
66.2501	30
66.4702	34
66.6903	31
66.9104	30
67.1305	46
67.3506	31
67.5707	37
67.7908	33
68.0109	23
68.231	35
68.4511	29
68.6712	35
68.8913	30
69.1114	38
69.3315	46
69.5516	46
69.7717	46
69.9918	44
70.2119	30
70.432	37
70.6521	29
70.8722	32
71.0923	40
71.3124	54
71.5325	63
71.7526	82
71.9727	73
72.1928	47
72.4129	42
72.633	37
72.8531	23
73.0732	40
73.2933	30
73.5134	27
73.7335	26
73.9536	37
74.1737	29
74.3938	35
74.6139	15
74.834	41
75.0541	29
75.2742	26
75.4943	30
75.7144	33
75.9345	25
76.1546	22
76.3747	25
76.5948	38
76.8149	29
77.035	26
77.2551	28
77.4752	36
77.6953	29
77.9154	38
78.1355	26
78.3556	31
78.5757	31
78.7958	27
79.0159	22
79.236	34
79.4561	24
79.6762	26
79.8963	34
80.1164	38
80.3365	33
80.5566	28
80.7767	35
80.9968	43
81.2169	44
81.437	47
81.6571	40
81.8772	46
82.0973	37
82.3174	47
82.5375	35
82.7576	22
82.9777	37
83.1978	29
83.4179	34
83.638	36
83.8581	35
84.0782	40
84.2983	38
84.5184	36
84.7385	28
84.9586	28
85.1787	27
85.3988	24
85.6189	24
85.839	38
86.0591	31
86.2792	25
86.4993	41
86.7194	31
86.9395	27
87.1596	25
87.3797	27
87.5998	37
87.8199	24
88.04	39
88.2601	24
88.4802	27
88.7003	24
88.9204	35
89.1405	23
89.3606	29
89.5807	20
89.8008	25
90.0209	26
90.241	24
90.4611	34
90.6812	31
90.9013	32
91.1214	34
91.3415	27
91.5616	24
91.7817	40
92.0018	17
92.2219	32
92.442	30
92.6621	22
92.8822	29
93.1023	30
93.3224	20
93.5425	32
93.7626	26
93.9827	32
94.2028	28
94.4229	35
94.643	25
94.8631	41
95.0832	26
95.3033	37
95.5234	32
95.7435	30
95.9636	23
96.1837	30
96.4038	29
96.6239	32
96.844	32
97.0641	28
97.2842	26
97.5043	26
97.7244	18
97.9445	26
98.1646	19
98.3847	30
98.6048	28
98.8249	23
99.045	31
99.2651	19
99.4852	33
99.7053	32
99.9254	27
100.146	16
100.366	29
100.586	22
100.806	23
101.026	26
101.246	26
101.466	24
101.686	29
101.906	21
102.126	27
102.346	24
102.567	24
102.787	30
103.007	25
103.227	16
103.447	29
103.667	37
103.887	31
104.107	26
104.327	34
104.548	26
104.768	28
104.988	20
105.208	28
105.428	31
105.648	24
105.868	27
106.088	31
106.308	40
106.528	33
106.748	37
106.969	23
107.189	39
107.409	25
107.629	22
107.849	28
108.069	37
108.289	29
108.509	25
108.729	25
108.95	24
109.17	24
109.39	28
109.61	29
109.83	33
110.05	27
110.27	34
110.49	32
110.71	31
110.93	33
111.15	22
111.371	29
111.591	25
111.811	37
112.031	38
112.251	31
112.471	21
112.691	24
112.911	29
113.131	36
113.352	28
113.572	20
113.792	23
114.012	27
114.232	36
114.452	31
114.672	36
114.892	31
115.112	18
115.332	31
115.552	20
115.773	21
115.993	18
116.213	26
116.433	33
116.653	37
116.873	31
117.093	29
117.313	23
117.533	29
117.753	36
117.974	37
118.194	30
118.414	34
118.634	26
118.854	28
119.074	28
119.294	23
119.514	24
119.734	26
119.955	27
120.175	22
120.395	31
120.615	35
120.835	34
121.055	27
121.275	41
121.495	37
121.715	23
121.935	37
122.155	29
122.376	29
122.596	32
122.816	30
123.036	32
123.256	35
123.476	22
123.696	34
123.916	36
124.136	22
124.357	32
124.577	22
124.797	31
125.017	22
125.237	19
125.457	20
125.677	14
125.897	35
126.117	33
126.337	23
126.557	23
126.778	31
126.998	32
127.218	18
127.438	27
127.658	33
127.878	27
128.098	27
128.318	33
128.538	40
128.759	37
128.979	20
129.199	28
129.419	36
129.639	30
129.859	25
130.079	30
130.299	30
130.519	27
130.739	16
130.959	26
131.18	34
131.4	43
131.62	28
131.84	32
132.06	30
132.28	26
132.5	34
132.72	21
132.94	25
133.16	27
133.381	18
133.601	26
133.821	33
134.041	38
134.261	30
134.481	38
134.701	35
134.921	29
135.141	27
135.362	27
135.582	32
135.802	30
136.022	31
136.242	25
136.462	26
136.682	27
136.902	29
137.122	31
137.342	37
137.563	31
137.783	38
138.003	32
138.223	24
138.443	34
138.663	35
138.883	22
139.103	34
139.323	22
139.543	25
139.763	38
139.984	26
140.204	29
140.424	24
140.644	24
140.864	23
141.084	37
141.304	26
141.524	20
141.744	32
141.964	25
142.185	31
142.405	23
142.625	34
142.845	25
143.065	28
143.285	23
143.505	31
143.725	29
143.945	26
144.165	26
144.386	32
144.606	34
144.826	27
145.046	18
145.266	34
145.486	27
145.706	20
145.926	18
146.146	33
146.367	26
146.587	30
146.807	34
147.027	26
147.247	26
147.467	29
147.687	28
147.907	30
148.127	42
148.347	30
148.568	28
148.788	25
149.008	25
149.228	39
149.448	25
149.668	29
149.888	27
150.108	28
150.328	30
150.548	45
150.768	34
150.989	24
151.209	31
151.429	25
151.649	37
151.869	31
152.089	17
152.309	22
152.529	30
152.749	38
152.969	22
153.19	20
153.41	37
153.63	35
153.85	24
154.07	32
154.29	28
154.51	27
154.73	30
154.95	26
155.171	28
155.391	28
155.611	28
155.831	20
156.051	27
156.271	26
156.491	31
156.711	25
156.931	21
157.151	39
157.372	25
157.592	33
157.812	22
158.032	15
158.252	36
158.472	29
158.692	24
158.912	32
159.132	27
159.352	28
159.572	22
159.793	34
160.013	34
160.233	27
160.453	33
160.673	31
160.893	19
161.113	28
161.333	23
161.553	21
161.773	23
161.994	25
162.214	24
162.434	23
162.654	30
162.874	31
163.094	27
163.314	23
163.534	27
163.754	26
163.975	34
164.195	30
164.415	19
164.635	27
164.855	30
165.075	34
165.295	20
165.515	30
165.735	19
165.955	29
166.176	33
166.396	22
166.616	23
166.836	33
167.056	22
167.276	26
167.496	22
167.716	29
167.936	20
168.156	31
168.376	23
168.597	24
168.817	30
169.037	33
169.257	24
169.477	23
169.697	25
169.917	31
170.137	27
170.357	28
170.577	21
170.798	23
171.018	24
171.238	22
171.458	27
171.678	27
171.898	29
172.118	28
172.338	27
172.558	29
172.778	25
172.999	21
173.219	34
173.439	25
173.659	28
173.879	25
174.099	26
174.319	24
174.539	23
174.759	24
174.98	20
175.2	26
175.42	19
175.64	33
175.86	28
176.08	27
176.3	32
176.52	41
176.74	31
176.96	28
177.18	35
177.401	26
177.621	19
177.841	22
178.061	26
178.281	21
178.501	21
178.721	23
178.941	26
179.161	35
179.381	20
179.602	31
179.822	38
180.042	24
180.262	34
180.482	32
180.702	35
180.922	35
181.142	28
181.362	38
181.582	46
181.803	22
182.023	39
182.243	36
182.463	38
182.683	41
182.903	33
183.123	39
183.343	55
183.563	39
183.784	44
184.004	29
184.224	38
184.444	46
184.664	30
184.884	38
185.104	38
185.324	39
185.544	38
185.764	40
185.985	40
186.205	51
186.425	32
186.645	38
186.865	34
187.085	39
187.305	38
187.525	42
187.745	42
187.965	39
188.185	39
188.406	37
188.626	38
188.846	50
189.066	45
189.286	41
189.506	42
189.726	31
189.946	45
190.166	45
190.386	46
190.607	30
190.827	42
191.047	31
191.267	51
191.487	38
191.707	33
191.927	53
192.147	28
192.367	48
192.587	45
192.808	36
193.028	42
193.248	43
193.468	37
193.688	38
193.908	35
194.128	29
194.348	38
194.568	44
194.789	42
195.009	38
195.229	35
195.449	41
195.669	37
195.889	37
196.109	33
196.329	34
196.549	31
196.769	39
196.989	34
197.21	33
197.43	30
197.65	42
197.87	38
198.09	37
198.31	29
198.53	34
198.75	26
198.97	27
199.19	32
199.411	47
199.631	40
199.851	32
200.071	36
200.291	47
200.511	37
200.731	38
200.951	47
201.171	38
201.391	40
201.612	29
201.832	37
202.052	39
202.272	43
202.492	39
202.712	38
202.932	38
203.152	36
203.372	36
203.593	35
203.813	35
204.033	36
204.253	46
204.473	42
204.693	39
204.913	41
205.133	30
205.353	41
205.573	37
205.793	30
206.014	42
206.234	44
206.454	40
206.674	42
206.894	24
207.114	35
207.334	32
207.554	42
207.774	42
207.994	28
208.215	38
208.435	35
208.655	37
208.875	40
209.095	36
209.315	40
209.535	42
209.755	31
209.975	31
210.195	32
210.416	31
210.636	40
210.856	33
211.076	43
211.296	40
211.516	37
211.736	41
211.956	32
212.176	38
212.397	39
212.617	33
212.837	35
213.057	41
213.277	40
213.497	35
213.717	35
213.937	31
214.157	38
214.377	37
214.598	40
214.818	43
215.038	38
215.258	28
215.478	40
215.698	32
215.918	31
216.138	29
216.358	35
216.578	37
216.798	34
217.019	24
217.239	28
217.459	30
217.679	41
217.899	36
218.119	42
218.339	27
218.559	37
218.779	37
218.999	40
219.22	47
219.44	37
219.66	45
219.88	34
220.1	38
220.32	25
220.54	37
220.76	33
220.98	33
221.2	27
221.421	35
221.641	28
221.861	43
222.081	43
222.301	31
222.521	40
222.741	34
222.961	41
223.181	39
223.402	33
223.622	30
223.842	30
224.062	28
224.282	43
224.502	25
224.722	37
224.942	31
225.162	29
225.382	35
225.602	42
225.823	31
226.043	36
226.263	35
226.483	29
226.703	22
226.923	34
227.143	31
227.363	37
227.583	29
227.803	38
228.024	23
228.244	25
228.464	33
228.684	34
228.904	21
229.124	38
229.344	36
229.564	36
229.784	37
230.004	23
230.225	35
230.445	33
230.665	39
230.885	43
231.105	32
231.325	39
231.545	22
231.765	42
231.985	29
232.206	29
232.426	34
232.646	41
232.866	37
233.086	38
233.306	29
233.526	33
233.746	35
233.966	30
234.186	26
234.406	26
234.627	37
234.847	27
235.067	26
235.287	23
235.507	34
235.727	36
235.947	27
236.167	31
236.387	35
236.607	39
236.828	37
237.048	19
237.268	26
237.488	29
237.708	30
237.928	28
238.148	30
238.368	37
238.588	30
238.808	31
239.029	31
239.249	29
239.469	18
239.689	25
239.909	28
240.129	31
240.349	28
240.569	27
240.789	30
241.01	39
241.23	26
241.45	21
241.67	30
241.89	18
242.11	33
242.33	29
242.55	32
242.77	18
242.99	20
243.211	24
243.431	30
243.651	27
243.871	24
244.091	36
244.311	30
244.531	31
244.751	25
244.971	23
245.191	28
245.411	16
245.632	26
245.852	35
246.072	34
246.292	28
246.512	38
246.732	28
246.952	20
247.172	20
247.392	30
247.612	18
247.833	25
248.053	27
248.273	25
248.493	19
248.713	26
248.933	26
249.153	33
249.373	22
249.593	26
249.813	22
250.034	20
250.254	27
250.474	22
250.694	24
250.914	35
251.134	30
251.354	14
251.574	33
251.794	16
252.015	29
252.235	26
252.455	24
252.675	19
252.895	23
253.115	21
253.335	26
253.555	22
253.775	22
253.995	21
254.215	23
254.436	18
254.656	24
254.876	36
255.096	22
255.316	27
255.536	24
255.756	25
255.976	25
256.196	33
256.416	32
256.637	23
256.857	20
257.077	32
257.297	23
257.517	30
257.737	27
257.957	29
258.177	26
258.397	23
258.618	23
258.838	17
259.058	19
259.278	38
259.498	34
259.718	27
259.938	18
260.158	8
260.378	29
260.598	27
260.818	11
261.039	19
261.259	22
261.479	17
261.699	12
261.919	23
262.139	27
262.359	21
262.579	16
262.799	23
263.019	27
263.24	19
263.46	25
263.68	24
263.9	19
264.12	29
264.34	32
264.56	25
264.78	26
265	18
265.221	17
265.441	19
265.661	19
265.881	30
266.101	25
266.321	17
266.541	29
266.761	27
266.981	23
267.201	18
267.421	21
267.642	26
267.862	19
268.082	23
268.302	21
268.522	29
268.742	16
268.962	17
269.182	29
269.402	20
269.623	17
269.843	24
270.063	18
270.283	19
270.503	23
270.723	30
270.943	22
271.163	20
271.383	20
271.603	22
271.823	23
272.044	23
272.264	24
272.484	22
272.704	20
272.924	17
273.144	19
273.364	24
273.584	16
273.804	16
274.024	27
274.245	20
274.465	11
274.685	17
274.905	22
275.125	34
275.345	21
275.565	14
275.785	16
276.005	19
276.226	28
276.446	26
276.666	23
276.886	16
277.106	25
277.326	21
277.546	18
277.766	22
277.986	26
278.206	21
278.426	17
278.647	18
278.867	23
279.087	17
279.307	23
279.527	21
279.747	16
279.967	24
280.187	20
280.407	24
280.628	21
280.848	15
281.068	18
281.288	27
281.508	25
281.728	26
281.948	27
282.168	15
282.388	19
282.608	18
282.828	15
283.049	24
283.269	25
283.489	20
283.709	22
283.929	19
284.149	22
284.369	16
284.589	21
284.809	18
285.029	24
285.25	21
285.47	23
285.69	23
285.91	20
286.13	26
286.35	23
286.57	22
286.79	17
287.01	21
287.231	18
287.451	23
287.671	14
287.891	20
288.111	17
288.331	21
288.551	31
288.771	22
288.991	27
289.211	14
289.431	21
289.652	16
289.872	20
290.092	20
290.312	20
290.532	20
290.752	25
290.972	16
291.192	28
291.412	22
291.632	19
291.853	26
292.073	17
292.293	18
292.513	20
292.733	16
292.953	21
293.173	20
293.393	16
293.613	21
293.834	24
294.054	23
294.274	16
294.494	19
294.714	20
294.934	23
295.154	16
295.374	21
295.594	17
295.814	16
296.034	15
296.255	21
296.475	19
296.695	9
296.915	20
297.135	14
297.355	20
297.575	18
297.795	15
298.015	17
298.236	21
298.456	17
298.676	22
298.896	21
299.116	8
299.336	21
299.556	17
299.776	18
299.996	20
300.216	23
300.436	16
300.657	18
300.877	27
301.097	20
301.317	16
301.537	17
301.757	17
301.977	24
302.197	20
302.417	14
302.637	16
302.858	18
303.078	23
303.298	20
303.518	14
303.738	19
303.958	25
304.178	6
304.398	19
304.618	19
304.839	19
305.059	22
305.279	18
305.499	19
305.719	23
305.939	17
306.159	18
306.379	17
306.599	23
306.819	26
307.039	18
307.26	18
307.48	16
307.7	17
307.92	19
308.14	16
308.36	15
308.58	13
308.8	21
309.02	22
309.241	16
309.461	19
309.681	16
309.901	19
310.121	18
310.341	14
310.561	25
310.781	23
311.001	19
311.221	18
311.441	20
311.662	17
311.882	22
312.102	25
312.322	16
312.542	16
312.762	18
312.982	17
313.202	20
313.422	21
313.642	12
313.863	10
314.083	24
314.303	17
314.523	17
314.743	22
314.963	18
315.183	12
315.403	18
315.623	16
315.844	21
316.064	26
316.284	17
316.504	9
316.724	21
316.944	17
317.164	15
317.384	18
317.604	14
317.824	15
318.044	16
318.265	14
318.485	18
318.705	32
318.925	25
319.145	17
319.365	19
319.585	14
319.805	17
320.025	13
320.245	27
320.466	16
320.686	18
320.906	19
321.126	16
321.346	12
321.566	19
321.786	16
322.006	16
322.226	26
322.446	13
322.667	22
322.887	22
323.107	11
323.327	9
323.547	19
323.767	17
323.987	9
324.207	21
324.427	19
324.647	23
324.868	10
325.088	23
325.308	35
325.528	20
325.748	12
325.968	13
326.188	14
326.408	20
326.628	15
326.849	19
327.069	15
327.289	21
327.509	20
327.729	14
327.949	18
328.169	28
328.389	16
328.609	15
328.829	22
329.049	15
329.27	14
329.49	20
329.71	13
329.93	17
330.15	19
330.37	15
330.59	22
330.81	19
331.03	13
331.25	20
331.471	21
331.691	20
331.911	17
332.131	15
332.351	21
332.571	13
332.791	15
333.011	13
333.231	22
333.452	17
333.672	18
333.892	22
334.112	17
334.332	22
334.552	25
334.772	22
334.992	19
335.212	26
335.432	20
335.652	16
335.873	16
336.093	15
336.313	26
336.533	23
336.753	15
336.973	19
337.193	24
337.413	23
337.633	26
337.854	16
338.074	15
338.294	15
338.514	16
338.734	22
338.954	23
339.174	13
339.394	11
339.614	19
339.834	11
340.054	13
340.275	21
340.495	17
340.715	15
340.935	16
341.155	12
341.375	18
341.595	20
341.815	16
342.035	15
342.255	18
342.476	20
342.696	19
342.916	19
343.136	15
343.356	15
343.576	17
343.796	32
344.016	12
344.236	19
344.457	18
344.677	17
344.897	13
345.117	16
345.337	23
345.557	24
345.777	16
345.997	21
346.217	13
346.437	20
346.657	11
346.878	19
347.098	23
347.318	24
347.538	15
347.758	25
347.978	9
348.198	24
348.418	18
348.638	16
348.858	16
349.079	13
349.299	17
349.519	20
349.739	22
349.959	16
350.179	19
350.399	24
350.619	19
350.839	14
351.059	24
351.28	16
351.5	20
351.72	14
351.94	20
352.16	15
352.38	16
352.6	18
352.82	23
353.04	22
353.26	21
353.481	21
353.701	15
353.921	19
354.141	19
354.361	23
354.581	20
354.801	18
355.021	23
355.241	18
355.462	21
355.682	21
355.902	22
356.122	25
356.342	14
356.562	12
356.782	11
357.002	15
357.222	20
357.442	11
357.662	19
357.883	17
358.103	17
358.323	14
358.543	19
358.763	11
358.983	20
359.203	16
359.423	22
359.643	16
359.863	18
360.084	15
360.304	17
360.524	19
360.744	19
360.964	22
361.184	15
361.404	18
361.624	14
361.844	18
362.065	16
362.285	28
362.505	21
362.725	14
362.945	20
363.165	15
363.385	14
363.605	17
363.825	10
364.045	26
364.265	17
364.486	11
364.706	15
364.926	24
365.146	15
365.366	18
365.586	22
365.806	13
366.026	19
366.246	23
366.467	12
366.687	14
366.907	12
367.127	14
367.347	27
367.567	14
367.787	15
368.007	15
368.227	17
368.447	18
368.667	14
368.888	22
369.108	22
369.328	24
369.548	20
369.768	18
369.988	20
370.208	15
370.428	22
370.648	21
370.868	22
371.089	19
371.309	16
371.529	16
371.749	18
371.969	21
372.189	14
372.409	17
372.629	15
372.849	21
373.07	22
373.29	26
373.51	14
373.73	15
373.95	13
374.17	12
374.39	22
374.61	19
374.83	20
375.05	14
375.27	24
375.491	16
375.711	22
375.931	24
376.151	22
376.371	17
376.591	18
376.811	19
377.031	23
377.251	20
377.471	21
377.692	24
377.912	16
378.132	18
378.352	23
378.572	15
378.792	31
379.012	25
379.232	17
379.452	19
379.672	14
379.893	13
380.113	14
380.333	16
380.553	21
380.773	24
380.993	13
381.213	19
381.433	14
381.653	12
381.873	20
382.094	14
382.314	20
382.534	15
382.754	19
382.974	17
383.194	16
383.414	22
383.634	18
383.854	23
384.075	20
384.295	21
384.515	22
384.735	23
384.955	22
385.175	14
385.395	16
385.615	20
385.835	14
386.055	21
386.275	26
386.496	17
386.716	18
386.936	19
387.156	22
387.376	26
387.596	20
387.816	18
388.036	19
388.256	19
388.476	18
388.697	19
388.917	18
389.137	33
389.357	24
389.577	20
389.797	20
390.017	14
390.237	18
390.457	27
390.678	16
390.898	17
391.118	27
391.338	24
391.558	24
391.778	17
391.998	27
392.218	26
392.438	18
392.658	21
392.878	18
393.099	16
393.319	23
393.539	23
393.759	16
393.979	26
394.199	13
394.419	16
394.639	13
394.859	15
395.08	22
395.3	20
395.52	19
395.74	17
395.96	17
396.18	19
396.4	17
396.62	27
396.84	14
397.06	21
397.28	14
397.501	19
397.721	24
397.941	16
398.161	11
398.381	14
398.601	13
398.821	17
399.041	19
399.261	17
399.481	16
399.702	20
399.922	15
400.142	27
400.362	18
400.582	18
400.802	15
401.022	23
401.242	23
401.462	19
401.683	21
401.903	23
402.123	16
402.343	22
402.563	18
402.783	19
403.003	18
403.223	19
403.443	17
403.663	22
403.883	27
404.104	26
404.324	10
404.544	20
404.764	13
404.984	21
405.204	20
405.424	13
405.644	27
405.864	23
406.084	19
406.305	26
406.525	16
406.745	18
406.965	24
407.185	19
407.405	21
407.625	27
407.845	17
408.065	22
408.285	26
408.506	30
408.726	18
408.946	19
409.166	37
409.386	20
409.606	16
409.826	23
410.046	21
410.266	25
410.486	19
410.707	19
410.927	25
411.147	31
411.367	15
411.587	21
411.807	16
412.027	26
412.247	28
412.467	21
412.688	19
412.908	27
413.128	19
413.348	26
413.568	22
413.788	25
414.008	23
414.228	14
414.448	24
414.668	22
414.888	24
415.109	23
415.329	24
415.549	26
415.769	14
415.989	24
416.209	21
416.429	15
416.649	21
416.869	34
417.089	30
417.31	22
417.53	20
417.75	20
417.97	23
418.19	20
418.41	22
418.63	13
418.85	37
419.07	17
419.291	24
419.511	27
419.731	27
419.951	19
420.171	17
420.391	19
420.611	23
420.831	24
421.051	28
421.271	32
421.491	21
421.712	21
421.932	27
422.152	18
422.372	19
422.592	20
422.812	28
423.032	25
423.252	27
423.472	26
423.693	18
423.913	20
424.133	29
424.353	28
424.573	23
424.793	21
425.013	28
425.233	27
425.453	24
425.673	14
425.893	30
426.114	22
426.334	17
426.554	18
426.774	29
426.994	25
427.214	13
427.434	28
427.654	31
427.874	28
428.094	27
428.315	18
428.535	26
428.755	18
428.975	27
429.195	24
429.415	21
429.635	28
429.855	26
430.075	26
430.296	25
430.516	12
430.736	26
430.956	24
431.176	31
431.396	25
431.616	18
431.836	36
432.056	31
432.276	23
432.496	26
432.717	30
432.937	27
433.157	26
433.377	24
433.597	24
433.817	22
434.037	24
434.257	27
434.477	23
434.697	24
434.918	25
435.138	32
435.358	25
435.578	19
435.798	19
436.018	21
436.238	27
436.458	27
436.678	32
436.898	24
437.119	24
437.339	21
437.559	31
437.779	30
437.999	23
438.219	34
438.439	32
438.659	27
438.879	32
439.099	23
439.32	27
439.54	20
439.76	22
439.98	39
440.2	34
440.42	23
440.64	37
440.86	31
441.08	26
441.301	26
441.521	41
441.741	21
441.961	21
442.181	23
442.401	23
442.621	25
442.841	30
443.061	32
443.281	28
443.501	34
443.722	16
443.942	30
444.162	31
444.382	33
444.602	34
444.822	28
445.042	24
445.262	36
445.482	28
445.702	33
445.923	26
446.143	38
446.363	26
446.583	24
446.803	20
447.023	33
447.243	36
447.463	23
447.683	34
447.904	24
448.124	36
448.344	28
448.564	25
448.784	32
449.004	33
449.224	30
449.444	35
449.664	31
449.884	22
450.104	28
450.325	27
450.545	29
450.765	23
450.985	34
451.205	26
451.425	35
451.645	32
451.865	25
452.085	36
452.305	17
452.526	45
452.746	27
452.966	27
453.186	32
453.406	28
453.626	34
453.846	23
454.066	31
454.286	28
454.506	36
454.727	34
454.947	44
455.167	37
455.387	27
455.607	27
455.827	22
456.047	41
456.267	28
456.487	27
456.707	27
456.928	32
457.148	36
457.368	37
457.588	36
457.808	28
458.028	34
458.248	33
458.468	32
458.688	35
458.909	33
459.129	41
459.349	48
459.569	32
459.789	37
460.009	34
460.229	23
460.449	22
460.669	24
460.889	40
461.109	37
461.33	32
461.55	38
461.77	32
461.99	37
462.21	35
462.43	26
462.65	36
462.87	36
463.09	30
463.31	37
463.531	39
463.751	27
463.971	37
464.191	34
464.411	31
464.631	32
464.851	28
465.071	32
465.291	31
465.511	33
465.732	41
465.952	27
466.172	29
466.392	33
466.612	21
466.832	30
467.052	34
467.272	38
467.492	33
467.712	33
467.933	33
468.153	35
468.373	31
468.593	24
468.813	24
469.033	30
469.253	34
469.473	33
469.693	34
469.914	31
470.134	32
470.354	39
470.574	27
470.794	31
471.014	29
471.234	33
471.454	26
471.674	29
471.894	29
472.114	29
472.335	28
472.555	29
472.775	25
472.995	25
473.215	32
473.435	30
473.655	33
473.875	30
474.095	27
474.315	25
474.536	36
474.756	37
474.976	41
475.196	23
475.416	27
475.636	32
475.856	32
476.076	29
476.296	25
476.516	27
476.737	30
476.957	23
477.177	20
477.397	19
477.617	19
477.837	16
478.057	32
478.277	19
478.497	24
478.717	22
478.938	32
479.158	19
479.378	15
479.598	28
479.818	22
480.038	28
480.258	20
480.478	27
480.698	21
480.918	24
481.139	17
481.359	14
481.579	16
481.799	14
482.019	20
482.239	12
482.459	19
482.679	17
482.899	22
483.119	16
483.34	20
483.56	11
483.78	16
484	22
484.22	22
484.44	16
484.66	20
484.88	14
485.1	16
485.32	16
485.541	16
485.761	12
485.981	16
486.201	24
486.421	23
486.641	17
486.861	13
487.081	22
487.301	20
487.522	15
487.742	29
487.962	19
488.182	19
488.402	17
488.622	15
488.842	11
489.062	18
489.282	14
489.502	15
489.722	12
489.943	9
490.163	21
490.383	11
490.603	9
490.823	17
491.043	18
491.263	12
491.483	13
491.703	14
491.923	15
492.144	10
492.364	11
492.584	12
492.804	10
493.024	14
493.244	17
493.464	19
493.684	11
493.904	16
494.124	15
494.345	15
494.565	12
494.785	17
495.005	18
495.225	17
495.445	8
495.665	16
495.885	9
496.105	14
496.325	8
496.546	15
496.766	10
496.986	16
497.206	20
497.426	16
497.646	7
497.866	12
498.086	9
498.306	9
498.527	9
498.747	15
498.967	17
499.187	13
499.407	12
499.627	10
499.847	6
500.067	14
500.287	14
500.507	13
500.727	13
500.948	12
501.168	10
501.388	15
501.608	18
501.828	9
502.048	7
502.268	14
502.488	9
502.708	14
502.928	17
503.149	13
503.369	17
503.589	13
503.809	8
504.029	12
504.249	7
504.469	10
504.689	16
504.909	14
505.129	17
505.35	9
505.57	15
505.79	21
506.01	14
506.23	8
506.45	11
506.67	10
506.89	11
507.11	12
507.33	11
507.551	8
507.771	14
507.991	18
508.211	16
508.431	9
508.651	11
508.871	12
509.091	11
509.311	11
509.531	10
509.752	11
509.972	7
510.192	12
510.412	9
510.632	9
510.852	12
511.072	11
511.292	21
511.512	12
511.732	10
511.953	8
512.173	13
512.393	7
512.613	11
512.833	9
513.053	8
513.273	9
513.493	8
513.713	19
513.933	10
514.154	10
514.374	10
514.594	11
514.814	5
515.034	11
515.254	13
515.474	8
515.694	10
515.914	14
516.135	8
516.355	17
516.575	11
516.795	10
517.015	9
517.235	10
517.455	11
517.675	14
517.895	8
518.115	12
518.336	11
518.556	10
518.776	11
518.996	7
519.216	11
519.436	8
519.656	7
519.876	16
520.096	17
520.316	8
520.536	6
520.757	10
520.977	5
521.197	6
521.417	13
521.637	8
521.857	8
522.077	10
522.297	9
522.517	10
522.737	10
522.958	8
523.178	9
523.398	7
523.618	5
523.838	7
524.058	7
524.278	12
524.498	10
524.718	10
524.938	10
525.159	7
525.379	6
525.599	7
525.819	10
526.039	13
526.259	9
526.479	11
526.699	8
526.919	9
527.14	12
527.36	7
527.58	10
527.8	4
528.02	6
528.24	5
528.46	11
528.68	6
528.9	8
529.12	8
529.341	13
529.561	5
529.781	7
530.001	8
530.221	10
530.441	9
530.661	14
530.881	7
531.101	8
531.321	6
531.541	7
531.762	7
531.982	11
532.202	2
532.422	4
532.642	6
532.862	11
533.082	3
533.302	7
533.522	9
533.742	5
533.963	8
534.183	8
534.403	5
534.623	8
534.843	7
535.063	8
535.283	4
535.503	4
535.723	7
535.943	7
536.164	6
536.384	3
536.604	4
536.824	5
537.044	7
537.264	8
537.484	4
537.704	5
537.924	6
538.144	2
538.365	4
538.585	10
538.805	5
539.025	8
539.245	6
539.465	5
539.685	5
539.905	3
540.125	7
540.346	3
540.566	11
540.786	8
541.006	5
541.226	5
541.446	5
541.666	8
541.886	4
542.106	1
542.326	4
542.546	7
542.767	8
542.987	6
543.207	8
543.427	5
543.647	6
543.867	3
544.087	6
544.307	4
544.527	8
544.747	8
544.968	6
545.188	11
545.408	5
545.628	2
545.848	7
546.068	8
546.288	4
546.508	5
546.728	4
546.948	4
547.169	4
547.389	4
547.609	6
547.829	2
548.049	5
548.269	3
548.489	4
548.709	2
548.929	12
549.149	2
549.37	5
549.59	6
549.81	6
550.03	3
550.25	8
550.47	5
550.69	8
550.91	7
551.13	4
551.351	7
551.571	5
551.791	2
552.011	1
552.231	4
552.451	5
552.671	9
552.891	2
553.111	5
553.331	7
553.551	3
553.772	4
553.992	3
554.212	7
554.432	5
554.652	6
554.872	6
555.092	4
555.312	9
555.532	2
555.752	5
555.973	4
556.193	2
556.413	2
556.633	7
556.853	6
557.073	5
557.293	4
557.513	2
557.733	5
557.953	1
558.174	4
558.394	1
558.614	4
558.834	9
559.054	2
559.274	5
559.494	2
559.714	4
559.934	7
560.154	4
560.375	6
560.595	3
560.815	6
561.035	5
561.255	3
561.475	6
561.695	8
561.915	5
562.135	4
562.356	3
562.576	4
562.796	8
563.016	2
563.236	4
563.456	4
563.676	3
563.896	3
564.116	1
564.336	2
564.557	0
564.777	2
564.997	1
565.217	4
565.437	2
565.657	2
565.877	3
566.097	2
566.317	2
566.537	6
566.757	4
566.978	8
567.198	4
567.418	2
567.638	1
567.858	1
568.078	4
568.298	2
568.518	4
568.738	3
568.958	6
569.179	3
569.399	4
569.619	5
569.839	10
570.059	1
570.279	2
570.499	4
570.719	3
570.939	1
571.159	3
571.38	4
571.6	5
571.82	5
572.04	4
572.26	6
572.48	1
572.7	5
572.92	4
573.14	2
573.361	3
573.581	4
573.801	3
574.021	3
574.241	1
574.461	4
574.681	5
574.901	5
575.121	7
575.341	1
575.562	5
575.782	3
576.002	3
576.222	3
576.442	3
576.662	1
576.882	3
577.102	2
577.322	5
577.542	2
577.762	3
577.983	2
578.203	2
578.423	3
578.643	4
578.863	3
579.083	3
579.303	2
579.523	4
579.743	4
579.963	1
580.184	2
580.404	3
580.624	2
580.844	3
581.064	5
581.284	2
581.504	4
581.724	7
581.944	3
582.164	1
582.385	1
582.605	1
582.825	2
583.045	10
583.265	0
583.485	3
583.705	5
583.925	1
584.145	3
584.366	3
584.586	1
584.806	6
585.026	2
585.246	2
585.466	2
585.686	1
585.906	4
586.126	3
586.346	2
586.567	2
586.787	3
587.007	2
587.227	1
587.447	3
587.667	5
587.887	4
588.107	3
588.327	1
588.547	4
588.767	2
588.988	1
589.208	3
589.428	4
589.648	1
589.868	2
590.088	3
590.308	2
590.528	9
590.748	2
590.968	2
591.189	2
591.409	5
591.629	0
591.849	2
592.069	4
592.289	1
592.509	2
592.729	3
592.949	2
593.169	4
593.39	1
593.61	2
593.83	0
594.05	2
594.27	1
594.49	5
594.71	1
594.93	3
595.15	0
595.37	1
595.591	2
595.811	1
596.031	3
596.251	2
596.471	3
596.691	3
596.911	1
597.131	1
597.351	4
597.572	4
597.792	2
598.012	1
598.232	2
598.452	3
598.672	6
598.892	1
599.112	3
599.332	1
599.552	1
599.772	2
599.993	4
600.213	1
600.433	2
600.653	4
600.873	2
601.093	2
601.313	1
601.533	3
601.753	0
601.973	3
602.194	1
602.414	0
602.634	3
602.854	3
603.074	2
603.294	0
603.514	2
603.734	1
603.954	0
604.174	2
604.395	1
604.615	5
604.835	4
605.055	1
605.275	4
605.495	1
605.715	3
605.935	4
606.155	5
606.375	3
606.596	0
606.816	2
607.036	1
607.256	2
607.476	1
607.696	0
607.916	5
608.136	1
608.356	7
608.577	5
608.797	1
609.017	2
609.237	0
609.457	4
609.677	2
609.897	1
610.117	0
610.337	2
610.557	1
610.777	1
610.998	5
611.218	3
611.438	2
611.658	4
611.878	4
612.098	1
612.318	3
612.538	2
612.758	3
612.978	2
613.199	1
613.419	3
613.639	1
613.859	1
614.079	4
614.299	1
614.519	4
614.739	0
614.959	2
615.179	3
615.4	3
615.62	3
615.84	1
616.06	2
616.28	3
616.5	2
616.72	2
616.94	4
617.16	3
617.38	1
617.601	0
617.821	5
618.041	3
618.261	1
618.481	3
618.701	2
618.921	3
619.141	0
619.361	1
619.582	2
619.802	1
620.022	1
620.242	2
620.462	1
620.682	3
620.902	2
621.122	2
621.342	3
621.562	3
621.783	3
622.003	5
622.223	1
622.443	2
622.663	4
622.883	4
623.103	5
623.323	0
623.543	4
623.763	0
623.983	2
624.204	1
624.424	1
624.644	3
624.864	0
625.084	2
625.304	2
625.524	0
625.744	1
625.964	3
626.184	2
626.405	5
626.625	1
626.845	0
627.065	4
627.285	3
627.505	0
627.725	2
627.945	3
628.165	4
628.385	3
628.606	3
628.826	0
629.046	2
629.266	2
629.486	3
629.706	1
629.926	1
630.146	1
630.366	0
630.587	2
630.807	0
631.027	3
631.247	3
631.467	3
631.687	1
631.907	2
632.127	1
632.347	0
632.567	4
632.788	4
633.008	2
633.228	2
633.448	1
633.668	2
633.888	3
634.108	0
634.328	0
634.548	1
634.768	0
634.988	4
635.209	2
635.429	0
635.649	3
635.869	2
636.089	1
636.309	4
636.529	3
636.749	2
636.969	2
637.189	2
637.41	1
637.63	1
637.85	0
638.07	3
638.29	1
638.51	3
638.73	0
638.95	1
639.17	1
639.39	1
639.611	1
639.831	2
640.051	0
640.271	4
640.491	2
640.711	2
640.931	0
641.151	0
641.371	3
641.592	2
641.812	2
642.032	2
642.252	2
642.472	2
642.692	3
642.912	2
643.132	2
643.352	2
643.572	2
643.793	3
644.013	1
644.233	0
644.453	1
644.673	2
644.893	0
645.113	5
645.333	1
645.553	2
645.773	2
645.993	2
646.214	3
646.434	2
646.654	1
646.874	1
647.094	1
647.314	2
647.534	2
647.754	2
647.974	2
648.194	3
648.415	3
648.635	1
648.855	2
649.075	2
649.295	2
649.515	2
649.735	0
649.955	0
650.175	2
650.395	3
650.616	3
650.836	1
651.056	3
651.276	1
651.496	4
651.716	5
651.936	4
652.156	3
652.376	6
652.596	2
652.817	3
653.037	0
653.257	5
653.477	3
653.697	4
653.917	4
654.137	0
654.357	4
654.577	3
654.798	2
655.018	1
655.238	0
655.458	5
655.678	2
655.898	3
656.118	0
656.338	1
656.558	4
656.778	2
656.998	3
657.219	1
657.439	3
657.659	3
657.879	1
658.099	1
658.319	6
658.539	5
658.759	3
658.979	3
659.199	2
659.42	7
659.64	8
659.86	6
660.08	27
660.3	77
660.52	173
660.74	356
660.96	662
661.18	1020
661.4	1503
661.621	1934
661.841	2113
662.061	1944
662.281	1573
662.501	1155
662.721	733
662.941	379
663.161	179
663.381	71
663.601	19
663.822	9
664.042	3
664.262	0
664.482	0
664.702	1
664.922	1
665.142	0
665.362	0
665.582	2
665.803	0
666.023	1
666.243	0
666.463	1
666.683	0
666.903	1
667.123	2
667.343	1
667.563	0
667.783	0
668.003	1
668.224	1
668.444	0
668.664	2
668.884	0
669.104	1
669.324	1
669.544	0
669.764	0
669.984	0
670.204	0
670.425	0
670.645	0
670.865	0
671.085	1
671.305	0
671.525	0
671.745	0
671.965	1
672.185	0
672.405	1
672.626	1
672.846	0
673.066	0
673.286	1
673.506	0
673.726	0
673.946	0
674.166	0
674.386	0
674.606	0
674.827	0
675.047	0
675.267	0
675.487	0
675.707	0
675.927	0
676.147	1
676.367	0
676.587	0
676.808	1
677.028	1
677.248	0
677.468	0
677.688	0
677.908	0
678.128	0
678.348	0
678.568	0
678.788	0
679.008	0
679.229	1
679.449	0
679.669	1
679.889	0
680.109	1
680.329	2
680.549	0
680.769	0
680.989	0
681.209	0
681.43	0
681.65	0
681.87	1
682.09	1
682.31	0
682.53	0
682.75	0
682.97	0
683.19	0
683.41	0
683.631	1
683.851	0
684.071	0
684.291	0
684.511	0
684.731	0
684.951	0
685.171	2
685.391	0
685.611	0
685.832	0
686.052	1
686.272	0
686.492	0
686.712	0
686.932	0
687.152	1
687.372	0
687.592	0
687.813	1
688.033	0
688.253	0
688.473	0
688.693	0
688.913	0
689.133	0
689.353	0
689.573	1
689.793	0
690.014	0
690.234	1
690.454	0
690.674	0
690.894	1
691.114	1
691.334	1
691.554	0
691.774	0
691.994	1
692.214	1
692.435	1
692.655	0
692.875	0
693.095	0
693.315	0
693.535	0
693.755	1
693.975	1
694.195	0
694.415	1
694.636	0
694.856	0
695.076	0
695.296	0
695.516	0
695.736	0
695.956	0
696.176	0
696.396	0
696.616	0
696.837	0
697.057	2
697.277	0
697.497	0
697.717	1
697.937	0
698.157	0
698.377	0
698.597	0
698.818	1
699.038	0
699.258	0
699.478	0
699.698	1
699.918	0
700.138	0
700.358	2
700.578	0
700.798	1
701.019	0
701.239	0
701.459	0
701.679	0
701.899	0
702.119	0
702.339	0
702.559	0
702.779	1
702.999	1
703.219	0
703.44	0
703.66	0
703.88	0
704.1	0
704.32	1
704.54	1
704.76	0
704.98	0
705.2	0
705.42	1
705.641	0
705.861	0
706.081	0
706.301	0
706.521	1
706.741	1
706.961	1
707.181	0
707.401	1
707.621	0
707.842	0
708.062	0
708.282	0
708.502	0
708.722	0
708.942	0
709.162	0
709.382	0
709.602	1
709.822	0
710.043	0
710.263	0
710.483	1
710.703	0
710.923	0
711.143	1
711.363	0
711.583	0
711.803	0
712.024	0
712.244	0
712.464	1
712.684	0
712.904	1
713.124	0
713.344	0
713.564	0
713.784	1
714.004	0
714.224	0
714.445	0
714.665	0
714.885	0
715.105	0
715.325	1
715.545	1
715.765	0
715.985	0
716.205	0
716.425	1
716.646	0
716.866	0
717.086	1
717.306	0
717.526	1
717.746	0
717.966	0
718.186	0
718.406	0
718.626	0
718.847	0
719.067	0
719.287	1
719.507	0
719.727	0
719.947	0
720.167	1
720.387	0
720.607	0
720.827	0
721.048	0
721.268	0
721.488	0
721.708	0
721.928	0
722.148	1
722.368	0
722.588	0
722.808	0
723.029	0
723.249	0
723.469	0
723.689	0
723.909	0
724.129	0
724.349	0
724.569	0
724.789	0
725.009	0
725.229	0
725.45	0
725.67	0
725.89	0
726.11	0
726.33	0
726.55	0
726.77	0
726.99	0
727.21	0
727.43	0
727.651	0
727.871	0
728.091	1
728.311	1
728.531	0
728.751	0
728.971	0
729.191	0
729.411	0
729.631	0
729.852	0
730.072	0
730.292	0
730.512	0
730.732	0
730.952	1
731.172	0
731.392	0
731.612	0
731.832	1
732.053	0
732.273	0
732.493	0
732.713	0
732.933	0
733.153	0
733.373	0
733.593	0
733.813	1
734.034	1
734.254	0
734.474	0
734.694	0
734.914	0
735.134	0
735.354	0
735.574	0
735.794	0
736.014	0
736.234	2
736.455	0
736.675	0
736.895	1
737.115	0
737.335	0
737.555	0
737.775	0
737.995	0
738.215	0
738.435	0
738.656	1
738.876	0
739.096	0
739.316	1
739.536	0
739.756	0
739.976	0
740.196	0
740.416	0
740.636	1
740.857	0
741.077	0
741.297	0
741.517	0
741.737	0
741.957	1
742.177	0
742.397	0
742.617	0
742.837	0
743.058	0
743.278	0
743.498	0
743.718	0
743.938	0
744.158	0
744.378	0
744.598	0
744.818	0
745.039	0
745.259	0
745.479	0
745.699	0
745.919	1
746.139	1
746.359	0
746.579	0
746.799	0
747.019	0
747.24	1
747.46	0
747.68	0
747.9	0
748.12	0
748.34	0
748.56	0
748.78	1
749	0
749.22	0
749.44	0
749.661	0
749.881	0
750.101	0
750.321	1
750.541	1
750.761	0
750.981	0
751.201	0
751.421	0
751.641	0
751.862	0
752.082	0
752.302	0
752.522	0
752.742	0
752.962	0
753.182	1
753.402	0
753.622	0
753.842	0
754.063	0
754.283	0
754.503	0
754.723	0
754.943	0
755.163	0
755.383	0
755.603	0
755.823	0
756.043	1
756.264	1
756.484	1
756.704	0
756.924	0
757.144	0
757.364	0
757.584	0
757.804	0
758.024	1
758.245	0
758.465	0
758.685	0
758.905	0
759.125	0
759.345	0
759.565	0
759.785	0
760.005	0
760.225	0
760.445	0
760.666	0
760.886	0
761.106	0
761.326	0
761.546	0
761.766	0
761.986	1
762.206	0
762.426	0
762.646	0
762.867	1
763.087	0
763.307	0
763.527	0
763.747	0
763.967	1
764.187	0
764.407	0
764.627	0
764.847	0
765.068	0
765.288	0
765.508	0
765.728	0
765.948	0
766.168	0
766.388	0
766.608	1
766.828	0
767.048	0
767.269	1
767.489	0
767.709	0
767.929	0
768.149	0
768.369	0
768.589	0
768.809	0
769.029	1
769.25	0
769.47	1
769.69	0
769.91	0
770.13	0
770.35	0
770.57	0
770.79	0
771.01	0
771.23	0
771.45	0
771.671	0
771.891	0
772.111	0
772.331	1
772.551	0
772.771	0
772.991	0
773.211	1
773.431	0
773.651	0
773.872	0
774.092	1
774.312	0
774.532	0
774.752	0
774.972	0
775.192	0
775.412	0
775.632	0
775.852	0
776.073	0
776.293	0
776.513	0
776.733	0
776.953	2
777.173	0
777.393	0
777.613	0
777.833	1
778.053	0
778.274	0
778.494	0
778.714	0
778.934	0
779.154	0
779.374	0
779.594	0
779.814	0
780.034	0
780.255	0
780.475	1
780.695	0
780.915	0
781.135	0
781.355	0
781.575	0
781.795	0
782.015	0
782.235	0
782.455	0
782.676	0
782.896	0
783.116	0
783.336	0
783.556	0
783.776	0
783.996	0
784.216	0
784.436	0
784.656	0
784.877	0
785.097	0
785.317	0
785.537	0
785.757	0
785.977	0
786.197	0
786.417	0
786.637	0
786.857	0
787.078	1
787.298	0
787.518	1
787.738	1
787.958	0
788.178	0
788.398	0
788.618	0
788.838	0
789.058	0
789.279	0
789.499	0
789.719	0
789.939	0
790.159	0
790.379	0
790.599	0
790.819	1
791.039	0
791.26	0
791.48	0
791.7	0
791.92	0
792.14	0
792.36	1
792.58	0
792.8	0
793.02	0
793.24	0
793.46	1
793.681	0
793.901	0
794.121	1
794.341	0
794.561	1
794.781	0
795.001	0
795.221	0
795.441	0
795.661	0
795.882	0
796.102	0
796.322	0
796.542	0
796.762	0
796.982	0
797.202	0
797.422	0
797.642	0
797.862	0
798.083	0
798.303	0
798.523	0
798.743	0
798.963	0
799.183	0
799.403	0
799.623	0
799.843	0
800.063	0
800.284	0
800.504	0
800.724	0
800.944	1
801.164	0
801.384	1
801.604	0
801.824	0
802.044	0
802.265	1
802.485	0
802.705	0
802.925	0
803.145	0
803.365	0
803.585	0
803.805	0
804.025	0
804.245	0
804.466	0
804.686	0
804.906	0
805.126	0
805.346	0
805.566	1
805.786	0
806.006	0
806.226	0
806.446	0
806.666	0
806.887	0
807.107	0
807.327	0
807.547	0
807.767	0
807.987	0
808.207	1
808.427	0
808.647	0
808.867	1
809.088	0
809.308	0
809.528	0
809.748	1
809.968	0
810.188	0
810.408	0
810.628	0
810.848	0
811.068	0
811.289	0
811.509	0
811.729	1
811.949	0
812.169	0
812.389	0
812.609	0
812.829	0
813.049	0
813.269	0
813.49	0
813.71	0
813.93	0
814.15	0
814.37	0
814.59	0
814.81	0
815.03	0
815.25	0
815.471	0
815.691	0
815.911	1
816.131	0
816.351	0
816.571	0
816.791	0
817.011	0
817.231	0
817.451	0
817.671	0
817.892	0
818.112	0
818.332	1
818.552	0
818.772	0
818.992	0
819.212	0
819.432	0
819.652	0
819.872	0
820.093	0
820.313	0
820.533	0
820.753	0
820.973	0
821.193	1
821.413	0
821.633	1
821.853	0
822.073	0
822.294	0
822.514	0
822.734	0
822.954	0
823.174	0
823.394	0
823.614	0
823.834	0
824.054	0
824.274	0
824.495	0
824.715	0
824.935	0
825.155	0
825.375	0
825.595	0
825.815	0
826.035	0
826.255	0
826.476	0
826.696	2
826.916	0
827.136	0
827.356	0
827.576	0
827.796	1
828.016	0
828.236	0
828.456	0
828.676	0
828.897	0
829.117	0
829.337	0
829.557	0
829.777	0
829.997	0
830.217	0
830.437	0
830.657	0
830.877	1
831.098	0
831.318	0
831.538	0
831.758	0
831.978	0
832.198	0
832.418	0
832.638	0
832.858	0
833.078	0
833.299	0
833.519	0
833.739	0
833.959	1
834.179	0
834.399	0
834.619	0
834.839	0
835.059	0
835.279	0
835.5	0
835.72	0
835.94	1
836.16	1
836.38	0
836.6	0
836.82	0
837.04	0
837.26	0
837.481	0
837.701	0
837.921	0
838.141	0
838.361	0
838.581	0
838.801	1
839.021	0
839.241	0
839.461	0
839.681	0
839.902	0
840.122	0
840.342	0
840.562	0
840.782	0
841.002	0
841.222	0
841.442	0
841.662	0
841.882	0
842.103	0
842.323	0
842.543	0
842.763	0
842.983	0
843.203	0
843.423	0
843.643	0
843.863	0
844.083	0
844.304	0
844.524	0
844.744	0
844.964	1
845.184	0
845.404	0
845.624	0
845.844	0
846.064	0
846.284	0
846.505	0
846.725	0
846.945	0
847.165	0
847.385	0
847.605	0
847.825	0
848.045	0
848.265	0
848.486	0
848.706	0
848.926	0
849.146	1
849.366	0
849.586	0
849.806	0
850.026	0
850.246	0
850.466	0
850.686	0
850.907	0
851.127	0
851.347	0
851.567	0
851.787	0
852.007	0
852.227	0
852.447	0
852.667	0
852.887	0
853.108	0
853.328	0
853.548	0
853.768	0
853.988	0
854.208	0
854.428	0
854.648	0
854.868	0
855.088	0
855.309	0
855.529	0
855.749	0
855.969	0
856.189	1
856.409	0
856.629	0
856.849	0
857.069	0
857.289	0
857.51	0
857.73	1
857.95	0
858.17	0
858.39	0
858.61	0
858.83	0
859.05	0
859.27	0
859.491	0
859.711	0
859.931	0
860.151	0
860.371	0
860.591	0
860.811	0
861.031	0
861.251	1
861.471	0
861.691	0
861.912	1
862.132	0
862.352	0
862.572	0
862.792	0
863.012	0
863.232	0
863.452	2
863.672	0
863.892	0
864.113	0
864.333	0
864.553	0
864.773	1
864.993	1
865.213	0
865.433	0
865.653	0
865.873	0
866.093	0
866.314	0
866.534	0
866.754	0
866.974	0
867.194	0
867.414	0
867.634	0
867.854	0
868.074	0
868.294	0
868.515	0
868.735	1
868.955	0
869.175	0
869.395	0
869.615	0
869.835	0
870.055	0
870.275	0
870.495	0
870.716	0
870.936	1
871.156	0
871.376	0
871.596	0
871.816	0
872.036	0
872.256	0
872.476	0
872.697	0
872.917	0
873.137	0
873.357	0
873.577	0
873.797	0
874.017	0
874.237	0
874.457	0
874.677	0
874.897	1
875.118	0
875.338	0
875.558	0
875.778	0
875.998	0
876.218	0
876.438	0
876.658	0
876.878	0
877.098	0
877.319	0
877.539	0
877.759	0
877.979	0
878.199	0
878.419	0
878.639	0
878.859	0
879.079	0
879.299	0
879.52	0
879.74	0
879.96	0
880.18	0
880.4	0
880.62	0
880.84	0
881.06	0
881.28	0
881.5	0
881.721	0
881.941	0
882.161	0
882.381	0
882.601	0
882.821	0
883.041	0
883.261	0
883.481	0
883.702	0
883.922	0
884.142	0
884.362	0
884.582	0
884.802	0
885.022	0
885.242	0
885.462	0
885.682	0
885.902	0
886.123	0
886.343	0
886.563	0
886.783	0
887.003	0
887.223	0
887.443	0
887.663	0
887.883	0
888.103	0
888.324	0
888.544	0
888.764	0
888.984	0
889.204	0
889.424	0
889.644	0
889.864	1
890.084	0
890.304	0
890.525	0
890.745	0
890.965	0
891.185	1
891.405	0
891.625	0
891.845	0
892.065	0
892.285	0
892.505	0
892.726	0
892.946	0
893.166	0
893.386	0
893.606	0
893.826	0
894.046	0
894.266	0
894.486	0
894.707	0
894.927	0
895.147	0
895.367	0
895.587	0
895.807	0
896.027	0
896.247	1
896.467	0
896.687	0
896.907	0
897.128	0
897.348	0
897.568	0
897.788	0
898.008	0
898.228	0
898.448	0
898.668	0
898.888	0
899.108	0
899.329	0
899.549	0
899.769	0
899.989	0
900.209	0
900.429	0
900.649	1
900.869	0
901.089	1
901.309	0
901.53	0
901.75	0
901.97	0
902.19	0
902.41	0
902.63	0
902.85	0
903.07	0
903.29	0
903.51	0
903.731	0
903.951	0
904.171	1
904.391	0
904.611	0
904.831	0
905.051	0
905.271	0
905.491	0
905.712	0
905.932	0
906.152	0
906.372	0
906.592	0
906.812	1
907.032	0
907.252	0
907.472	0
907.692	0
907.912	0
908.133	0
908.353	1
908.573	0
908.793	0
909.013	0
909.233	0
909.453	0
909.673	0
909.893	0
910.113	1
910.334	0
910.554	0
910.774	0
910.994	0
911.214	0
911.434	0
911.654	0
911.874	0
912.094	0
912.314	0
912.535	0
912.755	0
912.975	0
913.195	0
913.415	0
913.635	0
913.855	0
914.075	0
914.295	0
914.515	0
914.736	0
914.956	1
915.176	0
915.396	1
915.616	0
915.836	0
916.056	0
916.276	0
916.496	0
916.717	0
916.937	0
917.157	0
917.377	0
917.597	0
917.817	0
918.037	0
918.257	0
918.477	0
918.697	0
918.917	0
919.138	0
919.358	0
919.578	1
919.798	0
920.018	1
920.238	0
920.458	0
920.678	0
920.898	0
921.118	0
921.339	0
921.559	0
921.779	0
921.999	0
922.219	0
922.439	0
922.659	1
922.879	0
923.099	0
923.319	0
923.54	0
923.76	0
923.98	0
924.2	0
924.42	0
924.64	0
924.86	0
925.08	1
925.3	0
925.52	0
925.741	0
925.961	0
926.181	0
926.401	0
926.621	0
926.841	0
927.061	0
927.281	1
927.501	0
927.721	0
927.942	0
928.162	0
928.382	0
928.602	0
928.822	0
929.042	0
929.262	0
929.482	0
929.702	0
929.923	0
930.143	0
930.363	0
930.583	0
930.803	0
931.023	0
931.243	0
931.463	0
931.683	0
931.903	0
932.123	0
932.344	0
932.564	0
932.784	0
933.004	0
933.224	0
933.444	0
933.664	0
933.884	0
934.104	0
934.324	0
934.545	0
934.765	0
934.985	1
935.205	1
935.425	0
935.645	0
935.865	0
936.085	0
936.305	0
936.525	0
936.746	0
936.966	0
937.186	0
937.406	0
937.626	0
937.846	0
938.066	0
938.286	0
938.506	0
938.726	0
938.947	0
939.167	0
939.387	1
939.607	0
939.827	0
940.047	0
940.267	0
940.487	1
940.707	0
940.928	0
941.148	0
941.368	0
941.588	0
941.808	0
942.028	0
942.248	0
942.468	0
942.688	0
942.908	0
943.128	0
943.349	0
943.569	0
943.789	0
944.009	0
944.229	0
944.449	0
944.669	0
944.889	0
945.109	0
945.329	0
945.55	0
945.77	0
945.99	0
946.21	0
946.43	0
946.65	0
946.87	0
947.09	0
947.31	0
947.53	0
947.751	0
947.971	0
948.191	0
948.411	0
948.631	0
948.851	0
949.071	0
949.291	0
949.511	0
949.731	0
949.952	1
950.172	0
950.392	0
950.612	0
950.832	0
951.052	0
951.272	0
951.492	0
951.712	0
951.933	0
952.153	0
952.373	0
952.593	0
952.813	0
953.033	0
953.253	0
953.473	0
953.693	0
953.913	0
954.133	0
954.354	0
954.574	0
954.794	0
955.014	0
955.234	0
955.454	1
955.674	0
955.894	0
956.114	0
956.334	0
956.555	0
956.775	0
956.995	0
957.215	0
957.435	0
957.655	0
957.875	0
958.095	0
958.315	0
958.535	0
958.756	0
958.976	0
959.196	0
959.416	0
959.636	0
959.856	0
960.076	0
960.296	0
960.516	0
960.736	0
960.957	0
961.177	0
961.397	0
961.617	0
961.837	0
962.057	0
962.277	0
962.497	0
962.717	0
962.938	0
963.158	0
963.378	0
963.598	0
963.818	0
964.038	0
964.258	0
964.478	0
964.698	0
964.918	0
965.138	1
965.359	0
965.579	0
965.799	0
966.019	1
966.239	0
966.459	0
966.679	0
966.899	1
967.119	0
967.339	0
967.56	0
967.78	0
968	1
968.22	0
968.44	0
968.66	0
968.88	0
969.1	0
969.32	0
969.54	0
969.761	0
969.981	0
970.201	1
970.421	0
970.641	0
970.861	0
971.081	0
971.301	0
971.521	0
971.741	0
971.962	0
972.182	0
972.402	0
972.622	0
972.842	1
973.062	0
973.282	0
973.502	0
973.722	0
973.943	0
974.163	0
974.383	0
974.603	0
974.823	0
975.043	0
975.263	0
975.483	0
975.703	0
975.923	0
976.143	2
976.364	0
976.584	0
976.804	0
977.024	1
977.244	0
977.464	0
977.684	0
977.904	0
978.124	0
978.344	0
978.565	0
978.785	0
979.005	0
979.225	0
979.445	0
979.665	0
979.885	0
980.105	0
980.325	0
980.545	0
980.766	0
980.986	0
981.206	0
981.426	0
981.646	0
981.866	0
982.086	0
982.306	0
982.526	0
982.746	0
982.967	0
983.187	0
983.407	0
983.627	0
983.847	0
984.067	0
984.287	0
984.507	0
984.727	0
984.947	0
985.168	0
985.388	0
985.608	0
985.828	0
986.048	0
986.268	0
986.488	1
986.708	0
986.928	0
987.148	0
987.369	0
987.589	1
987.809	2
988.029	0
988.249	0
988.469	0
988.689	0
988.909	0
989.129	0
989.349	0
989.57	0
989.79	1
990.01	0
990.23	0
990.45	0
990.67	1
990.89	0
991.11	0
991.33	0
991.55	0
991.771	0
991.991	0
992.211	0
992.431	0
992.651	0
992.871	0
993.091	1
993.311	0
993.531	0
993.751	0
993.972	1
994.192	0
994.412	0
994.632	0
994.852	0
995.072	0
995.292	0
995.512	0
995.732	0
995.952	0
996.173	0
996.393	1
996.613	0
996.833	0
997.053	0
997.273	0
997.493	0
997.713	0
997.933	0
998.154	0
998.374	0
998.594	0
998.814	0
999.034	0
999.254	0
999.474	0
999.694	0
999.914	0
1000.13	0
1000.35	1
1000.57	0
1000.79	0
1001.01	0
1001.23	0
1001.45	0
1001.68	0
1001.9	0
1002.12	0
1002.34	0
1002.56	0
1002.78	0
1003	0
1003.22	0
1003.44	0
1003.66	0
1003.88	0
1004.1	1
1004.32	0
1004.54	0
1004.76	0
1004.98	0
1005.2	1
1005.42	0
1005.64	0
1005.86	0
1006.08	0
1006.3	0
1006.52	0
1006.74	0
1006.96	0
1007.18	0
1007.4	0
1007.62	0
1007.84	0
1008.06	0
1008.28	0
1008.5	0
1008.72	0
1008.94	0
1009.16	0
1009.38	0
1009.6	0
1009.82	0
1010.04	0
1010.26	0
1010.48	1
1010.7	0
1010.92	0
1011.14	0
1011.36	0
1011.58	1
1011.8	1
1012.02	0
1012.24	0
1012.46	0
1012.68	0
1012.9	0
1013.12	0
1013.34	0
1013.56	0
1013.78	0
1014	0
1014.22	0
1014.44	0
1014.66	0
1014.88	0
1015.1	0
1015.32	0
1015.54	0
1015.76	0
1015.98	0
1016.2	0
1016.42	0
1016.64	0
1016.86	0
1017.08	0
1017.3	0
1017.52	0
1017.74	0
1017.96	0
1018.18	0
1018.4	0
1018.62	0
1018.84	0
1019.06	0
1019.28	0
1019.5	0
1019.72	0
1019.94	0
1020.16	0
1020.38	0
1020.6	0
1020.82	0
1021.04	0
1021.26	0
1021.48	0
1021.7	0
1021.92	0
1022.14	0
1022.36	0
1022.58	0
1022.8	0
1023.02	0
1023.24	0
1023.46	0
1023.69	0
1023.91	0
1024.13	0
1024.35	0
1024.57	0
1024.79	0
1025.01	0
1025.23	0
1025.45	0
1025.67	0
1025.89	0
1026.11	0
1026.33	0
1026.55	0
1026.77	0
1026.99	0
1027.21	0
1027.43	0
1027.65	0
1027.87	0
1028.09	0
1028.31	0
1028.53	1
1028.75	0
1028.97	0
1029.19	0
1029.41	0
1029.63	0
1029.85	0
1030.07	0
1030.29	0
1030.51	0
1030.73	0
1030.95	0
1031.17	0
1031.39	0
1031.61	0
1031.83	0
1032.05	0
1032.27	0
1032.49	0
1032.71	0
1032.93	0
1033.15	0
1033.37	0
1033.59	0
1033.81	0
1034.03	0
1034.25	0
1034.47	0
1034.69	0
1034.91	0
1035.13	0
1035.35	0
1035.57	0
1035.79	0
1036.01	0
1036.23	0
1036.45	0
1036.67	0
1036.89	0
1037.11	0
1037.33	0
1037.55	0
1037.77	1
1037.99	0
1038.21	0
1038.43	0
1038.65	0
1038.87	0
1039.09	0
1039.31	0
1039.53	0
1039.75	0
1039.97	0
1040.19	0
1040.41	0
1040.63	0
1040.85	0
1041.07	0
1041.29	0
1041.51	0
1041.73	0
1041.95	0
1042.17	0
1042.39	0
1042.61	0
1042.83	0
1043.05	1
1043.27	0
1043.49	0
1043.71	0
1043.93	0
1044.15	0
1044.37	0
1044.59	0
1044.81	0
1045.03	0
1045.25	0
1045.47	0
1045.7	0
1045.92	0
1046.14	0
1046.36	0
1046.58	0
1046.8	0
1047.02	0
1047.24	0
1047.46	0
1047.68	0
1047.9	1
1048.12	0
1048.34	0
1048.56	0
1048.78	1
1049	0
1049.22	0
1049.44	1
1049.66	0
1049.88	0
1050.1	0
1050.32	0
1050.54	0
1050.76	0
1050.98	0
1051.2	0
1051.42	0
1051.64	0
1051.86	0
1052.08	1
1052.3	0
1052.52	0
1052.74	0
1052.96	0
1053.18	0
1053.4	0
1053.62	0
1053.84	0
1054.06	0
1054.28	0
1054.5	2
1054.72	1
1054.94	0
1055.16	0
1055.38	0
1055.6	0
1055.82	0
1056.04	0
1056.26	0
1056.48	0
1056.7	0
1056.92	0
1057.14	0
1057.36	0
1057.58	0
1057.8	0
1058.02	0
1058.24	0
1058.46	0
1058.68	0
1058.9	0
1059.12	0
1059.34	0
1059.56	0
1059.78	0
1060	0
1060.22	0
1060.44	0
1060.66	0
1060.88	0
1061.1	0
1061.32	0
1061.54	0
1061.76	0
1061.98	0
1062.2	0
1062.42	0
1062.64	0
1062.86	0
1063.08	0
1063.3	0
1063.52	0
1063.74	0
1063.96	0
1064.18	0
1064.4	1
1064.62	0
1064.84	0
1065.06	0
1065.28	0
1065.5	0
1065.72	0
1065.94	0
1066.16	0
1066.38	0
1066.6	0
1066.82	0
1067.04	0
1067.26	0
1067.48	0
1067.71	0
1067.93	0
1068.15	0
1068.37	0
1068.59	0
1068.81	0
1069.03	0
1069.25	0
1069.47	1
1069.69	0
1069.91	0
1070.13	0
1070.35	0
1070.57	0
1070.79	0
1071.01	1
1071.23	0
1071.45	0
1071.67	0
1071.89	0
1072.11	0
1072.33	0
1072.55	0
1072.77	0
1072.99	0
1073.21	0
1073.43	0
1073.65	0
1073.87	0
1074.09	0
1074.31	0
1074.53	0
1074.75	0
1074.97	0
1075.19	0
1075.41	0
1075.63	0
1075.85	0
1076.07	0
1076.29	0
1076.51	0
1076.73	0
1076.95	0
1077.17	0
1077.39	0
1077.61	0
1077.83	0
1078.05	0
1078.27	0
1078.49	0
1078.71	0
1078.93	0
1079.15	0
1079.37	0
1079.59	0
1079.81	0
1080.03	0
1080.25	0
1080.47	0
1080.69	0
1080.91	0
1081.13	0
1081.35	0
1081.57	0
1081.79	1
1082.01	0
1082.23	0
1082.45	0
1082.67	0
1082.89	0
1083.11	0
1083.33	1
1083.55	0
1083.77	0
1083.99	0
1084.21	0
1084.43	1
1084.65	0
1084.87	0
1085.09	0
1085.31	0
1085.53	0
1085.75	0
1085.97	0
1086.19	0
1086.41	0
1086.63	0
1086.85	0
1087.07	0
1087.29	0
1087.51	0
1087.73	0
1087.95	0
1088.17	0
1088.39	0
1088.61	0
1088.83	0
1089.05	1
1089.27	0
1089.49	0
1089.72	0
1089.94	0
1090.16	0
1090.38	0
1090.6	0
1090.82	0
1091.04	0
1091.26	0
1091.48	0
1091.7	0
1091.92	0
1092.14	0
1092.36	0
1092.58	0
1092.8	0
1093.02	0
1093.24	0
1093.46	0
1093.68	0
1093.9	1
1094.12	0
1094.34	0
1094.56	0
1094.78	0
1095	0
1095.22	0
1095.44	0
1095.66	0
1095.88	0
1096.1	0
1096.32	0
1096.54	0
1096.76	0
1096.98	0
1097.2	0
1097.42	0
1097.64	0
1097.86	0
1098.08	0
1098.3	0
1098.52	1
1098.74	0
1098.96	1
1099.18	0
1099.4	0
1099.62	0
1099.84	0
1100.06	0
1100.28	0
1100.5	0
1100.72	0
1100.94	0
1101.16	0
1101.38	0
1101.6	0
1101.82	0
1102.04	0
1102.26	0
1102.48	0
1102.7	0
1102.92	0
1103.14	0
1103.36	0
1103.58	0
1103.8	0
1104.02	0
1104.24	0
1104.46	0
1104.68	0
1104.9	0
1105.12	0
1105.34	0
1105.56	0
1105.78	0
1106	0
1106.22	0
1106.44	0
1106.66	0
1106.88	0
1107.1	0
1107.32	0
1107.54	0
1107.76	0
1107.98	0
1108.2	0
1108.42	0
1108.64	0
1108.86	0
1109.08	0
1109.3	1
1109.52	0
1109.74	0
1109.96	0
1110.18	0
1110.4	0
1110.62	0
1110.84	0
1111.06	0
1111.28	0
1111.5	0
1111.73	0
1111.95	0
1112.17	0
1112.39	0
1112.61	0
1112.83	0
1113.05	0
1113.27	0
1113.49	0
1113.71	0
1113.93	0
1114.15	0
1114.37	0
1114.59	0
1114.81	0
1115.03	0
1115.25	0
1115.47	0
1115.69	0
1115.91	0
1116.13	0
1116.35	0
1116.57	0
1116.79	0
1117.01	0
1117.23	0
1117.45	0
1117.67	0
1117.89	0
1118.11	0
1118.33	0
1118.55	0
1118.77	0
1118.99	0
1119.21	0
1119.43	0
1119.65	0
1119.87	0
1120.09	0
1120.31	0
1120.53	0
1120.75	0
1120.97	0
1121.19	0
1121.41	0
1121.63	0
1121.85	0
1122.07	0
1122.29	0
1122.51	0
1122.73	0
1122.95	1
1123.17	0
1123.39	0
1123.61	0
1123.83	0
1124.05	1
1124.27	0
1124.49	0
1124.71	0
1124.93	0
1125.15	0
1125.37	0
1125.59	0
1125.81	0
1126.03	0
1126.25	0
1126.47	1
1126.69	0
1126.91	0
1127.13	0
1127.35	0
1127.57	0
1127.79	0
1128.01	0
1128.23	0
1128.45	0
1128.67	1
1128.89	0
1129.11	0
1129.33	0
1129.55	0
1129.77	0
1129.99	0
1130.21	0
1130.43	0
1130.65	0
1130.87	0
1131.09	0
1131.31	0
1131.53	0
1131.75	0
1131.97	0
1132.19	0
1132.41	0
1132.63	0
1132.85	0
1133.07	0
1133.29	0
1133.51	0
1133.74	0
1133.96	0
1134.18	0
1134.4	0
1134.62	1
1134.84	0
1135.06	0
1135.28	0
1135.5	0
1135.72	0
1135.94	0
1136.16	0
1136.38	0
1136.6	0
1136.82	0
1137.04	0
1137.26	0
1137.48	0
1137.7	0
1137.92	0
1138.14	0
1138.36	1
1138.58	0
1138.8	0
1139.02	0
1139.24	0
1139.46	0
1139.68	0
1139.9	1
1140.12	0
1140.34	0
1140.56	0
1140.78	0
1141	0
1141.22	0
1141.44	0
1141.66	0
1141.88	0
1142.1	1
1142.32	0
1142.54	0
1142.76	0
1142.98	0
1143.2	0
1143.42	0
1143.64	0
1143.86	0
1144.08	0
1144.3	0
1144.52	0
1144.74	0
1144.96	0
1145.18	0
1145.4	0
1145.62	0
1145.84	0
1146.06	0
1146.28	0
1146.5	0
1146.72	0
1146.94	0
1147.16	0
1147.38	0
1147.6	0
1147.82	0
1148.04	0
1148.26	0
1148.48	0
1148.7	0
1148.92	0
1149.14	0
1149.36	0
1149.58	0
1149.8	0
1150.02	0
1150.24	1
1150.46	0
1150.68	0
1150.9	0
1151.12	0
1151.34	1
1151.56	0
1151.78	0
1152	0
1152.22	0
1152.44	0
1152.66	0
1152.88	0
1153.1	0
1153.32	0
1153.54	0
1153.76	0
1153.98	0
1154.2	0
1154.42	0
1154.64	0
1154.86	0
1155.08	0
1155.3	0
1155.52	0
1155.75	0
1155.97	0
1156.19	0
1156.41	0
1156.63	0
1156.85	0
1157.07	0
1157.29	0
1157.51	1
1157.73	0
1157.95	0
1158.17	0
1158.39	0
1158.61	0
1158.83	0
1159.05	1
1159.27	0
1159.49	0
1159.71	0
1159.93	0
1160.15	0
1160.37	0
1160.59	0
1160.81	0
1161.03	0
1161.25	0
1161.47	0
1161.69	0
1161.91	0
1162.13	0
1162.35	0
1162.57	0
1162.79	0
1163.01	1
1163.23	0
1163.45	0
1163.67	0
1163.89	0
1164.11	0
1164.33	0
1164.55	0
1164.77	0
1164.99	0
1165.21	0
1165.43	0
1165.65	0
1165.87	0
1166.09	0
1166.31	0
1166.53	0
1166.75	0
1166.97	0
1167.19	0
1167.41	0
1167.63	0
1167.85	0
1168.07	0
1168.29	0
1168.51	0
1168.73	0
1168.95	0
1169.17	1
1169.39	0
1169.61	0
1169.83	0
1170.05	0
1170.27	0
1170.49	0
1170.71	0
1170.93	0
1171.15	0
1171.37	0
1171.59	0
1171.81	0
1172.03	0
1172.25	0
1172.47	0
1172.69	0
1172.91	0
1173.13	0
1173.35	0
1173.57	0
1173.79	0
1174.01	0
1174.23	1
1174.45	0
1174.67	0
1174.89	0
1175.11	0
1175.33	0
1175.55	0
1175.77	0
1175.99	0
1176.21	0
1176.43	0
1176.65	0
1176.87	0
1177.09	0
1177.31	0
1177.53	0
1177.76	0
1177.98	0
1178.2	0
1178.42	0
1178.64	0
1178.86	0
1179.08	0
1179.3	0
1179.52	0
1179.74	0
1179.96	0
1180.18	0
1180.4	0
1180.62	0
1180.84	0
1181.06	0
1181.28	0
1181.5	0
1181.72	0
1181.94	0
1182.16	0
1182.38	0
1182.6	0
1182.82	0
1183.04	0
1183.26	0
1183.48	0
1183.7	0
1183.92	0
1184.14	1
1184.36	0
1184.58	0
1184.8	0
1185.02	0
1185.24	0
1185.46	0
1185.68	0
1185.9	0
1186.12	0
1186.34	1
1186.56	0
1186.78	0
1187	0
1187.22	0
1187.44	0
1187.66	0
1187.88	0
1188.1	0
1188.32	0
1188.54	0
1188.76	0
1188.98	0
1189.2	1
1189.42	0
1189.64	0
1189.86	0
1190.08	0
1190.3	0
1190.52	0
1190.74	0
1190.96	0
1191.18	0
1191.4	0
1191.62	0
1191.84	0
1192.06	0
1192.28	0
1192.5	0
1192.72	0
1192.94	0
1193.16	0
1193.38	0
1193.6	0
1193.82	0
1194.04	0
1194.26	0
1194.48	0
1194.7	0
1194.92	0
1195.14	0
1195.36	0
1195.58	0
1195.8	0
1196.02	0
1196.24	0
1196.46	0
1196.68	0
1196.9	0
1197.12	0
1197.34	0
1197.56	0
1197.78	0
1198	1
1198.22	0
1198.44	0
1198.66	0
1198.88	0
1199.1	0
1199.32	0
1199.54	0
1199.77	0
1199.99	0
1200.21	0
1200.43	0
1200.65	0
1200.87	0
1201.09	0
1201.31	0
1201.53	0
1201.75	0
1201.97	0
1202.19	0
1202.41	0
1202.63	0
1202.85	0
1203.07	0
1203.29	0
1203.51	0
1203.73	0
1203.95	0
1204.17	0
1204.39	0
1204.61	0
1204.83	0
1205.05	0
1205.27	0
1205.49	0
1205.71	0
1205.93	0
1206.15	0
1206.37	0
1206.59	0
1206.81	0
1207.03	0
1207.25	0
1207.47	0
1207.69	0
1207.91	0
1208.13	0
1208.35	0
1208.57	0
1208.79	0
1209.01	0
1209.23	0
1209.45	0
1209.67	0
1209.89	0
1210.11	0
1210.33	0
1210.55	0
1210.77	0
1210.99	0
1211.21	0
1211.43	0
1211.65	0
1211.87	0
1212.09	0
1212.31	0
1212.53	0
1212.75	0
1212.97	0
1213.19	0
1213.41	0
1213.63	0
1213.85	0
1214.07	0
1214.29	0
1214.51	0
1214.73	0
1214.95	0
1215.17	0
1215.39	0
1215.61	0
1215.83	0
1216.05	0
1216.27	0
1216.49	0
1216.71	0
1216.93	0
1217.15	1
1217.37	0
1217.59	0
1217.81	0
1218.03	0
1218.25	1
1218.47	0
1218.69	0
1218.91	0
1219.13	0
1219.35	0
1219.57	0
1219.79	0
1220.01	0
1220.23	0
1220.45	0
1220.67	0
1220.89	0
1221.11	0
1221.33	0
1221.55	0
1221.78	0
1222	0
1222.22	0
1222.44	0
1222.66	0
1222.88	0
1223.1	0
1223.32	0
1223.54	0
1223.76	0
1223.98	0
1224.2	0
1224.42	0
1224.64	0
1224.86	0
1225.08	0
1225.3	0
1225.52	0
1225.74	0
1225.96	0
1226.18	0
1226.4	0
1226.62	0
1226.84	0
1227.06	0
1227.28	0
1227.5	0
1227.72	0
1227.94	0
1228.16	0
1228.38	0
1228.6	0
1228.82	0
1229.04	0
1229.26	0
1229.48	0
1229.7	0
1229.92	0
1230.14	0
1230.36	0
1230.58	0
1230.8	0
1231.02	0
1231.24	0
1231.46	0
1231.68	0
1231.9	0
1232.12	1
1232.34	1
1232.56	0
1232.78	0
1233	0
1233.22	0
1233.44	0
1233.66	0
1233.88	0
1234.1	0
1234.32	0
1234.54	0
1234.76	0
1234.98	0
1235.2	0
1235.42	0
1235.64	0
1235.86	0
1236.08	0
1236.3	0
1236.52	0
1236.74	0
1236.96	0
1237.18	0
1237.4	0
1237.62	1
1237.84	0
1238.06	0
1238.28	0
1238.5	0
1238.72	0
1238.94	0
1239.16	0
1239.38	0
1239.6	0
1239.82	0
1240.04	0
1240.26	0
1240.48	0
1240.7	0
1240.92	0
1241.14	0
1241.36	0
1241.58	0
1241.8	0
1242.02	0
1242.24	0
1242.46	0
1242.68	0
1242.9	0
1243.12	0
1243.34	0
1243.57	0
1243.79	0
1244.01	0
1244.23	0
1244.45	0
1244.67	0
1244.89	0
1245.11	0
1245.33	0
1245.55	0
1245.77	0
1245.99	0
1246.21	0
1246.43	0
1246.65	0
1246.87	0
1247.09	0
1247.31	0
1247.53	0
1247.75	0
1247.97	0
1248.19	0
1248.41	0
1248.63	0
1248.85	0
1249.07	0
1249.29	0
1249.51	0
1249.73	0
1249.95	0
1250.17	0
1250.39	0
1250.61	0
1250.83	0
1251.05	0
1251.27	0
1251.49	0
1251.71	0
1251.93	1
1252.15	0
1252.37	0
1252.59	0
1252.81	0
1253.03	0
1253.25	0
1253.47	1
1253.69	1
1253.91	0
1254.13	0
1254.35	0
1254.57	0
1254.79	0
1255.01	0
1255.23	0
1255.45	1
1255.67	0
1255.89	0
1256.11	0
1256.33	0
1256.55	0
1256.77	0
1256.99	0
1257.21	0
1257.43	1
1257.65	0
1257.87	0
1258.09	0
1258.31	0
1258.53	0
1258.75	0
1258.97	0
1259.19	0
1259.41	0
1259.63	0
1259.85	0
1260.07	0
1260.29	0
1260.51	0
1260.73	0
1260.95	0
1261.17	0
1261.39	0
1261.61	0
1261.83	1
1262.05	0
1262.27	0
1262.49	1
1262.71	0
1262.93	0
1263.15	0
1263.37	0
1263.59	0
1263.81	0
1264.03	0
1264.25	1
1264.47	0
1264.69	0
1264.91	0
1265.13	0
1265.35	0
1265.58	0
1265.8	0
1266.02	0
1266.24	0
1266.46	0
1266.68	0
1266.9	0
1267.12	0
1267.34	0
1267.56	0
1267.78	1
1268	0
1268.22	0
1268.44	0
1268.66	0
1268.88	0
1269.1	0
1269.32	0
1269.54	0
1269.76	0
1269.98	0
1270.2	0
1270.42	0
1270.64	0
1270.86	0
1271.08	0
1271.3	0
1271.52	0
1271.74	0
1271.96	0
1272.18	0
1272.4	0
1272.62	0
1272.84	0
1273.06	0
1273.28	0
1273.5	1
1273.72	0
1273.94	0
1274.16	0
1274.38	0
1274.6	0
1274.82	0
1275.04	0
1275.26	0
1275.48	0
1275.7	0
1275.92	0
1276.14	0
1276.36	0
1276.58	0
1276.8	0
1277.02	0
1277.24	0
1277.46	0
1277.68	0
1277.9	0
1278.12	0
1278.34	0
1278.56	0
1278.78	0
1279	0
1279.22	0
1279.44	0
1279.66	0
1279.88	0
1280.1	0
1280.32	0
1280.54	0
1280.76	0
1280.98	0
1281.2	0
1281.42	0
1281.64	0
1281.86	0
1282.08	0
1282.3	0
1282.52	0
1282.74	0
1282.96	0
1283.18	0
1283.4	0
1283.62	0
1283.84	0
1284.06	0
1284.28	0
1284.5	0
1284.72	0
1284.94	0
1285.16	0
1285.38	0
1285.6	0
1285.82	0
1286.04	0
1286.26	0
1286.48	0
1286.7	0
1286.92	0
1287.14	0
1287.36	0
1287.59	0
1287.81	0
1288.03	0
1288.25	0
1288.47	0
1288.69	0
1288.91	0
1289.13	0
1289.35	1
1289.57	0
1289.79	0
1290.01	0
1290.23	0
1290.45	0
1290.67	0
1290.89	0
1291.11	0
1291.33	0
1291.55	0
1291.77	0
1291.99	0
1292.21	0
1292.43	0
1292.65	0
1292.87	0
1293.09	0
1293.31	0
1293.53	0
1293.75	0
1293.97	0
1294.19	0
1294.41	0
1294.63	0
1294.85	0
1295.07	0
1295.29	0
1295.51	0
1295.73	0
1295.95	0
1296.17	0
1296.39	0
1296.61	0
1296.83	0
1297.05	0
1297.27	0
1297.49	0
1297.71	0
1297.93	0
1298.15	0
1298.37	0
1298.59	0
1298.81	0
1299.03	0
1299.25	0
1299.47	0
1299.69	0
1299.91	0
1300.13	0
1300.35	0
1300.57	0
1300.79	0
1301.01	0
1301.23	0
1301.45	0
1301.67	0
1301.89	0
1302.11	0
1302.33	0
1302.55	0
1302.77	0
1302.99	0
1303.21	0
1303.43	0
1303.65	0
1303.87	0
1304.09	0
1304.31	0
1304.53	0
1304.75	0
1304.97	0
1305.19	0
1305.41	0
1305.63	0
1305.85	0
1306.07	0
1306.29	0
1306.51	0
1306.73	0
1306.95	0
1307.17	0
1307.39	0
1307.61	0
1307.83	0
1308.05	0
1308.27	0
1308.49	0
1308.71	0
1308.93	0
1309.15	0
1309.37	0
1309.6	0
1309.82	0
1310.04	0
1310.26	0
1310.48	0
1310.7	0
1310.92	0
1311.14	0
1311.36	0
1311.58	0
1311.8	0
1312.02	0
1312.24	0
1312.46	0
1312.68	0
1312.9	0
1313.12	0
1313.34	1
1313.56	0
1313.78	0
1314	0
1314.22	0
1314.44	0
1314.66	0
1314.88	0
1315.1	0
1315.32	0
1315.54	0
1315.76	0
1315.98	0
1316.2	0
1316.42	0
1316.64	0
1316.86	0
1317.08	0
1317.3	0
1317.52	0
1317.74	0
1317.96	0
1318.18	0
1318.4	0
1318.62	0
1318.84	0
1319.06	0
1319.28	0
1319.5	0
1319.72	0
1319.94	0
1320.16	0
1320.38	0
1320.6	0
1320.82	0
1321.04	0
1321.26	0
1321.48	0
1321.7	0
1321.92	0
1322.14	0
1322.36	1
1322.58	0
1322.8	0
1323.02	0
1323.24	0
1323.46	0
1323.68	0
1323.9	0
1324.12	1
1324.34	0
1324.56	0
1324.78	0
1325	0
1325.22	0
1325.44	0
1325.66	0
1325.88	0
1326.1	0
1326.32	0
1326.54	0
1326.76	0
1326.98	0
1327.2	0
1327.42	0
1327.64	0
1327.86	0
1328.08	0
1328.3	0
1328.52	0
1328.74	0
1328.96	0
1329.18	0
1329.4	0
1329.62	0
1329.84	0
1330.06	0
1330.28	0
1330.5	0
1330.72	0
1330.94	0
1331.16	0
1331.38	0
1331.61	0
1331.83	0
1332.05	0
1332.27	0
1332.49	0
1332.71	0
1332.93	0
1333.15	0
1333.37	0
1333.59	0
1333.81	0
1334.03	0
1334.25	0
1334.47	0
1334.69	0
1334.91	0
1335.13	0
1335.35	0
1335.57	0
1335.79	0
1336.01	0
1336.23	0
1336.45	0
1336.67	0
1336.89	0
1337.11	0
1337.33	0
1337.55	0
1337.77	0
1337.99	0
1338.21	0
1338.43	0
1338.65	0
1338.87	0
1339.09	0
1339.31	0
1339.53	0
1339.75	0
1339.97	0
1340.19	0
1340.41	0
1340.63	0
1340.85	0
1341.07	0
1341.29	0
1341.51	0
1341.73	0
1341.95	0
1342.17	0
1342.39	0
1342.61	0
1342.83	0
1343.05	0
1343.27	0
1343.49	1
1343.71	0
1343.93	0
1344.15	0
1344.37	0
1344.59	0
1344.81	0
1345.03	0
1345.25	1
1345.47	0
1345.69	0
1345.91	0
1346.13	0
1346.35	0
1346.57	0
1346.79	0
1347.01	0
1347.23	0
1347.45	0
1347.67	0
1347.89	0
1348.11	0
1348.33	0
1348.55	0
1348.77	0
1348.99	0
1349.21	0
1349.43	0
1349.65	0
1349.87	0
1350.09	0
1350.31	0
1350.53	0
1350.75	0
1350.97	0
1351.19	0
1351.41	0
1351.63	0
1351.85	0
1352.07	0
1352.29	0
1352.51	0
1352.73	0
1352.95	0
1353.17	0
1353.39	0
1353.62	0
1353.84	0
1354.06	0
1354.28	0
1354.5	0
1354.72	0
1354.94	0
1355.16	0
1355.38	0
1355.6	0
1355.82	0
1356.04	0
1356.26	0
1356.48	0
1356.7	0
1356.92	0
1357.14	0
1357.36	0
1357.58	0
1357.8	0
1358.02	0
1358.24	0
1358.46	0
1358.68	0
1358.9	0
1359.12	0
1359.34	0
1359.56	0
1359.78	0
1360	0
1360.22	0
1360.44	0
1360.66	0
1360.88	0
1361.1	0
1361.32	0
1361.54	0
1361.76	0
1361.98	0
1362.2	0
1362.42	0
1362.64	0
1362.86	0
1363.08	0
1363.3	0
1363.52	0
1363.74	0
1363.96	0
1364.18	0
1364.4	0
1364.62	0
1364.84	0
1365.06	0
1365.28	0
1365.5	0
1365.72	0
1365.94	0
1366.16	0
1366.38	0
1366.6	0
1366.82	0
1367.04	0
1367.26	0
1367.48	0
1367.7	0
1367.92	0
1368.14	0
1368.36	0
1368.58	0
1368.8	0
1369.02	0
1369.24	0
1369.46	0
1369.68	0
1369.9	0
1370.12	0
1370.34	0
1370.56	0
1370.78	0
1371	0
1371.22	0
1371.44	0
1371.66	0
1371.88	0
1372.1	0
1372.32	0
1372.54	0
1372.76	0
1372.98	0
1373.2	0
1373.42	0
1373.64	0
1373.86	0
1374.08	0
1374.3	0
1374.52	0
1374.74	0
1374.96	0
1375.18	0
1375.4	0
1375.63	0
1375.85	0
1376.07	0
1376.29	0
1376.51	0
1376.73	0
1376.95	0
1377.17	0
1377.39	0
1377.61	0
1377.83	0
1378.05	0
1378.27	0
1378.49	0
1378.71	0
1378.93	0
1379.15	0
1379.37	0
1379.59	0
1379.81	0
1380.03	0
1380.25	0
1380.47	0
1380.69	0
1380.91	0
1381.13	0
1381.35	0
1381.57	0
1381.79	0
1382.01	0
1382.23	0
1382.45	1
1382.67	0
1382.89	0
1383.11	0
1383.33	0
1383.55	0
1383.77	0
1383.99	0
1384.21	0
1384.43	0
1384.65	0
1384.87	0
1385.09	0
1385.31	0
1385.53	0
1385.75	0
1385.97	0
1386.19	0
1386.41	0
1386.63	0
1386.85	0
1387.07	0
1387.29	0
1387.51	0
1387.73	0
1387.95	0
1388.17	0
1388.39	0
1388.61	0
1388.83	0
1389.05	0
1389.27	0
1389.49	0
1389.71	0
1389.93	0
1390.15	0
1390.37	0
1390.59	0
1390.81	0
1391.03	0
1391.25	0
1391.47	0
1391.69	0
1391.91	0
1392.13	0
1392.35	0
1392.57	0
1392.79	0
1393.01	0
1393.23	0
1393.45	0
1393.67	0
1393.89	0
1394.11	0
1394.33	1
1394.55	0
1394.77	0
1394.99	0
1395.21	0
1395.43	0
1395.65	0
1395.87	0
1396.09	0
1396.31	1
1396.53	0
1396.75	0
1396.97	0
1397.19	0
1397.41	0
1397.64	0
1397.86	0
1398.08	0
1398.3	0
1398.52	0
1398.74	0
1398.96	0
1399.18	0
1399.4	0
1399.62	0
1399.84	0
1400.06	0
1400.28	0
1400.5	0
1400.72	0
1400.94	0
1401.16	0
1401.38	0
1401.6	0
1401.82	0
1402.04	0
1402.26	0
1402.48	0
1402.7	0
1402.92	0
1403.14	0
1403.36	0
1403.58	0
1403.8	0
1404.02	0
1404.24	0
1404.46	0
1404.68	0
1404.9	0
1405.12	0
1405.34	0
1405.56	0
1405.78	0
1406	0
1406.22	0
1406.44	0
1406.66	0
1406.88	0
1407.1	0
1407.32	0
1407.54	0
1407.76	0
1407.98	0
1408.2	0
1408.42	0
1408.64	0
1408.86	0
1409.08	0
1409.3	0
1409.52	0
1409.74	0
1409.96	0
1410.18	0
1410.4	0
1410.62	0
1410.84	0
1411.06	0
1411.28	0
1411.5	0
1411.72	0
1411.94	0
1412.16	0
1412.38	0
1412.6	0
1412.82	0
1413.04	0
1413.26	0
1413.48	0
1413.7	0
1413.92	0
1414.14	0
1414.36	0
1414.58	0
1414.8	0
1415.02	0
1415.24	0
1415.46	0
1415.68	0
1415.9	0
1416.12	0
1416.34	0
1416.56	0
1416.78	0
1417	0
1417.22	0
1417.44	0
1417.66	0
1417.88	0
1418.1	0
1418.32	0
1418.54	0
1418.76	0
1418.98	0
1419.2	0
1419.42	0
1419.65	0
1419.87	0
1420.09	0
1420.31	0
1420.53	0
1420.75	0
1420.97	0
1421.19	0
1421.41	0
1421.63	0
1421.85	0
1422.07	0
1422.29	0
1422.51	0
1422.73	0
1422.95	0
1423.17	0
1423.39	0
1423.61	0
1423.83	0
1424.05	0
1424.27	0
1424.49	0
1424.71	0
1424.93	0
1425.15	0
1425.37	0
1425.59	0
1425.81	0
1426.03	0
1426.25	0
1426.47	0
1426.69	0
1426.91	0
1427.13	0
1427.35	0
1427.57	0
1427.79	0
1428.01	0
1428.23	0
1428.45	0
1428.67	0
1428.89	0
1429.11	0
1429.33	0
1429.55	0
1429.77	0
1429.99	0
1430.21	0
1430.43	0
1430.65	0
1430.87	0
1431.09	1
1431.31	0
1431.53	0
1431.75	0
1431.97	0
1432.19	0
1432.41	0
1432.63	0
1432.85	0
1433.07	0
1433.29	0
1433.51	0
1433.73	0
1433.95	0
1434.17	0
1434.39	0
1434.61	0
1434.83	0
1435.05	0
1435.27	0
1435.49	0
1435.71	0
1435.93	0
1436.15	0
1436.37	0
1436.59	0
1436.81	0
1437.03	0
1437.25	0
1437.47	0
1437.69	1
1437.91	0
1438.13	0
1438.35	0
1438.57	0
1438.79	0
1439.01	0
1439.23	0
1439.45	0
1439.67	0
1439.89	0
1440.11	0
1440.33	0
1440.55	0
1440.77	0
1440.99	0
1441.21	0
1441.43	0
1441.66	0
1441.88	0
1442.1	0
1442.32	0
1442.54	0
1442.76	0
1442.98	0
1443.2	0
1443.42	0
1443.64	0
1443.86	0
1444.08	0
1444.3	0
1444.52	0
1444.74	0
1444.96	0
1445.18	0
1445.4	0
1445.62	0
1445.84	0
1446.06	0
1446.28	0
1446.5	0
1446.72	0
1446.94	0
1447.16	0
1447.38	0
1447.6	0
1447.82	0
1448.04	0
1448.26	0
1448.48	0
1448.7	0
1448.92	0
1449.14	0
1449.36	0
1449.58	0
1449.8	0
1450.02	0
1450.24	0
1450.46	0
1450.68	0
1450.9	0
1451.12	0
1451.34	0
1451.56	0
1451.78	0
1452	0
1452.22	0
1452.44	0
1452.66	0
1452.88	0
1453.1	0
1453.32	0
1453.54	0
1453.76	0
1453.98	0
1454.2	0
1454.42	0
1454.64	0
1454.86	0
1455.08	0
1455.3	0
1455.52	0
1455.74	0
1455.96	0
1456.18	0
1456.4	0
1456.62	0
1456.84	0
1457.06	0
1457.28	0
1457.5	0
1457.72	0
1457.94	0
1458.16	0
1458.38	0
1458.6	0
1458.82	0
1459.04	0
1459.26	0
1459.48	0
1459.7	0
1459.92	0
1460.14	0
1460.36	0
1460.58	0
1460.8	0
1461.02	0
1461.24	0
1461.46	0
1461.68	0
1461.9	0
1462.12	0
1462.34	0
1462.56	0
1462.78	0
1463	0
1463.22	0
1463.44	0
1463.67	0
1463.89	0
1464.11	1
1464.33	0
1464.55	0
1464.77	1
1464.99	1
1465.21	2
1465.43	0
1465.65	0
1465.87	1
1466.09	0
1466.31	1
1466.53	0
1466.75	0
1466.97	0
1467.19	0
1467.41	0
1467.63	0
1467.85	0
1468.07	0
1468.29	0
1468.51	0
1468.73	0
1468.95	0
1469.17	0
1469.39	0
1469.61	0
1469.83	0
1470.05	0
1470.27	0
1470.49	0
1470.71	0
1470.93	0
1471.15	0
1471.37	0
1471.59	0
1471.81	0
1472.03	0
1472.25	0
1472.47	0
1472.69	0
1472.91	0
1473.13	0
1473.35	0
1473.57	0
1473.79	0
1474.01	0
1474.23	0
1474.45	0
1474.67	0
1474.89	0
1475.11	0
1475.33	0
1475.55	0
1475.77	0
1475.99	0
1476.21	0
1476.43	0
1476.65	0
1476.87	0
1477.09	0
1477.31	0
1477.53	0
1477.75	0
1477.97	0
1478.19	0
1478.41	0
1478.63	0
1478.85	0
1479.07	0
1479.29	0
1479.51	0
1479.73	0
1479.95	0
1480.17	0
1480.39	0
1480.61	0
1480.83	0
1481.05	0
1481.27	0
1481.49	0
1481.71	0
1481.93	0
1482.15	0
1482.37	0
1482.59	0
1482.81	0
1483.03	0
1483.25	0
1483.47	0
1483.69	0
1483.91	0
1484.13	0
1484.35	0
1484.57	0
1484.79	0
1485.01	0
1485.23	0
1485.45	0
1485.68	0
1485.9	0
1486.12	0
1486.34	0
1486.56	0
1486.78	0
1487	0
1487.22	0
1487.44	0
1487.66	0
1487.88	0
1488.1	0
1488.32	0
1488.54	0
1488.76	0
1488.98	0
1489.2	0
1489.42	0
1489.64	0
1489.86	0
1490.08	0
1490.3	0
1490.52	0
1490.74	0
1490.96	0
1491.18	0
1491.4	0
1491.62	0
1491.84	0
1492.06	0
1492.28	0
1492.5	1
1492.72	0
1492.94	0
1493.16	0
1493.38	0
1493.6	1
1493.82	0
1494.04	0
1494.26	0
1494.48	0
1494.7	0
1494.92	0
1495.14	0
1495.36	0
1495.58	0
1495.8	0
1496.02	0
1496.24	0
1496.46	0
1496.68	0
1496.9	0
1497.12	0
1497.34	0
1497.56	0
1497.78	1
1498	0
1498.22	0
1498.44	0
1498.66	0
1498.88	0
1499.1	0
1499.32	0
1499.54	0
1499.76	0
1499.98	0
1500.2	0
1500.42	0
1500.64	0
1500.86	0
1501.08	0
1501.3	0
1501.52	0
1501.74	0
1501.96	0
1502.18	0
1502.4	0
1502.62	0
1502.84	0
1503.06	0
1503.28	0
1503.5	0
1503.72	0
1503.94	0
1504.16	0
1504.38	0
1504.6	0
1504.82	0
1505.04	0
1505.26	0
1505.48	0
1505.7	0
1505.92	0
1506.14	0
1506.36	0
1506.58	0
1506.8	0
1507.02	0
1507.24	0
1507.46	0
1507.68	0
1507.91	0
1508.13	0
1508.35	0
1508.57	0
1508.79	0
1509.01	0
1509.23	0
1509.45	0
1509.67	0
1509.89	0
1510.11	0
1510.33	0
1510.55	0
1510.77	0
1510.99	0
1511.21	0
1511.43	0
1511.65	0
1511.87	0
1512.09	0
1512.31	0
1512.53	0
1512.75	0
1512.97	0
1513.19	0
1513.41	0
1513.63	0
1513.85	0
1514.07	0
1514.29	0
1514.51	0
1514.73	0
1514.95	0
1515.17	0
1515.39	0
1515.61	0
1515.83	0
1516.05	0
1516.27	0
1516.49	0
1516.71	0
1516.93	0
1517.15	0
1517.37	0
1517.59	0
1517.81	0
1518.03	0
1518.25	0
1518.47	0
1518.69	0
1518.91	0
1519.13	0
1519.35	0
1519.57	0
1519.79	0
1520.01	0
1520.23	0
1520.45	0
1520.67	0
1520.89	0
1521.11	0
1521.33	0
1521.55	0
1521.77	0
1521.99	0
1522.21	0
1522.43	0
1522.65	0
1522.87	0
1523.09	0
1523.31	0
1523.53	0
1523.75	0
1523.97	0
1524.19	0
1524.41	0
1524.63	0
1524.85	0
1525.07	0
1525.29	0
1525.51	0
1525.73	0
1525.95	0
1526.17	0
1526.39	0
1526.61	0
1526.83	0
1527.05	0
1527.27	0
1527.49	0
1527.71	0
1527.93	0
1528.15	0
1528.37	0
1528.59	0
1528.81	0
1529.03	0
1529.25	0
1529.47	0
1529.69	0
1529.92	0
1530.14	0
1530.36	0
1530.58	0
1530.8	0
1531.02	0
1531.24	0
1531.46	0
1531.68	1
1531.9	0
1532.12	0
1532.34	0
1532.56	0
1532.78	1
1533	0
1533.22	0
1533.44	0
1533.66	0
1533.88	0
1534.1	0
1534.32	0
1534.54	0
1534.76	0
1534.98	0
1535.2	0
1535.42	0
1535.64	0
1535.86	0
1536.08	0
1536.3	0
1536.52	0
1536.74	0
1536.96	0
1537.18	0
1537.4	0
1537.62	0
1537.84	0
1538.06	0
1538.28	0
1538.5	0
1538.72	0
1538.94	0
1539.16	0
1539.38	0
1539.6	0
1539.82	0
1540.04	0
1540.26	0
1540.48	0
1540.7	0
1540.92	0
1541.14	0
1541.36	0
1541.58	0
1541.8	0
1542.02	0
1542.24	0
1542.46	0
1542.68	0
1542.9	0
1543.12	0
1543.34	0
1543.56	0
1543.78	0
1544	0
1544.22	0
1544.44	0
1544.66	0
1544.88	0
1545.1	0
1545.32	0
1545.54	0
1545.76	0
1545.98	0
1546.2	0
1546.42	0
1546.64	0
1546.86	0
1547.08	0
1547.3	0
1547.52	0
1547.74	0
1547.96	0
1548.18	0
1548.4	0
1548.62	0
1548.84	0
1549.06	0
1549.28	0
1549.5	0
1549.72	0
1549.94	0
1550.16	0
1550.38	0
1550.6	0
1550.82	0
1551.04	0
1551.26	0
1551.48	0
1551.7	0
1551.93	0
1552.15	0
1552.37	0
1552.59	0
1552.81	0
1553.03	0
1553.25	0
1553.47	0
1553.69	0
1553.91	0
1554.13	0
1554.35	0
1554.57	0
1554.79	0
1555.01	0
1555.23	0
1555.45	0
1555.67	0
1555.89	0
1556.11	0
1556.33	0
1556.55	0
1556.77	0
1556.99	0
1557.21	0
1557.43	0
1557.65	0
1557.87	0
1558.09	0
1558.31	0
1558.53	0
1558.75	0
1558.97	0
1559.19	0
1559.41	0
1559.63	0
1559.85	0
1560.07	0
1560.29	0
1560.51	0
1560.73	0
1560.95	0
1561.17	0
1561.39	0
1561.61	0
1561.83	0
1562.05	0
1562.27	0
1562.49	0
1562.71	0
1562.93	0
1563.15	0
1563.37	0
1563.59	0
1563.81	0
1564.03	0
1564.25	0
1564.47	0
1564.69	0
1564.91	0
1565.13	0
1565.35	1
1565.57	0
1565.79	0
1566.01	0
1566.23	0
1566.45	0
1566.67	0
1566.89	0
1567.11	0
1567.33	0
1567.55	0
1567.77	0
1567.99	0
1568.21	0
1568.43	0
1568.65	0
1568.87	0
1569.09	0
1569.31	0
1569.53	0
1569.75	0
1569.97	0
1570.19	0
1570.41	0
1570.63	0
1570.85	0
1571.07	0
1571.29	0
1571.51	0
1571.73	0
1571.95	0
1572.17	0
1572.39	0
1572.61	0
1572.83	0
1573.05	0
1573.27	0
1573.49	0
1573.71	0
1573.94	0
1574.16	0
1574.38	0
1574.6	0
1574.82	0
1575.04	0
1575.26	0
1575.48	0
1575.7	0
1575.92	0
1576.14	0
1576.36	0
1576.58	0
1576.8	0
1577.02	0
1577.24	0
1577.46	0
1577.68	0
1577.9	0
1578.12	0
1578.34	0
1578.56	0
1578.78	0
1579	0
1579.22	0
1579.44	0
1579.66	0
1579.88	0
1580.1	0
1580.32	0
1580.54	0
1580.76	0
1580.98	0
1581.2	0
1581.42	0
1581.64	0
1581.86	0
1582.08	0
1582.3	0
1582.52	0
1582.74	0
1582.96	0
1583.18	0
1583.4	0
1583.62	0
1583.84	0
1584.06	0
1584.28	0
1584.5	0
1584.72	0
1584.94	0
1585.16	0
1585.38	1
1585.6	0
1585.82	0
1586.04	0
1586.26	0
1586.48	0
1586.7	0
1586.92	0
1587.14	0
1587.36	0
1587.58	0
1587.8	0
1588.02	0
1588.24	0
1588.46	0
1588.68	0
1588.9	0
1589.12	0
1589.34	0
1589.56	0
1589.78	0
1590	0
1590.22	0
1590.44	0
1590.66	0
1590.88	0
1591.1	0
1591.32	0
1591.54	0
1591.76	0
1591.98	0
1592.2	0
1592.42	0
1592.64	0
1592.86	0
1593.08	0
1593.3	0
1593.52	0
1593.74	0
1593.96	0
1594.18	0
1594.4	0
1594.62	0
1594.84	0
1595.06	0
1595.28	0
1595.5	0
1595.72	0
1595.95	0
1596.17	0
1596.39	0
1596.61	0
1596.83	0
1597.05	0
1597.27	0
1597.49	0
1597.71	0
1597.93	0
1598.15	0
1598.37	0
1598.59	0
1598.81	0
1599.03	0
1599.25	0
1599.47	0
1599.69	0
1599.91	1
1600.13	0
1600.35	0
1600.57	0
1600.79	0
1601.01	0
1601.23	0
1601.45	0
1601.67	0
1601.89	0
1602.11	0
1602.33	0
1602.55	0
1602.77	0
1602.99	0
1603.21	0
1603.43	0
1603.65	0
1603.87	0
1604.09	0
1604.31	0
1604.53	0
1604.75	0
1604.97	0
1605.19	0
1605.41	0
1605.63	0
1605.85	0
1606.07	0
1606.29	0
1606.51	0
1606.73	0
1606.95	0
1607.17	0
1607.39	0
1607.61	0
1607.83	0
1608.05	0
1608.27	0
1608.49	0
1608.71	0
1608.93	0
1609.15	0
1609.37	0
1609.59	0
1609.81	0
1610.03	0
1610.25	0
1610.47	0
1610.69	0
1610.91	0
1611.13	0
1611.35	0
1611.57	0
1611.79	0
1612.01	0
1612.23	0
1612.45	0
1612.67	0
1612.89	0
1613.11	0
1613.33	0
1613.55	0
1613.77	0
1613.99	0
1614.21	0
1614.43	0
1614.65	0
1614.87	0
1615.09	0
1615.31	0
1615.53	0
1615.75	0
1615.97	0
1616.19	0
1616.41	0
1616.63	0
1616.85	0
1617.07	0
1617.29	0
1617.51	0
1617.73	0
1617.96	0
1618.18	0
1618.4	0
1618.62	0
1618.84	0
1619.06	0
1619.28	0
1619.5	0
1619.72	0
1619.94	0
1620.16	0
1620.38	0
1620.6	0
1620.82	0
1621.04	0
1621.26	0
1621.48	0
1621.7	0
1621.92	0
1622.14	0
1622.36	0
1622.58	0
1622.8	0
1623.02	0
1623.24	0
1623.46	0
1623.68	0
1623.9	0
1624.12	0
1624.34	0
1624.56	0
1624.78	0
1625	0
1625.22	0
1625.44	0
1625.66	0
1625.88	0
1626.1	0
1626.32	0
1626.54	0
1626.76	0
1626.98	0
1627.2	0
1627.42	0
1627.64	0
1627.86	0
1628.08	1
1628.3	0
1628.52	0
1628.74	0
1628.96	0
1629.18	0
1629.4	1
1629.62	0
1629.84	0
1630.06	0
1630.28	0
1630.5	0
1630.72	0
1630.94	0
1631.16	0
1631.38	0
1631.6	0
1631.82	0
1632.04	0
1632.26	0
1632.48	0
1632.7	0
1632.92	0
1633.14	0
1633.36	0
1633.58	0
1633.8	0
1634.02	0
1634.24	0
1634.46	0
1634.68	0
1634.9	0
1635.12	0
1635.34	0
1635.56	0
1635.78	0
1636	0
1636.22	0
1636.44	0
1636.66	0
1636.88	0
1637.1	0
1637.32	0
1637.54	0
1637.76	0
1637.98	0
1638.2	0
1638.42	0
1638.64	0
1638.86	0
1639.08	0
1639.3	0
1639.52	0
1639.74	0
1639.97	0
1640.19	0
1640.41	0
1640.63	0
1640.85	0
1641.07	0
1641.29	0
1641.51	0
1641.73	0
1641.95	0
1642.17	0
1642.39	0
1642.61	0
1642.83	0
1643.05	0
1643.27	0
1643.49	0
1643.71	0
1643.93	0
1644.15	0
1644.37	0
1644.59	0
1644.81	0
1645.03	0
1645.25	0
1645.47	0
1645.69	0
1645.91	0
1646.13	0
1646.35	0
1646.57	0
1646.79	0
1647.01	0
1647.23	0
1647.45	0
1647.67	0
1647.89	0
1648.11	0
1648.33	0
1648.55	0
1648.77	0
1648.99	0
1649.21	0
1649.43	0
1649.65	0
1649.87	0
1650.09	0
1650.31	0
1650.53	0
1650.75	0
1650.97	0
1651.19	0
1651.41	0
1651.63	0
1651.85	0
1652.07	0
1652.29	0
1652.51	0
1652.73	0
1652.95	0
1653.17	0
1653.39	0
1653.61	0
1653.83	0
1654.05	0
1654.27	0
1654.49	0
1654.71	0
1654.93	0
1655.15	0
1655.37	0
1655.59	0
1655.81	0
1656.03	0
1656.25	0
1656.47	0
1656.69	0
1656.91	0
1657.13	0
1657.35	0
1657.57	0
1657.79	0
1658.01	0
1658.23	0
1658.45	0
1658.67	0
1658.89	0
1659.11	0
1659.33	0
1659.55	0
1659.77	0
1659.99	0
1660.21	0
1660.43	0
1660.65	0
1660.87	0
1661.09	0
1661.31	0
1661.53	0
1661.75	0
1661.98	0
1662.2	0
1662.42	0
1662.64	0
1662.86	0
1663.08	0
1663.3	0
1663.52	0
1663.74	0
1663.96	0
1664.18	0
1664.4	0
1664.62	0
1664.84	0
1665.06	0
1665.28	0
1665.5	0
1665.72	0
1665.94	0
1666.16	0
1666.38	0
1666.6	0
1666.82	0
1667.04	0
1667.26	0
1667.48	0
1667.7	0
1667.92	0
1668.14	0
1668.36	0
1668.58	0
1668.8	0
1669.02	0
1669.24	0
1669.46	0
1669.68	0
1669.9	0
1670.12	0
1670.34	0
1670.56	0
1670.78	0
1671	0
1671.22	0
1671.44	0
1671.66	0
1671.88	0
1672.1	0
1672.32	0
1672.54	0
1672.76	0
1672.98	0
1673.2	0
1673.42	0
1673.64	0
1673.86	0
1674.08	0
1674.3	0
1674.52	0
1674.74	0
1674.96	0
1675.18	0
1675.4	0
1675.62	0
1675.84	0
1676.06	0
1676.28	0
1676.5	0
1676.72	0
1676.94	0
1677.16	0
1677.38	0
1677.6	0
1677.82	0
1678.04	0
1678.26	0
1678.48	0
1678.7	0
1678.92	0
1679.14	0
1679.36	0
1679.58	0
1679.8	0
1680.02	0
1680.24	0
1680.46	0
1680.68	0
1680.9	0
1681.12	0
1681.34	0
1681.56	0
1681.78	0
1682	0
1682.22	0
1682.44	0
1682.66	0
1682.88	0
1683.1	0
1683.32	0
1683.54	0
1683.76	0
1683.99	0
1684.21	0
1684.43	0
1684.65	0
1684.87	0
1685.09	0
1685.31	0
1685.53	0
1685.75	0
1685.97	0
1686.19	0
1686.41	0
1686.63	0
1686.85	0
1687.07	0
1687.29	0
1687.51	0
1687.73	0
1687.95	0
1688.17	0
1688.39	0
1688.61	0
1688.83	0
1689.05	0
1689.27	0
1689.49	0
1689.71	0
1689.93	0
1690.15	0
1690.37	0
1690.59	0
1690.81	0
1691.03	0
1691.25	0
1691.47	0
1691.69	0
1691.91	0
1692.13	0
1692.35	0
1692.57	0
1692.79	0
1693.01	0
1693.23	0
1693.45	0
1693.67	0
1693.89	0
1694.11	0
1694.33	0
1694.55	0
1694.77	0
1694.99	0
1695.21	0
1695.43	0
1695.65	0
1695.87	0
1696.09	0
1696.31	0
1696.53	0
1696.75	0
1696.97	0
1697.19	0
1697.41	0
1697.63	0
1697.85	0
1698.07	0
1698.29	0
1698.51	0
1698.73	0
1698.95	0
1699.17	0
1699.39	0
1699.61	0
1699.83	0
1700.05	0
1700.27	0
1700.49	0
1700.71	0
1700.93	0
1701.15	0
1701.37	0
1701.59	0
1701.81	0
1702.03	0
1702.25	0
1702.47	0
1702.69	0
1702.91	0
1703.13	0
1703.35	0
1703.57	0
1703.79	0
1704.01	0
1704.23	0
1704.45	0
1704.67	0
1704.89	0
1705.11	0
1705.33	0
1705.55	0
1705.77	0
1706	0
1706.22	0
1706.44	0
1706.66	0
1706.88	0
1707.1	0
1707.32	0
1707.54	0
1707.76	0
1707.98	0
1708.2	0
1708.42	0
1708.64	0
1708.86	0
1709.08	0
1709.3	0
1709.52	0
1709.74	0
1709.96	0
1710.18	0
1710.4	0
1710.62	0
1710.84	0
1711.06	0
1711.28	0
1711.5	0
1711.72	0
1711.94	0
1712.16	0
1712.38	0
1712.6	0
1712.82	0
1713.04	0
1713.26	0
1713.48	0
1713.7	0
1713.92	0
1714.14	0
1714.36	0
1714.58	0
1714.8	0
1715.02	0
1715.24	0
1715.46	0
1715.68	0
1715.9	0
1716.12	0
1716.34	0
1716.56	0
1716.78	0
1717	0
1717.22	0
1717.44	0
1717.66	0
1717.88	0
1718.1	0
1718.32	0
1718.54	0
1718.76	0
1718.98	0
1719.2	0
1719.42	0
1719.64	0
1719.86	0
1720.08	0
1720.3	0
1720.52	0
1720.74	0
1720.96	0
1721.18	0
1721.4	0
1721.62	0
1721.84	0
1722.06	0
1722.28	0
1722.5	0
1722.72	0
1722.94	0
1723.16	0
1723.38	0
1723.6	0
1723.82	0
1724.04	0
1724.26	0
1724.48	0
1724.7	0
1724.92	0
1725.14	0
1725.36	0
1725.58	0
1725.8	0
1726.02	0
1726.24	0
1726.46	0
1726.68	1
1726.9	0
1727.12	0
1727.34	0
1727.56	0
1727.78	1
1728.01	0
1728.23	0
1728.45	0
1728.67	0
1728.89	0
1729.11	0
1729.33	0
1729.55	0
1729.77	0
1729.99	0
1730.21	0
1730.43	0
1730.65	0
1730.87	0
1731.09	0
1731.31	0
1731.53	0
1731.75	0
1731.97	0
1732.19	0
1732.41	0
1732.63	0
1732.85	0
1733.07	0
1733.29	0
1733.51	0
1733.73	0
1733.95	0
1734.17	0
1734.39	0
1734.61	0
1734.83	0
1735.05	0
1735.27	0
1735.49	0
1735.71	0
1735.93	0
1736.15	0
1736.37	0
1736.59	0
1736.81	0
1737.03	0
1737.25	0
1737.47	0
1737.69	0
1737.91	0
1738.13	0
1738.35	0
1738.57	0
1738.79	0
1739.01	0
1739.23	0
1739.45	0
1739.67	0
1739.89	0
1740.11	0
1740.33	0
1740.55	0
1740.77	0
1740.99	0
1741.21	0
1741.43	0
1741.65	0
1741.87	0
1742.09	0
1742.31	0
1742.53	0
1742.75	0
1742.97	0
1743.19	0
1743.41	0
1743.63	0
1743.85	0
1744.07	0
1744.29	0
1744.51	0
1744.73	0
1744.95	0
1745.17	0
1745.39	0
1745.61	0
1745.83	0
1746.05	0
1746.27	0
1746.49	0
1746.71	0
1746.93	0
1747.15	0
1747.37	0
1747.59	0
1747.81	0
1748.03	0
1748.25	0
1748.47	0
1748.69	0
1748.91	0
1749.13	0
1749.35	0
1749.57	0
1749.79	0
1750.02	0
1750.24	0
1750.46	0
1750.68	0
1750.9	0
1751.12	0
1751.34	0
1751.56	0
1751.78	0
1752	0
1752.22	0
1752.44	0
1752.66	0
1752.88	0
1753.1	0
1753.32	0
1753.54	0
1753.76	0
1753.98	0
1754.2	0
1754.42	0
1754.64	0
1754.86	0
1755.08	0
1755.3	0
1755.52	0
1755.74	0
1755.96	0
1756.18	0
1756.4	0
1756.62	0
1756.84	0
1757.06	0
1757.28	0
1757.5	0
1757.72	0
1757.94	0
1758.16	0
1758.38	0
1758.6	0
1758.82	0
1759.04	0
1759.26	0
1759.48	0
1759.7	0
1759.92	0
1760.14	0
1760.36	0
1760.58	0
1760.8	0
1761.02	0
1761.24	0
1761.46	0
1761.68	0
1761.9	0
1762.12	0
1762.34	0
1762.56	0
1762.78	0
1763	0
1763.22	0
1763.44	0
1763.66	0
1763.88	0
1764.1	0
1764.32	0
1764.54	0
1764.76	0
1764.98	0
1765.2	0
1765.42	0
1765.64	0
1765.86	0
1766.08	0
1766.3	0
1766.52	0
1766.74	0
1766.96	0
1767.18	0
1767.4	0
1767.62	0
1767.84	0
1768.06	0
1768.28	0
1768.5	0
1768.72	0
1768.94	0
1769.16	0
1769.38	0
1769.6	0
1769.82	0
1770.04	0
1770.26	0
1770.48	0
1770.7	0
1770.92	0
1771.14	0
1771.36	0
1771.58	1
1771.8	0
1772.03	0
1772.25	0
1772.47	0
1772.69	0
1772.91	0
1773.13	0
1773.35	0
1773.57	0
1773.79	0
1774.01	0
1774.23	0
1774.45	0
1774.67	0
1774.89	0
1775.11	0
1775.33	0
1775.55	0
1775.77	0
1775.99	0
1776.21	0
1776.43	0
1776.65	0
1776.87	0
1777.09	0
1777.31	0
1777.53	0
1777.75	0
1777.97	0
1778.19	0
1778.41	0
1778.63	1
1778.85	0
1779.07	0
1779.29	0
1779.51	0
1779.73	0
1779.95	0
1780.17	0
1780.39	0
1780.61	0
1780.83	0
1781.05	0
1781.27	0
1781.49	0
1781.71	0
1781.93	0
1782.15	0
1782.37	0
1782.59	0
1782.81	0
1783.03	0
1783.25	0
1783.47	0
1783.69	0
1783.91	0
1784.13	0
1784.35	0
1784.57	0
1784.79	0
1785.01	0
1785.23	0
1785.45	0
1785.67	0
1785.89	0
1786.11	0
1786.33	0
1786.55	0
1786.77	0
1786.99	0
1787.21	0
1787.43	0
1787.65	0
1787.87	0
1788.09	0
1788.31	0
1788.53	1
1788.75	0
1788.97	0
1789.19	0
1789.41	0
1789.63	0
1789.85	0
1790.07	0
1790.29	0
1790.51	0
1790.73	0
1790.95	0
1791.17	0
1791.39	0
1791.61	0
1791.83	0
1792.05	0
1792.27	0
1792.49	0
1792.71	0
1792.93	0
1793.15	0
1793.37	0
1793.59	0
1793.81	0
1794.04	0
1794.26	0
1794.48	0
1794.7	0
1794.92	0
1795.14	0
1795.36	0
1795.58	0
1795.8	0
1796.02	0
1796.24	0
1796.46	0
1796.68	0
1796.9	0
1797.12	0
1797.34	0
1797.56	0
1797.78	0
1798	0
1798.22	0
1798.44	0
1798.66	0
1798.88	0
1799.1	0
1799.32	0
1799.54	0
1799.76	0
1799.98	0
1800.2	0
1800.42	0
1800.64	0
1800.86	0
1801.08	0
1801.3	0
1801.52	0
1801.74	0
1801.96	0
1802.18	0
1802.4	0
1802.62	0
1802.84	0
