-5.15587e-020	0
0.2201	0
0.4402	0
0.6603	0
0.8804	0
1.1005	0
1.3206	0
1.5407	0
1.7608	0
1.9809	0
2.201	0
2.4211	0
2.6412	0
2.8613	0
3.0814	0
3.3015	0
3.5216	0
3.7417	0
3.9618	0
4.1819	0
4.402	0
4.6221	0
4.8422	0
5.0623	0
5.2824	0
5.5025	0
5.7226	0
5.9427	0
6.1628	0
6.3829	0
6.603	0
6.8231	0
7.0432	0
7.2633	0
7.4834	0
7.7035	1
7.9236	7
8.1437	14
8.3638	14
8.5839	23
8.804	22
9.0241	16
9.2442	7
9.4643	15
9.6844	14
9.9045	13
10.1246	19
10.3447	12
10.5648	17
10.7849	27
11.005	21
11.2251	10
11.4452	18
11.6653	17
11.8854	19
12.1055	6
12.3256	11
12.5457	24
12.7658	24
12.9859	18
13.206	10
13.4261	15
13.6462	11
13.8663	14
14.0864	20
14.3065	16
14.5266	22
14.7467	23
14.9668	15
15.1869	14
15.407	16
15.6271	22
15.8472	22
16.0673	22
16.2874	11
16.5075	13
16.7276	24
16.9477	17
17.1678	22
17.3879	16
17.608	18
17.8281	25
18.0482	20
18.2683	23
18.4884	15
18.7085	26
18.9286	15
19.1487	19
19.3688	19
19.5889	9
19.809	20
20.0291	15
20.2492	17
20.4693	12
20.6894	14
20.9095	15
21.1296	17
21.3497	15
21.5698	18
21.7899	19
22.01	14
22.2301	22
22.4502	15
22.6703	18
22.8904	21
23.1105	23
23.3306	19
23.5507	20
23.7708	26
23.9909	20
24.211	35
24.4311	26
24.6512	32
24.8713	48
25.0914	47
25.3115	41
25.5316	44
25.7517	42
25.9718	49
26.1919	54
26.412	41
26.6321	37
26.8522	42
27.0723	44
27.2924	39
27.5125	73
27.7326	126
27.9527	214
28.1728	338
28.3929	427
28.613	416
28.8331	276
29.0532	144
29.2733	58
29.4934	45
29.7135	23
29.9336	18
30.1537	22
30.3738	24
30.5939	24
30.814	14
31.0341	17
31.2542	20
31.4743	18
31.6944	23
31.9145	22
32.1346	39
32.3547	67
32.5748	71
32.7949	102
33.015	90
33.2351	59
33.4552	49
33.6753	31
33.8954	41
34.1155	19
34.3356	27
34.5557	21
34.7758	17
34.9959	9
35.216	11
35.4361	8
35.6562	11
35.8763	14
36.0964	12
36.3165	8
36.5366	10
36.7567	14
36.9768	11
37.1969	12
37.417	14
37.6371	14
37.8572	17
38.0773	14
38.2974	13
38.5175	14
38.7376	10
38.9577	14
39.1778	14
39.3979	14
39.618	12
39.8381	12
40.0582	15
40.2783	15
40.4984	11
40.7185	11
40.9386	8
41.1587	12
41.3788	8
41.5989	15
41.819	13
42.0391	14
42.2592	7
42.4793	10
42.6994	13
42.9195	8
43.1396	12
43.3597	12
43.5798	10
43.7999	8
44.02	14
44.2401	11
44.4602	14
44.6803	13
44.9004	11
45.1205	13
45.3406	19
45.5607	8
45.7808	10
46.0009	15
46.221	9
46.4411	15
46.6612	9
46.8813	8
47.1014	13
47.3215	10
47.5416	10
47.7617	10
47.9818	11
48.2019	8
48.422	8
48.6421	7
48.8622	18
49.0823	8
49.3024	11
49.5225	13
49.7426	11
49.9627	12
50.1828	11
50.4029	12
50.623	19
50.8431	6
51.0632	11
51.2833	10
51.5034	8
51.7235	12
51.9436	14
52.1637	16
52.3838	10
52.6039	9
52.824	13
53.0441	10
53.2642	11
53.4843	12
53.7044	9
53.9245	8
54.1446	13
54.3647	11
54.5848	15
54.8049	11
55.025	11
55.2451	9
55.4652	16
55.6853	19
55.9054	13
56.1255	19
56.3456	10
56.5657	9
56.7858	13
57.0059	12
57.226	10
57.4461	12
57.6662	9
57.8863	18
58.1064	11
58.3265	11
58.5466	22
58.7667	13
58.9868	13
59.2069	9
59.427	11
59.6471	13
59.8672	13
60.0873	7
60.3074	14
60.5275	13
60.7476	14
60.9677	10
61.1878	15
61.4079	10
61.628	12
61.8481	15
62.0682	10
62.2883	13
62.5084	17
62.7285	11
62.9486	15
63.1687	13
63.3888	14
63.6089	10
63.829	9
64.0491	10
64.2692	11
64.4893	12
64.7094	13
64.9295	9
65.1496	9
65.3697	8
65.5898	17
65.8099	16
66.03	18
66.2501	19
66.4702	14
66.6903	15
66.9104	9
67.1305	7
67.3506	9
67.5707	14
67.7908	14
68.0109	16
68.231	9
68.4511	15
68.6712	13
68.8913	20
69.1114	18
69.3315	30
69.5516	19
69.7717	18
69.9918	23
70.2119	13
70.432	11
70.6521	7
70.8722	23
71.0923	22
71.3124	36
71.5325	32
71.7526	31
71.9727	30
72.1928	17
72.4129	15
72.633	11
72.8531	17
73.0732	10
73.2933	14
73.5134	12
73.7335	12
73.9536	19
74.1737	13
74.3938	12
74.6139	16
74.834	16
75.0541	11
75.2742	8
75.4943	14
75.7144	16
75.9345	15
76.1546	11
76.3747	14
76.5948	12
76.8149	14
77.035	11
77.2551	17
77.4752	12
77.6953	10
77.9154	9
78.1355	9
78.3556	12
78.5757	19
78.7958	16
79.0159	8
79.236	8
79.4561	12
79.6762	14
79.8963	13
80.1164	15
80.3365	13
80.5566	16
80.7767	15
80.9968	16
81.2169	25
81.437	27
81.6571	26
81.8772	13
82.0973	17
82.3174	11
82.5375	9
82.7576	12
82.9777	12
83.1978	15
83.4179	14
83.638	14
83.8581	14
84.0782	16
84.2983	16
84.5184	18
84.7385	17
84.9586	9
85.1787	15
85.3988	13
85.6189	11
85.839	6
86.0591	8
86.2792	11
86.4993	11
86.7194	6
86.9395	9
87.1596	9
87.3797	9
87.5998	11
87.8199	9
88.04	13
88.2601	12
88.4802	13
88.7003	21
88.9204	10
89.1405	8
89.3606	14
89.5807	16
89.8008	11
90.0209	8
90.241	11
90.4611	5
90.6812	13
90.9013	15
91.1214	10
91.3415	10
91.5616	11
91.7817	8
92.0018	6
92.2219	13
92.442	11
92.6621	10
92.8822	12
93.1023	12
93.3224	12
93.5425	12
93.7626	13
93.9827	7
94.2028	10
94.4229	16
94.643	13
94.8631	10
95.0832	16
95.3033	11
95.5234	14
95.7435	14
95.9636	11
96.1837	16
96.4038	18
96.6239	11
96.844	6
97.0641	7
97.2842	17
97.5043	12
97.7244	12
97.9445	14
98.1646	16
98.3847	13
98.6048	14
98.8249	7
99.045	18
99.2651	15
99.4852	11
99.7053	14
99.9254	14
100.146	12
100.366	9
100.586	14
100.806	6
101.026	12
101.246	9
101.466	10
101.686	10
101.906	15
102.126	13
102.346	11
102.567	19
102.787	14
103.007	10
103.227	11
103.447	10
103.667	14
103.887	15
104.107	19
104.327	16
104.548	15
104.768	9
104.988	5
105.208	18
105.428	17
105.648	16
105.868	13
106.088	9
106.308	18
106.528	15
106.748	7
106.969	7
107.189	20
107.409	6
107.629	7
107.849	18
108.069	9
108.289	8
108.509	16
108.729	9
108.95	12
109.17	19
109.39	15
109.61	16
109.83	16
110.05	11
110.27	6
110.49	8
110.71	12
110.93	10
111.15	11
111.371	9
111.591	10
111.811	13
112.031	10
112.251	19
112.471	12
112.691	14
112.911	13
113.131	11
113.352	6
113.572	9
113.792	16
114.012	12
114.232	11
114.452	12
114.672	11
114.892	6
115.112	10
115.332	6
115.552	13
115.773	8
115.993	9
116.213	16
116.433	13
116.653	15
116.873	7
117.093	12
117.313	8
117.533	12
117.753	9
117.974	8
118.194	11
118.414	10
118.634	9
118.854	16
119.074	13
119.294	12
119.514	6
119.734	11
119.955	11
120.175	12
120.395	16
120.615	19
120.835	12
121.055	15
121.275	14
121.495	11
121.715	14
121.935	14
122.155	9
122.376	11
122.596	13
122.816	9
123.036	11
123.256	10
123.476	6
123.696	17
123.916	11
124.136	13
124.357	9
124.577	9
124.797	11
125.017	12
125.237	19
125.457	18
125.677	10
125.897	14
126.117	12
126.337	15
126.557	10
126.778	9
126.998	8
127.218	10
127.438	16
127.658	13
127.878	11
128.098	12
128.318	10
128.538	13
128.759	23
128.979	9
129.199	10
129.419	11
129.639	8
129.859	18
130.079	8
130.299	15
130.519	10
130.739	10
130.959	13
131.18	12
131.4	7
131.62	10
131.84	9
132.06	20
132.28	16
132.5	9
132.72	9
132.94	11
133.16	14
133.381	8
133.601	9
133.821	15
134.041	7
134.261	14
134.481	13
134.701	10
134.921	16
135.141	12
135.362	10
135.582	13
135.802	18
136.022	12
136.242	19
136.462	11
136.682	13
136.902	10
137.122	12
137.342	14
137.563	12
137.783	7
138.003	17
138.223	10
138.443	13
138.663	11
138.883	9
139.103	7
139.323	14
139.543	11
139.763	12
139.984	19
140.204	16
140.424	11
140.644	12
140.864	15
141.084	19
141.304	11
141.524	11
141.744	11
141.964	12
142.185	11
142.405	12
142.625	16
142.845	10
143.065	14
143.285	11
143.505	13
143.725	15
143.945	10
144.165	12
144.386	13
144.606	15
144.826	16
145.046	10
145.266	16
145.486	12
145.706	11
145.926	14
146.146	11
146.367	8
146.587	9
146.807	13
147.027	12
147.247	15
147.467	11
147.687	11
147.907	15
148.127	14
148.347	18
148.568	22
148.788	16
149.008	11
149.228	17
149.448	16
149.668	16
149.888	7
150.108	14
150.328	12
150.548	15
150.768	12
150.989	13
151.209	12
151.429	17
151.649	8
151.869	3
152.089	11
152.309	12
152.529	6
152.749	15
152.969	9
153.19	19
153.41	16
153.63	13
153.85	17
154.07	12
154.29	8
154.51	13
154.73	11
154.95	14
155.171	10
155.391	21
155.611	9
155.831	14
156.051	10
156.271	5
156.491	14
156.711	9
156.931	5
157.151	6
157.372	11
157.592	8
157.812	12
158.032	11
158.252	11
158.472	17
158.692	23
158.912	16
159.132	10
159.352	14
159.572	13
159.793	9
160.013	13
160.233	14
160.453	9
160.673	13
160.893	6
161.113	11
161.333	12
161.553	9
161.773	14
161.994	13
162.214	9
162.434	14
162.654	14
162.874	5
163.094	7
163.314	8
163.534	12
163.754	13
163.975	13
164.195	14
164.415	15
164.635	17
164.855	11
165.075	12
165.295	12
165.515	8
165.735	13
165.955	13
166.176	9
166.396	9
166.616	11
166.836	12
167.056	5
167.276	15
167.496	8
167.716	11
167.936	10
168.156	14
168.376	13
168.597	6
168.817	14
169.037	8
169.257	17
169.477	9
169.697	9
169.917	14
170.137	9
170.357	10
170.577	6
170.798	8
171.018	11
171.238	9
171.458	9
171.678	12
171.898	7
172.118	6
172.338	15
172.558	10
172.778	9
172.999	13
173.219	10
173.439	11
173.659	18
173.879	12
174.099	10
174.319	11
174.539	9
174.759	5
174.98	13
175.2	10
175.42	13
175.64	7
175.86	7
176.08	9
176.3	10
176.52	14
176.74	10
176.96	9
177.18	11
177.401	15
177.621	10
177.841	9
178.061	6
178.281	7
178.501	9
178.721	11
178.941	11
179.161	9
179.381	7
179.602	12
179.822	9
180.042	10
180.262	12
180.482	11
180.702	9
180.922	15
181.142	12
181.362	18
181.582	8
181.803	16
182.023	12
182.243	19
182.463	20
182.683	14
182.903	13
183.123	10
183.343	20
183.563	13
183.784	18
184.004	15
184.224	22
184.444	14
184.664	17
184.884	17
185.104	16
185.324	18
185.544	14
185.764	9
185.985	16
186.205	18
186.425	16
186.645	18
186.865	13
187.085	14
187.305	13
187.525	12
187.745	9
187.965	17
188.185	11
188.406	16
188.626	13
188.846	11
189.066	17
189.286	20
189.506	10
189.726	14
189.946	11
190.166	17
190.386	17
190.607	9
190.827	18
191.047	8
191.267	15
191.487	7
191.707	15
191.927	12
192.147	12
192.367	17
192.587	13
192.808	18
193.028	8
193.248	8
193.468	15
193.688	12
193.908	20
194.128	14
194.348	11
194.568	15
194.789	15
195.009	7
195.229	15
195.449	16
195.669	8
195.889	17
196.109	12
196.329	16
196.549	12
196.769	13
196.989	10
197.21	13
197.43	11
197.65	16
197.87	11
198.09	12
198.31	17
198.53	9
198.75	14
198.97	9
199.19	10
199.411	15
199.631	14
199.851	16
200.071	18
200.291	10
200.511	14
200.731	11
200.951	13
201.171	13
201.391	11
201.612	14
201.832	8
202.052	13
202.272	9
202.492	11
202.712	9
202.932	13
203.152	19
203.372	19
203.593	16
203.813	13
204.033	13
204.253	8
204.473	13
204.693	14
204.913	19
205.133	14
205.353	15
205.573	8
205.793	12
206.014	14
206.234	7
206.454	17
206.674	14
206.894	15
207.114	10
207.334	12
207.554	16
207.774	10
207.994	20
208.215	13
208.435	18
208.655	10
208.875	5
209.095	14
209.315	15
209.535	15
209.755	19
209.975	22
210.195	7
210.416	10
210.636	12
210.856	12
211.076	9
211.296	14
211.516	12
211.736	8
211.956	12
212.176	12
212.397	15
212.617	9
212.837	16
213.057	14
213.277	13
213.497	10
213.717	16
213.937	10
214.157	10
214.377	15
214.598	9
214.818	9
215.038	13
215.258	19
215.478	17
215.698	17
215.918	21
216.138	10
216.358	13
216.578	6
216.798	11
217.019	14
217.239	11
217.459	11
217.679	2
217.899	12
218.119	9
218.339	16
218.559	9
218.779	12
218.999	8
219.22	11
219.44	13
219.66	9
219.88	15
220.1	11
220.32	13
220.54	11
220.76	4
220.98	13
221.2	11
221.421	13
221.641	13
221.861	12
222.081	18
222.301	9
222.521	6
222.741	17
222.961	9
223.181	6
223.402	11
223.622	14
223.842	9
224.062	13
224.282	8
224.502	13
224.722	9
224.942	13
225.162	15
225.382	12
225.602	12
225.823	15
226.043	19
226.263	12
226.483	9
226.703	9
226.923	7
227.143	10
227.363	10
227.583	14
227.803	9
228.024	12
228.244	7
228.464	11
228.684	9
228.904	14
229.124	15
229.344	12
229.564	10
229.784	17
230.004	13
230.225	13
230.445	8
230.665	11
230.885	11
231.105	8
231.325	7
231.545	7
231.765	19
231.985	10
232.206	13
232.426	12
232.646	14
232.866	6
233.086	14
233.306	3
233.526	12
233.746	18
233.966	11
234.186	15
234.406	14
234.627	20
234.847	15
235.067	4
235.287	16
235.507	13
235.727	9
235.947	12
236.167	13
236.387	6
236.607	9
236.828	9
237.048	7
237.268	13
237.488	12
237.708	13
237.928	7
238.148	7
238.368	18
238.588	14
238.808	10
239.029	12
239.249	14
239.469	12
239.689	10
239.909	8
240.129	5
240.349	15
240.569	6
240.789	6
241.01	6
241.23	12
241.45	11
241.67	11
241.89	15
242.11	14
242.33	12
242.55	15
242.77	11
242.99	7
243.211	7
243.431	8
243.651	13
243.871	20
244.091	10
244.311	11
244.531	9
244.751	8
244.971	8
245.191	12
245.411	18
245.632	9
245.852	6
246.072	15
246.292	11
246.512	10
246.732	7
246.952	13
247.172	14
247.392	11
247.612	9
247.833	16
248.053	8
248.273	9
248.493	14
248.713	13
248.933	17
249.153	13
249.373	10
249.593	10
249.813	12
250.034	11
250.254	6
250.474	14
250.694	9
250.914	13
251.134	13
251.354	6
251.574	13
251.794	8
252.015	14
252.235	9
252.455	10
252.675	9
252.895	10
253.115	11
253.335	20
253.555	7
253.775	8
253.995	12
254.215	6
254.436	9
254.656	9
254.876	9
255.096	16
255.316	16
255.536	7
255.756	9
255.976	12
256.196	10
256.416	6
256.637	4
256.857	7
257.077	12
257.297	9
257.517	9
257.737	11
257.957	12
258.177	14
258.397	16
258.618	11
258.838	13
259.058	12
259.278	10
259.498	9
259.718	9
259.938	13
260.158	5
260.378	12
260.598	9
260.818	11
261.039	7
261.259	9
261.479	14
261.699	7
261.919	9
262.139	13
262.359	5
262.579	13
262.799	8
263.019	15
263.24	7
263.46	9
263.68	8
263.9	3
264.12	11
264.34	6
264.56	6
264.78	13
265	11
265.221	8
265.441	6
265.661	12
265.881	14
266.101	13
266.321	8
266.541	15
266.761	8
266.981	5
267.201	8
267.421	13
267.642	7
267.862	10
268.082	11
268.302	16
268.522	10
268.742	8
268.962	8
269.182	12
269.402	7
269.623	10
269.843	10
270.063	9
270.283	10
270.503	11
270.723	14
270.943	11
271.163	11
271.383	14
271.603	10
271.823	11
272.044	11
272.264	12
272.484	7
272.704	8
272.924	6
273.144	14
273.364	8
273.584	13
273.804	12
274.024	12
274.245	17
274.465	12
274.685	11
274.905	9
275.125	10
275.345	9
275.565	3
275.785	20
276.005	9
276.226	7
276.446	10
276.666	13
276.886	6
277.106	8
277.326	8
277.546	9
277.766	10
277.986	9
278.206	16
278.426	11
278.647	7
278.867	4
279.087	11
279.307	11
279.527	6
279.747	10
279.967	6
280.187	12
280.407	8
280.628	6
280.848	8
281.068	11
281.288	11
281.508	12
281.728	10
281.948	4
282.168	10
282.388	7
282.608	3
282.828	7
283.049	13
283.269	8
283.489	9
283.709	5
283.929	9
284.149	12
284.369	5
284.589	8
284.809	10
285.029	9
285.25	10
285.47	8
285.69	12
285.91	8
286.13	8
286.35	4
286.57	8
286.79	7
287.01	4
287.231	8
287.451	4
287.671	8
287.891	10
288.111	7
288.331	13
288.551	9
288.771	7
288.991	8
289.211	6
289.431	8
289.652	8
289.872	8
290.092	8
290.312	12
290.532	11
290.752	8
290.972	5
291.192	8
291.412	10
291.632	14
291.853	9
292.073	12
292.293	12
292.513	8
292.733	9
292.953	8
293.173	8
293.393	9
293.613	11
293.834	17
294.054	7
294.274	7
294.494	7
294.714	10
294.934	5
295.154	2
295.374	7
295.594	5
295.814	10
296.034	6
296.255	4
296.475	15
296.695	8
296.915	9
297.135	15
297.355	7
297.575	11
297.795	10
298.015	6
298.236	12
298.456	11
298.676	10
298.896	8
299.116	9
299.336	6
299.556	7
299.776	10
299.996	6
300.216	7
300.436	8
300.657	7
300.877	8
301.097	6
301.317	9
301.537	8
301.757	7
301.977	5
302.197	8
302.417	6
302.637	11
302.858	7
303.078	14
303.298	3
303.518	7
303.738	9
303.958	7
304.178	5
304.398	9
304.618	8
304.839	6
305.059	5
305.279	10
305.499	5
305.719	9
305.939	6
306.159	9
306.379	10
306.599	8
306.819	7
307.039	7
307.26	8
307.48	5
307.7	12
307.92	4
308.14	5
308.36	7
308.58	11
308.8	5
309.02	8
309.241	5
309.461	8
309.681	9
309.901	7
310.121	9
310.341	8
310.561	3
310.781	11
311.001	6
311.221	8
311.441	9
311.662	5
311.882	12
312.102	9
312.322	4
312.542	11
312.762	6
312.982	4
313.202	9
313.422	8
313.642	5
313.863	8
314.083	4
314.303	4
314.523	5
314.743	9
314.963	8
315.183	7
315.403	9
315.623	3
315.844	6
316.064	12
316.284	7
316.504	10
316.724	6
316.944	9
317.164	12
317.384	8
317.604	6
317.824	5
318.044	6
318.265	9
318.485	4
318.705	6
318.925	7
319.145	4
319.365	5
319.585	6
319.805	9
320.025	9
320.245	7
320.466	10
320.686	10
320.906	11
321.126	4
321.346	5
321.566	8
321.786	4
322.006	8
322.226	3
322.446	5
322.667	8
322.887	7
323.107	5
323.327	5
323.547	7
323.767	5
323.987	10
324.207	4
324.427	7
324.647	8
324.868	4
325.088	6
325.308	5
325.528	7
325.748	4
325.968	7
326.188	8
326.408	12
326.628	9
326.849	6
327.069	6
327.289	11
327.509	8
327.729	6
327.949	4
328.169	10
328.389	5
328.609	9
328.829	5
329.049	6
329.27	11
329.49	5
329.71	4
329.93	4
330.15	11
330.37	7
330.59	9
330.81	12
331.03	6
331.25	5
331.471	11
331.691	3
331.911	10
332.131	4
332.351	6
332.571	7
332.791	6
333.011	7
333.231	8
333.452	8
333.672	6
333.892	8
334.112	5
334.332	8
334.552	10
334.772	5
334.992	4
335.212	10
335.432	4
335.652	10
335.873	5
336.093	7
336.313	9
336.533	5
336.753	4
336.973	5
337.193	6
337.413	9
337.633	4
337.854	8
338.074	7
338.294	11
338.514	7
338.734	4
338.954	6
339.174	11
339.394	8
339.614	5
339.834	13
340.054	5
340.275	5
340.495	6
340.715	9
340.935	5
341.155	4
341.375	4
341.595	4
341.815	3
342.035	9
342.255	6
342.476	6
342.696	9
342.916	8
343.136	9
343.356	8
343.576	7
343.796	7
344.016	7
344.236	8
344.457	8
344.677	7
344.897	2
345.117	5
345.337	3
345.557	4
345.777	6
345.997	10
346.217	6
346.437	4
346.657	9
346.878	7
347.098	6
347.318	4
347.538	8
347.758	5
347.978	7
348.198	7
348.418	9
348.638	4
348.858	13
349.079	3
349.299	6
349.519	12
349.739	7
349.959	6
350.179	5
350.399	7
350.619	6
350.839	7
351.059	8
351.28	6
351.5	5
351.72	7
351.94	12
352.16	4
352.38	3
352.6	12
352.82	5
353.04	6
353.26	6
353.481	5
353.701	10
353.921	8
354.141	6
354.361	5
354.581	7
354.801	5
355.021	7
355.241	7
355.462	4
355.682	8
355.902	3
356.122	5
356.342	3
356.562	6
356.782	9
357.002	7
357.222	7
357.442	7
357.662	13
357.883	6
358.103	9
358.323	3
358.543	8
358.763	7
358.983	10
359.203	7
359.423	12
359.643	11
359.863	5
360.084	4
360.304	8
360.524	4
360.744	3
360.964	5
361.184	10
361.404	5
361.624	5
361.844	12
362.065	3
362.285	7
362.505	3
362.725	3
362.945	5
363.165	4
363.385	2
363.605	7
363.825	3
364.045	6
364.265	5
364.486	6
364.706	8
364.926	4
365.146	6
365.366	8
365.586	6
365.806	10
366.026	10
366.246	11
366.467	9
366.687	6
366.907	5
367.127	9
367.347	6
367.567	3
367.787	6
368.007	7
368.227	6
368.447	4
368.667	5
368.888	8
369.108	6
369.328	6
369.548	7
369.768	3
369.988	10
370.208	6
370.428	8
370.648	6
370.868	5
371.089	8
371.309	3
371.529	7
371.749	6
371.969	3
372.189	6
372.409	10
372.629	5
372.849	8
373.07	7
373.29	6
373.51	9
373.73	9
373.95	8
374.17	10
374.39	4
374.61	1
374.83	6
375.05	4
375.27	6
375.491	9
375.711	6
375.931	10
376.151	5
376.371	4
376.591	6
376.811	3
377.031	12
377.251	1
377.471	1
377.692	8
377.912	8
378.132	14
378.352	8
378.572	6
378.792	7
379.012	7
379.232	12
379.452	2
379.672	6
379.893	7
380.113	9
380.333	6
380.553	9
380.773	9
380.993	5
381.213	5
381.433	8
381.653	0
381.873	3
382.094	5
382.314	7
382.534	4
382.754	5
382.974	3
383.194	3
383.414	5
383.634	8
383.854	9
384.075	4
384.295	6
384.515	9
384.735	7
384.955	7
385.175	13
385.395	4
385.615	5
385.835	5
386.055	2
386.275	5
386.496	9
386.716	4
386.936	8
387.156	11
387.376	3
387.596	6
387.816	12
388.036	8
388.256	5
388.476	7
388.697	7
388.917	6
389.137	6
389.357	6
389.577	9
389.797	9
390.017	8
390.237	6
390.457	9
390.678	5
390.898	8
391.118	2
391.338	11
391.558	5
391.778	3
391.998	3
392.218	2
392.438	4
392.658	6
392.878	4
393.099	8
393.319	11
393.539	8
393.759	5
393.979	3
394.199	3
394.419	3
394.639	10
394.859	6
395.08	4
395.3	6
395.52	5
395.74	6
395.96	8
396.18	4
396.4	7
396.62	7
396.84	10
397.06	3
397.28	8
397.501	10
397.721	1
397.941	9
398.161	8
398.381	6
398.601	7
398.821	10
399.041	12
399.261	5
399.481	11
399.702	13
399.922	4
400.142	5
400.362	2
400.582	8
400.802	4
401.022	6
401.242	7
401.462	10
401.683	5
401.903	7
402.123	11
402.343	5
402.563	8
402.783	8
403.003	7
403.223	7
403.443	13
403.663	6
403.883	5
404.104	6
404.324	5
404.544	5
404.764	6
404.984	7
405.204	9
405.424	5
405.644	5
405.864	4
406.084	4
406.305	11
406.525	6
406.745	9
406.965	7
407.185	10
407.405	7
407.625	3
407.845	7
408.065	10
408.285	8
408.506	7
408.726	8
408.946	8
409.166	10
409.386	8
409.606	4
409.826	10
410.046	7
410.266	7
410.486	6
410.707	5
410.927	6
411.147	12
411.367	12
411.587	8
411.807	6
412.027	3
412.247	9
412.467	10
412.688	3
412.908	6
413.128	8
413.348	5
413.568	7
413.788	2
414.008	14
414.228	11
414.448	8
414.668	6
414.888	7
415.109	3
415.329	5
415.549	6
415.769	9
415.989	12
416.209	4
416.429	9
416.649	3
416.869	8
417.089	8
417.31	4
417.53	8
417.75	6
417.97	5
418.19	8
418.41	9
418.63	8
418.85	8
419.07	7
419.291	5
419.511	5
419.731	2
419.951	5
420.171	4
420.391	7
420.611	6
420.831	7
421.051	12
421.271	11
421.491	10
421.712	7
421.932	12
422.152	7
422.372	10
422.592	7
422.812	12
423.032	5
423.252	8
423.472	6
423.693	8
423.913	8
424.133	11
424.353	8
424.573	10
424.793	8
425.013	11
425.233	6
425.453	13
425.673	7
425.893	10
426.114	6
426.334	6
426.554	5
426.774	3
426.994	4
427.214	11
427.434	8
427.654	11
427.874	9
428.094	9
428.315	10
428.535	5
428.755	7
428.975	8
429.195	10
429.415	5
429.635	7
429.855	10
430.075	13
430.296	13
430.516	7
430.736	11
430.956	9
431.176	1
431.396	11
431.616	8
431.836	11
432.056	18
432.276	5
432.496	6
432.717	5
432.937	6
433.157	13
433.377	13
433.597	10
433.817	4
434.037	7
434.257	6
434.477	12
434.697	10
434.918	12
435.138	6
435.358	4
435.578	16
435.798	9
436.018	8
436.238	4
436.458	10
436.678	12
436.898	8
437.119	10
437.339	8
437.559	7
437.779	8
437.999	15
438.219	6
438.439	12
438.659	9
438.879	7
439.099	10
439.32	6
439.54	9
439.76	6
439.98	8
440.2	4
440.42	7
440.64	9
440.86	19
441.08	11
441.301	11
441.521	7
441.741	8
441.961	7
442.181	11
442.401	8
442.621	9
442.841	9
443.061	11
443.281	8
443.501	8
443.722	12
443.942	6
444.162	8
444.382	11
444.602	5
444.822	13
445.042	7
445.262	13
445.482	5
445.702	11
445.923	19
446.143	7
446.363	9
446.583	9
446.803	15
447.023	8
447.243	7
447.463	4
447.683	7
447.904	16
448.124	6
448.344	12
448.564	9
448.784	9
449.004	7
449.224	11
449.444	4
449.664	6
449.884	9
450.104	9
450.325	13
450.545	7
450.765	10
450.985	9
451.205	12
451.425	9
451.645	11
451.865	10
452.085	8
452.305	5
452.526	6
452.746	12
452.966	11
453.186	10
453.406	13
453.626	11
453.846	9
454.066	16
454.286	12
454.506	12
454.727	6
454.947	9
455.167	11
455.387	8
455.607	17
455.827	10
456.047	11
456.267	8
456.487	12
456.707	6
456.928	11
457.148	9
457.368	10
457.588	10
457.808	7
458.028	10
458.248	13
458.468	12
458.688	8
458.909	10
459.129	19
459.349	6
459.569	11
459.789	13
460.009	13
460.229	15
460.449	6
460.669	10
460.889	6
461.109	13
461.33	3
461.55	2
461.77	12
461.99	10
462.21	7
462.43	15
462.65	14
462.87	15
463.09	6
463.31	9
463.531	9
463.751	6
463.971	11
464.191	16
464.411	12
464.631	7
464.851	20
465.071	8
465.291	8
465.511	7
465.732	17
465.952	9
466.172	9
466.392	10
466.612	12
466.832	14
467.052	6
467.272	8
467.492	11
467.712	5
467.933	9
468.153	14
468.373	5
468.593	10
468.813	8
469.033	10
469.253	10
469.473	16
469.693	8
469.914	13
470.134	6
470.354	10
470.574	8
470.794	6
471.014	14
471.234	10
471.454	6
471.674	9
471.894	13
472.114	7
472.335	13
472.555	8
472.775	12
472.995	19
473.215	9
473.435	9
473.655	10
473.875	10
474.095	10
474.315	7
474.536	6
474.756	8
474.976	5
475.196	13
475.416	9
475.636	5
475.856	7
476.076	6
476.296	8
476.516	10
476.737	5
476.957	9
477.177	16
477.397	8
477.617	11
477.837	5
478.057	6
478.277	7
478.497	7
478.717	11
478.938	7
479.158	5
479.378	5
479.598	10
479.818	4
480.038	3
480.258	10
480.478	8
480.698	6
480.918	9
481.139	2
481.359	6
481.579	6
481.799	6
482.019	7
482.239	6
482.459	4
482.679	10
482.899	2
483.119	6
483.34	6
483.56	7
483.78	4
484	8
484.22	8
484.44	7
484.66	6
484.88	5
485.1	3
485.32	6
485.541	7
485.761	7
485.981	5
486.201	3
486.421	4
486.641	7
486.861	6
487.081	5
487.301	8
487.522	2
487.742	5
487.962	6
488.182	6
488.402	3
488.622	1
488.842	7
489.062	6
489.282	3
489.502	6
489.722	3
489.943	2
490.163	5
490.383	8
490.603	6
490.823	10
491.043	8
491.263	4
491.483	6
491.703	3
491.923	2
492.144	5
492.364	1
492.584	8
492.804	4
493.024	6
493.244	1
493.464	5
493.684	4
493.904	13
494.124	3
494.345	8
494.565	5
494.785	2
495.005	8
495.225	3
495.445	6
495.665	4
495.885	5
496.105	2
496.325	4
496.546	2
496.766	5
496.986	5
497.206	8
497.426	6
497.646	10
497.866	1
498.086	4
498.306	1
498.527	4
498.747	4
498.967	3
499.187	9
499.407	5
499.627	8
499.847	6
500.067	7
500.287	4
500.507	4
500.727	6
500.948	8
501.168	10
501.388	5
501.608	2
501.828	7
502.048	3
502.268	3
502.488	1
502.708	4
502.928	4
503.149	5
503.369	4
503.589	2
503.809	9
504.029	8
504.249	7
504.469	4
504.689	5
504.909	4
505.129	2
505.35	2
505.57	5
505.79	4
506.01	6
506.23	5
506.45	4
506.67	2
506.89	3
507.11	3
507.33	5
507.551	4
507.771	7
507.991	5
508.211	6
508.431	3
508.651	4
508.871	5
509.091	3
509.311	4
509.531	6
509.752	3
509.972	4
510.192	7
510.412	5
510.632	3
510.852	2
511.072	4
511.292	3
511.512	2
511.732	4
511.953	6
512.173	1
512.393	3
512.613	5
512.833	2
513.053	6
513.273	9
513.493	5
513.713	2
513.933	2
514.154	2
514.374	2
514.594	3
514.814	10
515.034	5
515.254	4
515.474	1
515.694	6
515.914	4
516.135	5
516.355	3
516.575	3
516.795	5
517.015	2
517.235	2
517.455	4
517.675	4
517.895	3
518.115	3
518.336	4
518.556	3
518.776	2
518.996	4
519.216	3
519.436	0
519.656	2
519.876	1
520.096	2
520.316	3
520.536	3
520.757	1
520.977	5
521.197	4
521.417	5
521.637	5
521.857	2
522.077	2
522.297	1
522.517	5
522.737	2
522.958	3
523.178	5
523.398	5
523.618	1
523.838	2
524.058	4
524.278	2
524.498	2
524.718	2
524.938	2
525.159	2
525.379	5
525.599	5
525.819	2
526.039	2
526.259	4
526.479	2
526.699	3
526.919	2
527.14	2
527.36	1
527.58	3
527.8	2
528.02	3
528.24	2
528.46	1
528.68	1
528.9	4
529.12	4
529.341	6
529.561	3
529.781	2
530.001	3
530.221	2
530.441	4
530.661	3
530.881	3
531.101	4
531.321	1
531.541	2
531.762	4
531.982	4
532.202	3
532.422	3
532.642	1
532.862	6
533.082	2
533.302	3
533.522	2
533.742	2
533.963	4
534.183	0
534.403	4
534.623	3
534.843	1
535.063	5
535.283	2
535.503	4
535.723	2
535.943	1
536.164	3
536.384	3
536.604	2
536.824	5
537.044	1
537.264	3
537.484	1
537.704	2
537.924	2
538.144	2
538.365	1
538.585	0
538.805	2
539.025	2
539.245	3
539.465	1
539.685	3
539.905	2
540.125	1
540.346	1
540.566	0
540.786	3
541.006	2
541.226	2
541.446	2
541.666	1
541.886	1
542.106	2
542.326	3
542.546	3
542.767	1
542.987	0
543.207	1
543.427	2
543.647	0
543.867	1
544.087	0
544.307	2
544.527	7
544.747	1
544.968	0
545.188	0
545.408	0
545.628	3
545.848	2
546.068	1
546.288	2
546.508	2
546.728	1
546.948	1
547.169	3
547.389	1
547.609	4
547.829	4
548.049	1
548.269	4
548.489	2
548.709	3
548.929	3
549.149	2
549.37	1
549.59	1
549.81	1
550.03	0
550.25	1
550.47	1
550.69	0
550.91	3
551.13	2
551.351	2
551.571	2
551.791	1
552.011	1
552.231	1
552.451	0
552.671	1
552.891	3
553.111	0
553.331	1
553.551	1
553.772	2
553.992	1
554.212	3
554.432	1
554.652	0
554.872	1
555.092	1
555.312	1
555.532	1
555.752	2
555.973	0
556.193	0
556.413	4
556.633	2
556.853	3
557.073	1
557.293	1
557.513	1
557.733	1
557.953	1
558.174	0
558.394	2
558.614	3
558.834	1
559.054	4
559.274	1
559.494	2
559.714	2
559.934	2
560.154	1
560.375	2
560.595	0
560.815	1
561.035	0
561.255	0
561.475	1
561.695	0
561.915	1
562.135	1
562.356	0
562.576	1
562.796	1
563.016	2
563.236	0
563.456	1
563.676	2
563.896	1
564.116	2
564.336	0
564.557	0
564.777	2
564.997	2
565.217	2
565.437	1
565.657	2
565.877	2
566.097	1
566.317	0
566.537	0
566.757	3
566.978	0
567.198	4
567.418	2
567.638	0
567.858	1
568.078	1
568.298	1
568.518	1
568.738	1
568.958	0
569.179	3
569.399	0
569.619	2
569.839	0
570.059	2
570.279	0
570.499	0
570.719	3
570.939	1
571.159	1
571.38	1
571.6	0
571.82	0
572.04	0
572.26	1
572.48	1
572.7	2
572.92	1
573.14	1
573.361	1
573.581	0
573.801	0
574.021	2
574.241	0
574.461	0
574.681	3
574.901	2
575.121	1
575.341	0
575.562	2
575.782	0
576.002	2
576.222	1
576.442	2
576.662	1
576.882	0
577.102	0
577.322	1
577.542	0
577.762	1
577.983	2
578.203	0
578.423	0
578.643	2
578.863	1
579.083	1
579.303	1
579.523	0
579.743	2
579.963	1
580.184	2
580.404	1
580.624	1
580.844	0
581.064	2
581.284	1
581.504	1
581.724	1
581.944	1
582.164	2
582.385	2
582.605	1
582.825	0
583.045	0
583.265	1
583.485	3
583.705	0
583.925	0
584.145	0
584.366	0
584.586	1
584.806	0
585.026	0
585.246	1
585.466	0
585.686	2
585.906	0
586.126	0
586.346	1
586.567	1
586.787	0
587.007	1
587.227	1
587.447	0
587.667	1
587.887	0
588.107	1
588.327	0
588.547	0
588.767	1
588.988	2
589.208	2
589.428	2
589.648	1
589.868	1
590.088	0
590.308	2
590.528	1
590.748	1
590.968	1
591.189	0
591.409	0
591.629	0
591.849	1
592.069	1
592.289	0
592.509	1
592.729	0
592.949	0
593.169	0
593.39	0
593.61	1
593.83	2
594.05	1
594.27	0
594.49	1
594.71	1
594.93	1
595.15	0
595.37	2
595.591	0
595.811	0
596.031	1
596.251	1
596.471	1
596.691	0
596.911	0
597.131	1
597.351	2
597.572	1
597.792	0
598.012	0
598.232	0
598.452	0
598.672	0
598.892	0
599.112	0
599.332	1
599.552	2
599.772	0
599.993	2
600.213	1
600.433	1
600.653	1
600.873	1
601.093	0
601.313	1
601.533	1
601.753	1
601.973	2
602.194	1
602.414	2
602.634	1
602.854	0
603.074	1
603.294	0
603.514	1
603.734	0
603.954	3
604.174	0
604.395	1
604.615	1
604.835	0
605.055	0
605.275	3
605.495	0
605.715	0
605.935	1
606.155	0
606.375	2
606.596	0
606.816	1
607.036	0
607.256	1
607.476	0
607.696	2
607.916	1
608.136	0
608.356	0
608.577	0
608.797	0
609.017	1
609.237	0
609.457	2
609.677	0
609.897	0
610.117	1
610.337	0
610.557	0
610.777	2
610.998	1
611.218	1
611.438	0
611.658	1
611.878	1
612.098	0
612.318	0
612.538	1
612.758	0
612.978	1
613.199	0
613.419	1
613.639	0
613.859	1
614.079	1
614.299	0
614.519	0
614.739	0
614.959	0
615.179	2
615.4	0
615.62	1
615.84	0
616.06	2
616.28	1
616.5	0
616.72	0
616.94	1
617.16	0
617.38	0
617.601	1
617.821	2
618.041	1
618.261	1
618.481	0
618.701	2
618.921	2
619.141	0
619.361	0
619.582	1
619.802	0
620.022	1
620.242	0
620.462	0
620.682	0
620.902	0
621.122	0
621.342	0
621.562	2
621.783	1
622.003	2
622.223	0
622.443	1
622.663	0
622.883	0
623.103	2
623.323	2
623.543	1
623.763	1
623.983	1
624.204	0
624.424	0
624.644	0
624.864	0
625.084	1
625.304	2
625.524	0
625.744	2
625.964	0
626.184	0
626.405	0
626.625	1
626.845	1
627.065	1
627.285	0
627.505	1
627.725	0
627.945	0
628.165	1
628.385	1
628.606	0
628.826	0
629.046	0
629.266	1
629.486	0
629.706	1
629.926	0
630.146	0
630.366	0
630.587	1
630.807	0
631.027	1
631.247	1
631.467	1
631.687	2
631.907	1
632.127	0
632.347	1
632.567	0
632.788	0
633.008	0
633.228	2
633.448	1
633.668	1
633.888	2
634.108	1
634.328	0
634.548	2
634.768	1
634.988	0
635.209	2
635.429	0
635.649	0
635.869	1
636.089	0
636.309	1
636.529	0
636.749	1
636.969	1
637.189	0
637.41	0
637.63	0
637.85	0
638.07	1
638.29	0
638.51	1
638.73	1
638.95	0
639.17	3
639.39	0
639.611	2
639.831	1
640.051	1
640.271	1
640.491	0
640.711	0
640.931	0
641.151	0
641.371	0
641.592	1
641.812	2
642.032	0
642.252	1
642.472	1
642.692	2
642.912	1
643.132	0
643.352	1
643.572	0
643.793	0
644.013	0
644.233	0
644.453	1
644.673	3
644.893	1
645.113	3
645.333	0
645.553	3
645.773	0
645.993	0
646.214	1
646.434	1
646.654	0
646.874	1
647.094	0
647.314	0
647.534	2
647.754	0
647.974	0
648.194	0
648.415	0
648.635	1
648.855	0
649.075	1
649.295	0
649.515	0
649.735	0
649.955	2
650.175	0
650.395	2
650.616	1
650.836	0
651.056	0
651.276	2
651.496	2
651.716	0
651.936	0
652.156	1
652.376	0
652.596	0
652.817	0
653.037	1
653.257	0
653.477	1
653.697	0
653.917	0
654.137	0
654.357	0
654.577	0
654.798	0
655.018	2
655.238	0
655.458	1
655.678	0
655.898	0
656.118	0
656.338	0
656.558	1
656.778	0
656.998	1
657.219	1
657.439	1
657.659	4
657.879	2
658.099	1
658.319	0
658.539	1
658.759	1
658.979	0
659.199	4
659.42	1
659.64	2
659.86	6
660.08	15
660.3	17
660.52	40
660.74	123
660.96	235
661.18	330
661.4	488
661.621	631
661.841	672
662.061	626
662.281	498
662.501	346
662.721	221
662.941	127
663.161	61
663.381	24
663.601	6
663.822	2
664.042	1
664.262	1
664.482	0
664.702	0
664.922	1
665.142	0
665.362	0
665.582	1
665.803	0
666.023	0
666.243	0
666.463	1
666.683	0
666.903	1
667.123	0
667.343	1
667.563	0
667.783	0
668.003	0
668.224	0
668.444	0
668.664	0
668.884	0
669.104	0
669.324	1
669.544	0
669.764	0
669.984	1
670.204	0
670.425	0
670.645	0
670.865	0
671.085	0
671.305	0
671.525	0
671.745	0
671.965	0
672.185	0
672.405	0
672.626	0
672.846	0
673.066	0
673.286	0
673.506	0
673.726	0
673.946	0
674.166	0
674.386	0
674.606	0
674.827	0
675.047	1
675.267	0
675.487	0
675.707	0
675.927	0
676.147	0
676.367	0
676.587	0
676.808	0
677.028	0
677.248	0
677.468	0
677.688	0
677.908	0
678.128	0
678.348	0
678.568	0
678.788	0
679.008	1
679.229	0
679.449	0
679.669	1
679.889	0
680.109	0
680.329	0
680.549	0
680.769	0
680.989	0
681.209	0
681.43	0
681.65	0
681.87	0
682.09	0
682.31	0
682.53	0
682.75	0
682.97	0
683.19	0
683.41	0
683.631	0
683.851	0
684.071	0
684.291	0
684.511	0
684.731	0
684.951	0
685.171	0
685.391	0
685.611	0
685.832	0
686.052	0
686.272	0
686.492	0
686.712	0
686.932	0
687.152	0
687.372	0
687.592	0
687.813	0
688.033	0
688.253	0
688.473	0
688.693	0
688.913	0
689.133	0
689.353	0
689.573	0
689.793	0
690.014	0
690.234	0
690.454	0
690.674	0
690.894	0
691.114	0
691.334	0
691.554	0
691.774	0
691.994	0
692.214	0
692.435	0
692.655	0
692.875	0
693.095	0
693.315	0
693.535	0
693.755	0
693.975	0
694.195	0
694.415	0
694.636	0
694.856	0
695.076	0
695.296	0
695.516	0
695.736	0
695.956	0
696.176	0
696.396	0
696.616	0
696.837	0
697.057	0
697.277	0
697.497	1
697.717	0
697.937	0
698.157	0
698.377	0
698.597	0
698.818	0
699.038	0
699.258	0
699.478	0
699.698	0
699.918	0
700.138	0
700.358	0
700.578	0
700.798	0
701.019	0
701.239	0
701.459	0
701.679	0
701.899	0
702.119	0
702.339	0
702.559	0
702.779	0
702.999	0
703.219	0
703.44	0
703.66	0
703.88	0
704.1	0
704.32	0
704.54	0
704.76	0
704.98	0
705.2	0
705.42	0
705.641	0
705.861	0
706.081	0
706.301	0
706.521	0
706.741	0
706.961	0
707.181	0
707.401	0
707.621	0
707.842	0
708.062	0
708.282	0
708.502	0
708.722	0
708.942	0
709.162	0
709.382	1
709.602	0
709.822	0
710.043	0
710.263	0
710.483	0
710.703	0
710.923	0
711.143	0
711.363	1
711.583	0
711.803	0
712.024	0
712.244	0
712.464	0
712.684	0
712.904	0
713.124	0
713.344	0
713.564	0
713.784	0
714.004	0
714.224	0
714.445	0
714.665	0
714.885	0
715.105	0
715.325	1
715.545	0
715.765	0
715.985	0
716.205	0
716.425	0
716.646	0
716.866	0
717.086	0
717.306	0
717.526	0
717.746	0
717.966	0
718.186	0
718.406	0
718.626	0
718.847	0
719.067	0
719.287	0
719.507	1
719.727	0
719.947	0
720.167	0
720.387	0
720.607	0
720.827	0
721.048	1
721.268	0
721.488	0
721.708	0
721.928	0
722.148	0
722.368	0
722.588	0
722.808	0
723.029	0
723.249	0
723.469	0
723.689	0
723.909	0
724.129	0
724.349	0
724.569	0
724.789	0
725.009	1
725.229	0
725.45	0
725.67	0
725.89	0
726.11	0
726.33	0
726.55	0
726.77	0
726.99	0
727.21	0
727.43	0
727.651	0
727.871	0
728.091	0
728.311	0
728.531	1
728.751	0
728.971	1
729.191	0
729.411	0
729.631	0
729.852	0
730.072	0
730.292	0
730.512	0
730.732	0
730.952	0
731.172	0
731.392	0
731.612	1
731.832	0
732.053	0
732.273	1
732.493	0
732.713	0
732.933	0
733.153	0
733.373	0
733.593	0
733.813	0
734.034	0
734.254	0
734.474	0
734.694	0
734.914	0
735.134	0
735.354	0
735.574	0
735.794	0
736.014	0
736.234	0
736.455	0
736.675	0
736.895	0
737.115	0
737.335	0
737.555	0
737.775	0
737.995	0
738.215	0
738.435	0
738.656	0
738.876	0
739.096	1
739.316	0
739.536	0
739.756	0
739.976	0
740.196	0
740.416	0
740.636	1
740.857	0
741.077	1
741.297	0
741.517	0
741.737	1
741.957	0
742.177	0
742.397	0
742.617	1
742.837	0
743.058	0
743.278	0
743.498	0
743.718	0
743.938	0
744.158	0
744.378	0
744.598	0
744.818	0
745.039	0
745.259	0
745.479	0
745.699	0
745.919	0
746.139	0
746.359	0
746.579	0
746.799	0
747.019	0
747.24	0
747.46	0
747.68	0
747.9	0
748.12	0
748.34	0
748.56	0
748.78	0
749	0
749.22	0
749.44	0
749.661	0
749.881	0
750.101	0
750.321	0
750.541	0
750.761	0
750.981	1
751.201	0
751.421	0
751.641	0
751.862	0
752.082	0
752.302	0
752.522	0
752.742	0
752.962	0
753.182	0
753.402	0
753.622	0
753.842	0
754.063	0
754.283	0
754.503	0
754.723	1
754.943	0
755.163	1
755.383	0
755.603	0
755.823	0
756.043	0
756.264	0
756.484	0
756.704	0
756.924	0
757.144	0
757.364	0
757.584	0
757.804	0
758.024	0
758.245	0
758.465	0
758.685	0
758.905	0
759.125	0
759.345	0
759.565	0
759.785	0
760.005	0
760.225	0
760.445	0
760.666	0
760.886	0
761.106	0
761.326	0
761.546	1
761.766	0
761.986	1
762.206	0
762.426	0
762.646	0
762.867	0
763.087	0
763.307	0
763.527	0
763.747	0
763.967	0
764.187	0
764.407	0
764.627	0
764.847	0
765.068	0
765.288	0
765.508	0
765.728	0
765.948	0
766.168	0
766.388	0
766.608	0
766.828	1
767.048	0
767.269	0
767.489	0
767.709	0
767.929	0
768.149	0
768.369	1
768.589	0
768.809	0
769.029	0
769.25	0
769.47	0
769.69	0
769.91	0
770.13	0
770.35	0
770.57	0
770.79	0
771.01	0
771.23	0
771.45	0
771.671	0
771.891	0
772.111	0
772.331	0
772.551	0
772.771	0
772.991	0
773.211	0
773.431	0
773.651	0
773.872	0
774.092	0
774.312	0
774.532	0
774.752	1
774.972	0
775.192	0
775.412	0
775.632	0
775.852	0
776.073	0
776.293	0
776.513	0
776.733	0
776.953	0
777.173	0
777.393	0
777.613	0
777.833	0
778.053	0
778.274	0
778.494	0
778.714	0
778.934	0
779.154	0
779.374	0
779.594	0
779.814	0
780.034	1
780.255	0
780.475	1
780.695	0
780.915	0
781.135	0
781.355	0
781.575	0
781.795	0
782.015	0
782.235	0
782.455	0
782.676	0
782.896	0
783.116	0
783.336	0
783.556	0
783.776	1
783.996	0
784.216	0
784.436	0
784.656	0
784.877	0
785.097	0
785.317	0
785.537	0
785.757	0
785.977	0
786.197	0
786.417	0
786.637	0
786.857	0
787.078	0
787.298	0
787.518	0
787.738	0
787.958	0
788.178	0
788.398	0
788.618	0
788.838	0
789.058	0
789.279	0
789.499	0
789.719	1
789.939	0
790.159	0
790.379	0
790.599	0
790.819	0
791.039	0
791.26	0
791.48	0
791.7	0
791.92	0
792.14	0
792.36	0
792.58	0
792.8	0
793.02	0
793.24	0
793.46	0
793.681	0
793.901	0
794.121	0
794.341	0
794.561	0
794.781	0
795.001	0
795.221	0
795.441	0
795.661	0
795.882	0
796.102	0
796.322	0
796.542	0
796.762	0
796.982	0
797.202	0
797.422	0
797.642	0
797.862	0
798.083	0
798.303	0
798.523	0
798.743	0
798.963	0
799.183	0
799.403	0
799.623	0
799.843	0
800.063	0
800.284	0
800.504	0
800.724	0
800.944	0
801.164	0
801.384	0
801.604	0
801.824	1
802.044	0
802.265	0
802.485	0
802.705	0
802.925	0
803.145	0
803.365	0
803.585	0
803.805	0
804.025	0
804.245	0
804.466	0
804.686	1
804.906	0
805.126	0
805.346	0
805.566	0
805.786	0
806.006	0
806.226	0
806.446	0
806.666	0
806.887	0
807.107	0
807.327	0
807.547	0
807.767	0
807.987	0
808.207	0
808.427	0
808.647	0
808.867	0
809.088	0
809.308	0
809.528	0
809.748	0
809.968	0
810.188	0
810.408	0
810.628	0
810.848	0
811.068	0
811.289	0
811.509	0
811.729	0
811.949	1
812.169	0
812.389	0
812.609	0
812.829	0
813.049	0
813.269	0
813.49	0
813.71	0
813.93	0
814.15	0
814.37	0
814.59	0
814.81	0
815.03	0
815.25	0
815.471	0
815.691	0
815.911	0
816.131	0
816.351	0
816.571	0
816.791	0
817.011	0
817.231	0
817.451	0
817.671	0
817.892	0
818.112	0
818.332	0
818.552	0
818.772	0
818.992	0
819.212	0
819.432	0
819.652	0
819.872	1
820.093	0
820.313	0
820.533	0
820.753	0
820.973	1
821.193	0
821.413	0
821.633	0
821.853	0
822.073	0
822.294	0
822.514	0
822.734	0
822.954	0
823.174	0
823.394	0
823.614	0
823.834	0
824.054	0
824.274	0
824.495	0
824.715	0
824.935	0
825.155	0
825.375	0
825.595	0
825.815	0
826.035	0
826.255	1
826.476	0
826.696	0
826.916	0
827.136	0
827.356	0
827.576	0
827.796	0
828.016	0
828.236	0
828.456	0
828.676	0
828.897	0
829.117	0
829.337	0
829.557	1
829.777	0
829.997	0
830.217	0
830.437	0
830.657	0
830.877	0
831.098	0
831.318	0
831.538	0
831.758	0
831.978	0
832.198	0
832.418	0
832.638	0
832.858	0
833.078	0
833.299	0
833.519	0
833.739	0
833.959	0
834.179	0
834.399	0
834.619	0
834.839	0
835.059	0
835.279	0
835.5	0
835.72	0
835.94	0
836.16	0
836.38	0
836.6	0
836.82	0
837.04	0
837.26	0
837.481	0
837.701	0
837.921	0
838.141	0
838.361	0
838.581	0
838.801	0
839.021	0
839.241	0
839.461	0
839.681	1
839.902	0
840.122	0
840.342	0
840.562	0
840.782	1
841.002	0
841.222	1
841.442	0
841.662	0
841.882	0
842.103	0
842.323	0
842.543	0
842.763	0
842.983	0
843.203	0
843.423	0
843.643	0
843.863	0
844.083	0
844.304	0
844.524	0
844.744	0
844.964	0
845.184	0
845.404	0
845.624	0
845.844	0
846.064	0
846.284	0
846.505	0
846.725	0
846.945	0
847.165	0
847.385	0
847.605	0
847.825	0
848.045	0
848.265	0
848.486	0
848.706	0
848.926	0
849.146	0
849.366	0
849.586	0
849.806	0
850.026	0
850.246	0
850.466	0
850.686	0
850.907	0
851.127	0
851.347	0
851.567	0
851.787	0
852.007	0
852.227	0
852.447	1
852.667	0
852.887	0
853.108	0
853.328	0
853.548	0
853.768	0
853.988	0
854.208	0
854.428	0
854.648	0
854.868	0
855.088	0
855.309	0
855.529	0
855.749	0
855.969	0
856.189	0
856.409	0
856.629	0
856.849	0
857.069	0
857.289	0
857.51	0
857.73	0
857.95	0
858.17	0
858.39	0
858.61	0
858.83	0
859.05	0
859.27	0
859.491	0
859.711	0
859.931	0
860.151	0
860.371	0
860.591	0
860.811	1
861.031	0
861.251	0
861.471	0
861.691	0
861.912	0
862.132	0
862.352	0
862.572	0
862.792	0
863.012	0
863.232	0
863.452	0
863.672	0
863.892	0
864.113	0
864.333	0
864.553	0
864.773	0
864.993	0
865.213	0
865.433	0
865.653	0
865.873	0
866.093	0
866.314	0
866.534	0
866.754	0
866.974	0
867.194	0
867.414	0
867.634	0
867.854	0
868.074	0
868.294	0
868.515	1
868.735	0
868.955	0
869.175	0
869.395	0
869.615	0
869.835	0
870.055	0
870.275	0
870.495	0
870.716	0
870.936	0
871.156	0
871.376	0
871.596	0
871.816	0
872.036	0
872.256	0
872.476	0
872.697	0
872.917	0
873.137	0
873.357	0
873.577	0
873.797	0
874.017	0
874.237	0
874.457	0
874.677	0
874.897	0
875.118	0
875.338	0
875.558	0
875.778	0
875.998	0
876.218	0
876.438	0
876.658	0
876.878	0
877.098	0
877.319	0
877.539	0
877.759	0
877.979	0
878.199	0
878.419	0
878.639	0
878.859	0
879.079	0
879.299	0
879.52	0
879.74	1
879.96	0
880.18	0
880.4	0
880.62	0
880.84	0
881.06	0
881.28	0
881.5	0
881.721	0
881.941	0
882.161	0
882.381	0
882.601	0
882.821	0
883.041	0
883.261	0
883.481	0
883.702	0
883.922	0
884.142	0
884.362	0
884.582	0
884.802	0
885.022	0
885.242	0
885.462	0
885.682	0
885.902	0
886.123	0
886.343	0
886.563	0
886.783	0
887.003	0
887.223	0
887.443	0
887.663	0
887.883	0
888.103	0
888.324	0
888.544	0
888.764	0
888.984	0
889.204	0
889.424	0
889.644	0
889.864	0
890.084	0
890.304	0
890.525	0
890.745	0
890.965	0
891.185	0
891.405	0
891.625	0
891.845	0
892.065	0
892.285	0
892.505	0
892.726	0
892.946	0
893.166	0
893.386	0
893.606	0
893.826	1
894.046	0
894.266	0
894.486	0
894.707	0
894.927	0
895.147	0
895.367	0
895.587	0
895.807	0
896.027	0
896.247	0
896.467	0
896.687	0
896.907	0
897.128	0
897.348	0
897.568	0
897.788	0
898.008	0
898.228	0
898.448	0
898.668	0
898.888	0
899.108	0
899.329	0
899.549	0
899.769	0
899.989	0
900.209	0
900.429	0
900.649	0
900.869	0
901.089	0
901.309	0
901.53	0
901.75	0
901.97	0
902.19	0
902.41	0
902.63	0
902.85	0
903.07	0
903.29	0
903.51	0
903.731	0
903.951	0
904.171	0
904.391	0
904.611	0
904.831	0
905.051	0
905.271	0
905.491	0
905.712	0
905.932	0
906.152	0
906.372	0
906.592	0
906.812	0
907.032	0
907.252	0
907.472	0
907.692	0
907.912	0
908.133	0
908.353	0
908.573	0
908.793	0
909.013	0
909.233	0
909.453	0
909.673	0
909.893	0
910.113	0
910.334	0
910.554	0
910.774	0
910.994	0
911.214	0
911.434	0
911.654	0
911.874	0
912.094	0
912.314	0
912.535	0
912.755	0
912.975	0
913.195	0
913.415	0
913.635	0
913.855	0
914.075	0
914.295	0
914.515	0
914.736	0
914.956	0
915.176	0
915.396	0
915.616	0
915.836	1
916.056	0
916.276	0
916.496	0
916.717	1
916.937	0
917.157	0
917.377	0
917.597	0
917.817	0
918.037	0
918.257	0
918.477	0
918.697	0
918.917	0
919.138	0
919.358	0
919.578	0
919.798	0
920.018	0
920.238	0
920.458	0
920.678	0
920.898	0
921.118	0
921.339	0
921.559	0
921.779	0
921.999	0
922.219	0
922.439	0
922.659	0
922.879	0
923.099	0
923.319	0
923.54	0
923.76	1
923.98	0
924.2	0
924.42	1
924.64	0
924.86	0
925.08	0
925.3	0
925.52	0
925.741	0
925.961	0
926.181	0
926.401	0
926.621	0
926.841	0
927.061	1
927.281	1
927.501	0
927.721	0
927.942	0
928.162	0
928.382	0
928.602	0
928.822	0
929.042	0
929.262	0
929.482	0
929.702	0
929.923	0
930.143	0
930.363	0
930.583	0
930.803	0
931.023	0
931.243	0
931.463	0
931.683	0
931.903	0
932.123	0
932.344	0
932.564	0
932.784	0
933.004	0
933.224	0
933.444	0
933.664	0
933.884	0
934.104	0
934.324	0
934.545	0
934.765	0
934.985	0
935.205	0
935.425	0
935.645	0
935.865	0
936.085	0
936.305	0
936.525	0
936.746	0
936.966	1
937.186	0
937.406	0
937.626	0
937.846	0
938.066	0
938.286	0
938.506	0
938.726	0
938.947	0
939.167	0
939.387	0
939.607	0
939.827	0
940.047	0
940.267	0
940.487	0
940.707	0
940.928	0
941.148	0
941.368	0
941.588	0
941.808	0
942.028	0
942.248	0
942.468	0
942.688	0
942.908	0
943.128	0
943.349	0
943.569	0
943.789	0
944.009	0
944.229	0
944.449	1
944.669	0
944.889	0
945.109	0
945.329	0
945.55	0
945.77	0
945.99	0
946.21	0
946.43	0
946.65	0
946.87	0
947.09	0
947.31	0
947.53	0
947.751	0
947.971	0
948.191	0
948.411	0
948.631	0
948.851	0
949.071	0
949.291	0
949.511	0
949.731	0
949.952	1
950.172	0
950.392	0
950.612	0
950.832	0
951.052	0
951.272	0
951.492	0
951.712	0
951.933	0
952.153	0
952.373	0
952.593	0
952.813	0
953.033	0
953.253	0
953.473	0
953.693	0
953.913	0
954.133	0
954.354	0
954.574	0
954.794	0
955.014	1
955.234	0
955.454	0
955.674	0
955.894	0
956.114	0
956.334	0
956.555	0
956.775	0
956.995	0
957.215	0
957.435	0
957.655	0
957.875	0
958.095	0
958.315	0
958.535	0
958.756	0
958.976	0
959.196	0
959.416	0
959.636	0
959.856	0
960.076	0
960.296	0
960.516	0
960.736	0
960.957	0
961.177	0
961.397	0
961.617	0
961.837	0
962.057	0
962.277	0
962.497	0
962.717	0
962.938	0
963.158	0
963.378	0
963.598	0
963.818	0
964.038	0
964.258	0
964.478	0
964.698	0
964.918	0
965.138	0
965.359	0
965.579	0
965.799	0
966.019	0
966.239	0
966.459	0
966.679	0
966.899	0
967.119	0
967.339	0
967.56	0
967.78	0
968	0
968.22	0
968.44	0
968.66	0
968.88	0
969.1	0
969.32	0
969.54	0
969.761	0
969.981	0
970.201	0
970.421	0
970.641	0
970.861	0
971.081	0
971.301	0
971.521	0
971.741	0
971.962	0
972.182	0
972.402	0
972.622	0
972.842	0
973.062	0
973.282	0
973.502	0
973.722	0
973.943	0
974.163	0
974.383	1
974.603	0
974.823	0
975.043	0
975.263	0
975.483	0
975.703	0
975.923	0
976.143	0
976.364	0
976.584	0
976.804	0
977.024	0
977.244	0
977.464	0
977.684	0
977.904	0
978.124	0
978.344	0
978.565	0
978.785	0
979.005	0
979.225	0
979.445	0
979.665	0
979.885	0
980.105	0
980.325	0
980.545	0
980.766	0
980.986	0
981.206	0
981.426	0
981.646	0
981.866	0
982.086	0
982.306	0
982.526	0
982.746	0
982.967	0
983.187	0
983.407	0
983.627	0
983.847	0
984.067	0
984.287	0
984.507	0
984.727	0
984.947	1
985.168	0
985.388	0
985.608	0
985.828	0
986.048	0
986.268	0
986.488	0
986.708	0
986.928	0
987.148	0
987.369	0
987.589	0
987.809	0
988.029	0
988.249	0
988.469	0
988.689	0
988.909	0
989.129	0
989.349	0
989.57	0
989.79	0
990.01	0
990.23	0
990.45	0
990.67	0
990.89	0
991.11	0
991.33	0
991.55	0
991.771	0
991.991	0
992.211	0
992.431	1
992.651	0
992.871	0
993.091	0
993.311	0
993.531	0
993.751	0
993.972	1
994.192	0
994.412	0
994.632	0
994.852	0
995.072	0
995.292	0
995.512	0
995.732	0
995.952	0
996.173	0
996.393	0
996.613	0
996.833	0
997.053	0
997.273	0
997.493	0
997.713	0
997.933	0
998.154	0
998.374	0
998.594	0
998.814	0
999.034	0
999.254	0
999.474	0
999.694	0
999.914	0
1000.13	0
1000.35	0
1000.57	0
1000.79	0
1001.01	0
1001.23	0
1001.45	0
1001.68	0
1001.9	0
1002.12	0
1002.34	0
1002.56	0
1002.78	0
1003	0
1003.22	0
1003.44	1
1003.66	0
1003.88	0
1004.1	0
1004.32	0
1004.54	0
1004.76	0
1004.98	0
1005.2	0
1005.42	0
1005.64	0
1005.86	0
1006.08	0
1006.3	0
1006.52	1
1006.74	0
1006.96	0
1007.18	0
1007.4	0
1007.62	0
1007.84	0
1008.06	0
1008.28	0
1008.5	0
1008.72	0
1008.94	0
1009.16	0
1009.38	0
1009.6	0
1009.82	0
1010.04	0
1010.26	0
1010.48	0
1010.7	0
1010.92	0
1011.14	0
1011.36	0
1011.58	0
1011.8	0
1012.02	0
1012.24	0
1012.46	0
1012.68	0
1012.9	0
1013.12	0
1013.34	0
1013.56	0
1013.78	0
1014	0
1014.22	0
1014.44	0
1014.66	0
1014.88	0
1015.1	0
1015.32	0
1015.54	0
1015.76	0
1015.98	0
1016.2	0
1016.42	0
1016.64	0
1016.86	0
1017.08	0
1017.3	0
1017.52	0
1017.74	0
1017.96	0
1018.18	0
1018.4	0
1018.62	0
1018.84	0
1019.06	0
1019.28	0
1019.5	0
1019.72	0
1019.94	0
1020.16	0
1020.38	0
1020.6	0
1020.82	0
1021.04	0
1021.26	0
1021.48	0
1021.7	0
1021.92	0
1022.14	0
1022.36	0
1022.58	0
1022.8	0
1023.02	0
1023.24	0
1023.46	0
1023.69	0
1023.91	0
1024.13	0
1024.35	0
1024.57	0
1024.79	0
1025.01	0
1025.23	0
1025.45	0
1025.67	0
1025.89	0
1026.11	0
1026.33	0
1026.55	0
1026.77	0
1026.99	0
1027.21	0
1027.43	0
1027.65	0
1027.87	0
1028.09	0
1028.31	0
1028.53	0
1028.75	0
1028.97	0
1029.19	0
1029.41	0
1029.63	0
1029.85	0
1030.07	0
1030.29	0
1030.51	0
1030.73	0
1030.95	0
1031.17	0
1031.39	0
1031.61	0
1031.83	0
1032.05	0
1032.27	0
1032.49	0
1032.71	0
1032.93	0
1033.15	0
1033.37	0
1033.59	0
1033.81	0
1034.03	0
1034.25	0
1034.47	0
1034.69	0
1034.91	0
1035.13	0
1035.35	0
1035.57	0
1035.79	0
1036.01	0
1036.23	0
1036.45	0
1036.67	0
1036.89	0
1037.11	0
1037.33	0
1037.55	0
1037.77	0
1037.99	0
1038.21	0
1038.43	0
1038.65	0
1038.87	0
1039.09	0
1039.31	0
1039.53	0
1039.75	0
1039.97	0
1040.19	0
1040.41	0
1040.63	0
1040.85	0
1041.07	0
1041.29	0
1041.51	0
1041.73	0
1041.95	0
1042.17	0
1042.39	0
1042.61	0
1042.83	1
1043.05	0
1043.27	0
1043.49	1
1043.71	0
1043.93	0
1044.15	0
1044.37	1
1044.59	0
1044.81	0
1045.03	0
1045.25	0
1045.47	0
1045.7	0
1045.92	0
1046.14	0
1046.36	0
1046.58	0
1046.8	0
1047.02	0
1047.24	0
1047.46	0
1047.68	0
1047.9	0
1048.12	0
1048.34	0
1048.56	0
1048.78	0
1049	0
1049.22	0
1049.44	0
1049.66	0
1049.88	0
1050.1	0
1050.32	0
1050.54	0
1050.76	0
1050.98	0
1051.2	0
1051.42	0
1051.64	0
1051.86	0
1052.08	0
1052.3	0
1052.52	0
1052.74	0
1052.96	0
1053.18	0
1053.4	0
1053.62	0
1053.84	1
1054.06	0
1054.28	0
1054.5	1
1054.72	0
1054.94	0
1055.16	0
1055.38	0
1055.6	0
1055.82	0
1056.04	0
1056.26	0
1056.48	0
1056.7	0
1056.92	0
1057.14	0
1057.36	0
1057.58	0
1057.8	0
1058.02	0
1058.24	0
1058.46	0
1058.68	0
1058.9	0
1059.12	0
1059.34	0
1059.56	0
1059.78	0
1060	0
1060.22	0
1060.44	0
1060.66	0
1060.88	0
1061.1	0
1061.32	0
1061.54	0
1061.76	0
1061.98	0
1062.2	0
1062.42	0
1062.64	0
1062.86	0
1063.08	0
1063.3	0
1063.52	0
1063.74	0
1063.96	0
1064.18	0
1064.4	0
1064.62	0
1064.84	0
1065.06	0
1065.28	0
1065.5	0
1065.72	0
1065.94	0
1066.16	0
1066.38	0
1066.6	0
1066.82	0
1067.04	0
1067.26	0
1067.48	0
1067.71	0
1067.93	0
1068.15	0
1068.37	1
1068.59	0
1068.81	1
1069.03	0
1069.25	0
1069.47	0
1069.69	0
1069.91	0
1070.13	0
1070.35	0
1070.57	0
1070.79	0
1071.01	0
1071.23	0
1071.45	0
1071.67	0
1071.89	0
1072.11	0
1072.33	0
1072.55	0
1072.77	0
1072.99	0
1073.21	0
1073.43	0
1073.65	0
1073.87	0
1074.09	0
1074.31	0
1074.53	0
1074.75	0
1074.97	0
1075.19	0
1075.41	0
1075.63	0
1075.85	0
1076.07	0
1076.29	0
1076.51	0
1076.73	0
1076.95	0
1077.17	0
1077.39	0
1077.61	0
1077.83	1
1078.05	0
1078.27	0
1078.49	0
1078.71	0
1078.93	0
1079.15	0
1079.37	0
1079.59	0
1079.81	0
1080.03	0
1080.25	0
1080.47	0
1080.69	0
1080.91	0
1081.13	0
1081.35	0
1081.57	0
1081.79	0
1082.01	0
1082.23	0
1082.45	0
1082.67	0
1082.89	0
1083.11	1
1083.33	0
1083.55	0
1083.77	0
1083.99	0
1084.21	0
1084.43	0
1084.65	0
1084.87	0
1085.09	0
1085.31	0
1085.53	0
1085.75	0
1085.97	0
1086.19	0
1086.41	0
1086.63	0
1086.85	0
1087.07	0
1087.29	0
1087.51	0
1087.73	0
1087.95	0
1088.17	0
1088.39	0
1088.61	1
1088.83	0
1089.05	0
1089.27	0
1089.49	0
1089.72	0
1089.94	0
1090.16	0
1090.38	0
1090.6	0
1090.82	0
1091.04	0
1091.26	0
1091.48	0
1091.7	0
1091.92	0
1092.14	0
1092.36	0
1092.58	0
1092.8	0
1093.02	0
1093.24	0
1093.46	0
1093.68	0
1093.9	0
1094.12	0
1094.34	0
1094.56	0
1094.78	0
1095	0
1095.22	0
1095.44	0
1095.66	0
1095.88	0
1096.1	0
1096.32	0
1096.54	0
1096.76	0
1096.98	0
1097.2	0
1097.42	0
1097.64	0
1097.86	0
1098.08	0
1098.3	0
1098.52	0
1098.74	0
1098.96	0
1099.18	0
1099.4	0
1099.62	0
1099.84	0
1100.06	0
1100.28	0
1100.5	0
1100.72	0
1100.94	0
1101.16	0
1101.38	0
1101.6	0
1101.82	0
1102.04	0
1102.26	1
1102.48	0
1102.7	0
1102.92	0
1103.14	0
1103.36	0
1103.58	0
1103.8	0
1104.02	0
1104.24	0
1104.46	0
1104.68	0
1104.9	0
1105.12	0
1105.34	1
1105.56	0
1105.78	0
1106	0
1106.22	0
1106.44	0
1106.66	0
1106.88	0
1107.1	0
1107.32	0
1107.54	0
1107.76	0
1107.98	0
1108.2	0
1108.42	0
1108.64	0
1108.86	0
1109.08	1
1109.3	0
1109.52	0
1109.74	0
1109.96	0
1110.18	0
1110.4	0
1110.62	0
1110.84	0
1111.06	0
1111.28	0
1111.5	0
1111.73	0
1111.95	0
1112.17	0
1112.39	0
1112.61	0
1112.83	0
1113.05	0
1113.27	0
1113.49	0
1113.71	0
1113.93	0
1114.15	1
1114.37	0
1114.59	0
1114.81	0
1115.03	0
1115.25	0
1115.47	0
1115.69	0
1115.91	0
1116.13	0
1116.35	0
1116.57	0
1116.79	0
1117.01	0
1117.23	0
1117.45	0
1117.67	0
1117.89	0
1118.11	0
1118.33	0
1118.55	0
1118.77	0
1118.99	0
1119.21	0
1119.43	0
1119.65	0
1119.87	0
1120.09	0
1120.31	0
1120.53	0
1120.75	0
1120.97	0
1121.19	0
1121.41	0
1121.63	0
1121.85	0
1122.07	0
1122.29	0
1122.51	0
1122.73	1
1122.95	0
1123.17	0
1123.39	0
1123.61	0
1123.83	0
1124.05	0
1124.27	0
1124.49	0
1124.71	0
1124.93	0
1125.15	0
1125.37	0
1125.59	0
1125.81	0
1126.03	0
1126.25	0
1126.47	0
1126.69	0
1126.91	0
1127.13	0
1127.35	0
1127.57	0
1127.79	0
1128.01	0
1128.23	0
1128.45	0
1128.67	1
1128.89	0
1129.11	0
1129.33	0
1129.55	0
1129.77	0
1129.99	0
1130.21	0
1130.43	0
1130.65	0
1130.87	0
1131.09	0
1131.31	0
1131.53	0
1131.75	0
1131.97	0
1132.19	0
1132.41	0
1132.63	0
1132.85	0
1133.07	0
1133.29	0
1133.51	0
1133.74	0
1133.96	0
1134.18	0
1134.4	0
1134.62	0
1134.84	0
1135.06	0
1135.28	0
1135.5	0
1135.72	0
1135.94	0
1136.16	0
1136.38	0
1136.6	0
1136.82	0
1137.04	0
1137.26	0
1137.48	0
1137.7	0
1137.92	0
1138.14	0
1138.36	0
1138.58	0
1138.8	0
1139.02	0
1139.24	0
1139.46	0
1139.68	0
1139.9	0
1140.12	0
1140.34	0
1140.56	0
1140.78	0
1141	0
1141.22	0
1141.44	0
1141.66	0
1141.88	0
1142.1	0
1142.32	0
1142.54	0
1142.76	0
1142.98	0
1143.2	0
1143.42	0
1143.64	0
1143.86	0
1144.08	0
1144.3	0
1144.52	0
1144.74	0
1144.96	0
1145.18	0
1145.4	1
1145.62	0
1145.84	0
1146.06	0
1146.28	0
1146.5	0
1146.72	0
1146.94	0
1147.16	0
1147.38	0
1147.6	0
1147.82	0
1148.04	0
1148.26	0
1148.48	0
1148.7	0
1148.92	0
1149.14	0
1149.36	0
1149.58	0
1149.8	0
1150.02	0
1150.24	0
1150.46	0
1150.68	0
1150.9	0
1151.12	0
1151.34	0
1151.56	0
1151.78	0
1152	0
1152.22	0
1152.44	0
1152.66	0
1152.88	0
1153.1	0
1153.32	0
1153.54	0
1153.76	0
1153.98	0
1154.2	0
1154.42	0
1154.64	0
1154.86	0
1155.08	0
1155.3	0
1155.52	0
1155.75	0
1155.97	0
1156.19	0
1156.41	0
1156.63	0
1156.85	0
1157.07	0
1157.29	1
1157.51	0
1157.73	0
1157.95	0
1158.17	0
1158.39	0
1158.61	0
1158.83	0
1159.05	0
1159.27	0
1159.49	0
1159.71	0
1159.93	0
1160.15	0
1160.37	0
1160.59	0
1160.81	0
1161.03	0
1161.25	0
1161.47	0
1161.69	0
1161.91	0
1162.13	0
1162.35	0
1162.57	0
1162.79	1
1163.01	0
1163.23	0
1163.45	0
1163.67	0
1163.89	0
1164.11	0
1164.33	0
1164.55	0
1164.77	0
1164.99	0
1165.21	0
1165.43	0
1165.65	0
1165.87	0
1166.09	0
1166.31	0
1166.53	0
1166.75	0
1166.97	0
1167.19	0
1167.41	0
1167.63	0
1167.85	0
1168.07	0
1168.29	0
1168.51	0
1168.73	0
1168.95	0
1169.17	0
1169.39	0
1169.61	0
1169.83	0
1170.05	0
1170.27	0
1170.49	0
1170.71	0
1170.93	0
1171.15	0
1171.37	0
1171.59	0
1171.81	0
1172.03	0
1172.25	0
1172.47	0
1172.69	0
1172.91	0
1173.13	0
1173.35	0
1173.57	0
1173.79	0
1174.01	0
1174.23	0
1174.45	0
1174.67	0
1174.89	0
1175.11	0
1175.33	0
1175.55	0
1175.77	0
1175.99	0
1176.21	0
1176.43	0
1176.65	0
1176.87	0
1177.09	0
1177.31	0
1177.53	0
1177.76	0
1177.98	0
1178.2	0
1178.42	0
1178.64	0
1178.86	0
1179.08	0
1179.3	0
1179.52	0
1179.74	0
1179.96	0
1180.18	0
1180.4	0
1180.62	0
1180.84	0
1181.06	0
1181.28	0
1181.5	0
1181.72	0
1181.94	0
1182.16	0
1182.38	0
1182.6	0
1182.82	0
1183.04	0
1183.26	0
1183.48	0
1183.7	0
1183.92	0
1184.14	0
1184.36	0
1184.58	0
1184.8	0
1185.02	0
1185.24	0
1185.46	0
1185.68	0
1185.9	0
1186.12	0
1186.34	1
1186.56	0
1186.78	0
1187	0
1187.22	0
1187.44	0
1187.66	0
1187.88	0
1188.1	0
1188.32	0
1188.54	0
1188.76	0
1188.98	0
1189.2	0
1189.42	0
1189.64	0
1189.86	0
1190.08	0
1190.3	0
1190.52	0
1190.74	0
1190.96	0
1191.18	0
1191.4	0
1191.62	0
1191.84	0
1192.06	0
1192.28	0
1192.5	0
1192.72	0
1192.94	0
1193.16	0
1193.38	0
1193.6	0
1193.82	0
1194.04	0
1194.26	0
1194.48	0
1194.7	0
1194.92	0
1195.14	0
1195.36	0
1195.58	0
1195.8	0
1196.02	0
1196.24	0
1196.46	0
1196.68	0
1196.9	0
1197.12	0
1197.34	0
1197.56	0
1197.78	0
1198	0
1198.22	0
1198.44	0
1198.66	0
1198.88	0
1199.1	0
1199.32	0
1199.54	0
1199.77	0
1199.99	0
1200.21	0
1200.43	0
1200.65	0
1200.87	0
1201.09	0
1201.31	0
1201.53	0
1201.75	0
1201.97	0
1202.19	0
1202.41	0
1202.63	0
1202.85	0
1203.07	0
1203.29	0
1203.51	0
1203.73	0
1203.95	0
1204.17	0
1204.39	0
1204.61	0
1204.83	0
1205.05	0
1205.27	0
1205.49	0
1205.71	0
1205.93	0
1206.15	0
1206.37	0
1206.59	0
1206.81	0
1207.03	0
1207.25	0
1207.47	0
1207.69	0
1207.91	0
1208.13	0
1208.35	0
1208.57	0
1208.79	0
1209.01	0
1209.23	0
1209.45	0
1209.67	1
1209.89	0
1210.11	0
1210.33	0
1210.55	0
1210.77	0
1210.99	0
1211.21	0
1211.43	0
1211.65	0
1211.87	0
1212.09	0
1212.31	0
1212.53	0
1212.75	0
1212.97	0
1213.19	0
1213.41	0
1213.63	0
1213.85	0
1214.07	0
1214.29	0
1214.51	0
1214.73	0
1214.95	0
1215.17	0
1215.39	0
1215.61	0
1215.83	0
1216.05	0
1216.27	0
1216.49	0
1216.71	1
1216.93	0
1217.15	0
1217.37	0
1217.59	0
1217.81	0
1218.03	0
1218.25	0
1218.47	0
1218.69	0
1218.91	0
1219.13	0
1219.35	0
1219.57	0
1219.79	0
1220.01	0
1220.23	0
1220.45	0
1220.67	0
1220.89	0
1221.11	0
1221.33	0
1221.55	0
1221.78	0
1222	0
1222.22	0
1222.44	0
1222.66	0
1222.88	0
1223.1	1
1223.32	0
1223.54	0
1223.76	0
1223.98	0
1224.2	0
1224.42	0
1224.64	0
1224.86	0
1225.08	0
1225.3	0
1225.52	0
1225.74	0
1225.96	0
1226.18	0
1226.4	0
1226.62	0
1226.84	0
1227.06	0
1227.28	0
1227.5	0
1227.72	0
1227.94	0
1228.16	0
1228.38	0
1228.6	0
1228.82	0
1229.04	0
1229.26	0
1229.48	0
1229.7	0
1229.92	0
1230.14	0
1230.36	0
1230.58	1
1230.8	0
1231.02	0
1231.24	0
1231.46	0
1231.68	0
1231.9	0
1232.12	0
1232.34	0
1232.56	0
1232.78	0
1233	0
1233.22	0
1233.44	0
1233.66	0
1233.88	0
1234.1	0
1234.32	0
1234.54	0
1234.76	0
1234.98	0
1235.2	0
1235.42	0
1235.64	0
1235.86	0
1236.08	0
1236.3	0
1236.52	0
1236.74	0
1236.96	0
1237.18	0
1237.4	0
1237.62	0
1237.84	0
1238.06	0
1238.28	0
1238.5	0
1238.72	0
1238.94	0
1239.16	0
1239.38	0
1239.6	0
1239.82	0
1240.04	0
1240.26	0
1240.48	0
1240.7	0
1240.92	0
1241.14	0
1241.36	0
1241.58	0
1241.8	0
1242.02	0
1242.24	0
1242.46	0
1242.68	0
1242.9	0
1243.12	0
1243.34	0
1243.57	0
1243.79	0
1244.01	0
1244.23	0
1244.45	0
1244.67	0
1244.89	0
1245.11	0
1245.33	0
1245.55	0
1245.77	0
1245.99	0
1246.21	0
1246.43	0
1246.65	0
1246.87	1
1247.09	0
1247.31	0
1247.53	0
1247.75	0
1247.97	0
1248.19	0
1248.41	0
1248.63	0
1248.85	0
1249.07	0
1249.29	0
1249.51	0
1249.73	0
1249.95	0
1250.17	0
1250.39	0
1250.61	0
1250.83	0
1251.05	0
1251.27	0
1251.49	0
1251.71	0
1251.93	0
1252.15	0
1252.37	0
1252.59	0
1252.81	0
1253.03	0
1253.25	0
1253.47	0
1253.69	0
1253.91	0
1254.13	0
1254.35	0
1254.57	0
1254.79	0
1255.01	0
1255.23	0
1255.45	0
1255.67	0
1255.89	0
1256.11	0
1256.33	0
1256.55	0
1256.77	0
1256.99	0
1257.21	0
1257.43	0
1257.65	0
1257.87	0
1258.09	0
1258.31	0
1258.53	0
1258.75	0
1258.97	0
1259.19	0
1259.41	0
1259.63	0
1259.85	0
1260.07	0
1260.29	0
1260.51	0
1260.73	0
1260.95	0
1261.17	0
1261.39	0
1261.61	0
1261.83	0
1262.05	0
1262.27	0
1262.49	0
1262.71	0
1262.93	0
1263.15	0
1263.37	0
1263.59	0
1263.81	0
1264.03	0
1264.25	0
1264.47	0
1264.69	0
1264.91	0
1265.13	0
1265.35	0
1265.58	0
1265.8	0
1266.02	0
1266.24	0
1266.46	1
1266.68	0
1266.9	0
1267.12	0
1267.34	0
1267.56	0
1267.78	0
1268	0
1268.22	0
1268.44	0
1268.66	0
1268.88	0
1269.1	0
1269.32	0
1269.54	0
1269.76	0
1269.98	0
1270.2	0
1270.42	0
1270.64	0
1270.86	0
1271.08	0
1271.3	0
1271.52	0
1271.74	0
1271.96	0
1272.18	0
1272.4	0
1272.62	0
1272.84	0
1273.06	0
1273.28	0
1273.5	0
1273.72	0
1273.94	0
1274.16	0
1274.38	0
1274.6	0
1274.82	0
1275.04	0
1275.26	0
1275.48	0
1275.7	0
1275.92	0
1276.14	0
1276.36	0
1276.58	0
1276.8	0
1277.02	0
1277.24	0
1277.46	0
1277.68	0
1277.9	0
1278.12	0
1278.34	0
1278.56	0
1278.78	0
1279	0
1279.22	0
1279.44	0
1279.66	0
1279.88	0
1280.1	0
1280.32	0
1280.54	0
1280.76	0
1280.98	0
1281.2	0
1281.42	0
1281.64	0
1281.86	0
1282.08	0
1282.3	0
1282.52	0
1282.74	0
1282.96	0
1283.18	0
1283.4	0
1283.62	0
1283.84	0
1284.06	0
1284.28	0
1284.5	0
1284.72	0
1284.94	0
1285.16	0
1285.38	0
1285.6	0
1285.82	0
1286.04	0
1286.26	0
1286.48	0
1286.7	0
1286.92	0
1287.14	0
1287.36	0
1287.59	0
1287.81	0
1288.03	0
1288.25	0
1288.47	0
1288.69	0
1288.91	0
1289.13	1
1289.35	0
1289.57	0
1289.79	0
1290.01	0
1290.23	0
1290.45	0
1290.67	0
1290.89	0
1291.11	0
1291.33	0
1291.55	0
1291.77	0
1291.99	0
1292.21	0
1292.43	0
1292.65	0
1292.87	0
1293.09	0
1293.31	0
1293.53	0
1293.75	0
1293.97	0
1294.19	0
1294.41	0
1294.63	0
1294.85	0
1295.07	0
1295.29	0
1295.51	0
1295.73	0
1295.95	0
1296.17	0
1296.39	0
1296.61	0
1296.83	0
1297.05	0
1297.27	0
1297.49	0
1297.71	0
1297.93	0
1298.15	0
1298.37	0
1298.59	0
1298.81	0
1299.03	0
1299.25	0
1299.47	0
1299.69	0
1299.91	0
1300.13	0
1300.35	0
1300.57	0
1300.79	0
1301.01	0
1301.23	0
1301.45	0
1301.67	0
1301.89	0
1302.11	0
1302.33	0
1302.55	0
1302.77	0
1302.99	0
1303.21	0
1303.43	0
1303.65	0
1303.87	0
1304.09	0
1304.31	0
1304.53	0
1304.75	0
1304.97	0
1305.19	0
1305.41	0
1305.63	0
1305.85	0
1306.07	0
1306.29	0
1306.51	0
1306.73	0
1306.95	0
1307.17	0
1307.39	0
1307.61	0
1307.83	0
1308.05	0
1308.27	0
1308.49	0
1308.71	0
1308.93	0
1309.15	0
1309.37	0
1309.6	0
1309.82	0
1310.04	0
1310.26	0
1310.48	0
1310.7	0
1310.92	0
1311.14	0
1311.36	0
1311.58	0
1311.8	0
1312.02	0
1312.24	0
1312.46	0
1312.68	0
1312.9	0
1313.12	0
1313.34	0
1313.56	0
1313.78	0
1314	0
1314.22	0
1314.44	0
1314.66	0
1314.88	0
1315.1	0
1315.32	0
1315.54	0
1315.76	0
1315.98	0
1316.2	0
1316.42	0
1316.64	1
1316.86	0
1317.08	0
1317.3	0
1317.52	0
1317.74	0
1317.96	0
1318.18	0
1318.4	0
1318.62	0
1318.84	0
1319.06	0
1319.28	0
1319.5	0
1319.72	0
1319.94	0
1320.16	0
1320.38	0
1320.6	0
1320.82	0
1321.04	0
1321.26	0
1321.48	0
1321.7	0
1321.92	0
1322.14	0
1322.36	0
1322.58	0
1322.8	0
1323.02	0
1323.24	0
1323.46	0
1323.68	0
1323.9	1
1324.12	0
1324.34	0
1324.56	0
1324.78	0
1325	1
1325.22	0
1325.44	0
1325.66	0
1325.88	0
1326.1	0
1326.32	0
1326.54	0
1326.76	0
1326.98	0
1327.2	0
1327.42	0
1327.64	0
1327.86	0
1328.08	0
1328.3	0
1328.52	0
1328.74	0
1328.96	0
1329.18	0
1329.4	0
1329.62	0
1329.84	0
1330.06	0
1330.28	0
1330.5	0
1330.72	0
1330.94	0
1331.16	0
1331.38	0
1331.61	0
1331.83	0
1332.05	0
1332.27	0
1332.49	0
1332.71	0
1332.93	0
1333.15	0
1333.37	0
1333.59	0
1333.81	0
1334.03	0
1334.25	0
1334.47	0
1334.69	0
1334.91	0
1335.13	0
1335.35	0
1335.57	1
1335.79	0
1336.01	0
1336.23	0
1336.45	0
1336.67	0
1336.89	0
1337.11	0
1337.33	0
1337.55	0
1337.77	0
1337.99	0
1338.21	0
1338.43	0
1338.65	0
1338.87	0
1339.09	0
1339.31	0
1339.53	0
1339.75	0
1339.97	0
1340.19	0
1340.41	0
1340.63	0
1340.85	0
1341.07	0
1341.29	0
1341.51	0
1341.73	0
1341.95	0
1342.17	0
1342.39	0
1342.61	0
1342.83	0
1343.05	0
1343.27	0
1343.49	0
1343.71	0
1343.93	0
1344.15	0
1344.37	0
1344.59	0
1344.81	0
1345.03	0
1345.25	0
1345.47	0
1345.69	0
1345.91	0
1346.13	0
1346.35	0
1346.57	0
1346.79	0
1347.01	0
1347.23	0
1347.45	0
1347.67	0
1347.89	0
1348.11	0
1348.33	0
1348.55	0
1348.77	0
1348.99	0
1349.21	0
1349.43	0
1349.65	0
1349.87	0
1350.09	0
1350.31	0
1350.53	0
1350.75	0
1350.97	0
1351.19	0
1351.41	0
1351.63	0
1351.85	0
1352.07	0
1352.29	0
1352.51	0
1352.73	0
1352.95	0
1353.17	0
1353.39	0
1353.62	0
1353.84	0
1354.06	0
1354.28	0
1354.5	0
1354.72	0
1354.94	0
1355.16	0
1355.38	0
1355.6	0
1355.82	0
1356.04	0
1356.26	1
1356.48	0
1356.7	0
1356.92	0
1357.14	0
1357.36	0
1357.58	0
1357.8	0
1358.02	0
1358.24	0
1358.46	0
1358.68	0
1358.9	0
1359.12	0
1359.34	0
1359.56	0
1359.78	0
1360	0
1360.22	0
1360.44	0
1360.66	0
1360.88	0
1361.1	0
1361.32	0
1361.54	0
1361.76	0
1361.98	0
1362.2	0
1362.42	0
1362.64	0
1362.86	0
1363.08	0
1363.3	0
1363.52	0
1363.74	0
1363.96	0
1364.18	0
1364.4	0
1364.62	0
1364.84	0
1365.06	0
1365.28	0
1365.5	0
1365.72	0
1365.94	0
1366.16	0
1366.38	0
1366.6	0
1366.82	0
1367.04	0
1367.26	0
1367.48	0
1367.7	0
1367.92	0
1368.14	0
1368.36	0
1368.58	0
1368.8	0
1369.02	0
1369.24	0
1369.46	0
1369.68	0
1369.9	0
1370.12	0
1370.34	0
1370.56	0
1370.78	0
1371	0
1371.22	0
1371.44	0
1371.66	0
1371.88	0
1372.1	0
1372.32	0
1372.54	0
1372.76	0
1372.98	0
1373.2	0
1373.42	0
1373.64	0
1373.86	0
1374.08	0
1374.3	0
1374.52	0
1374.74	0
1374.96	0
1375.18	0
1375.4	0
1375.63	0
1375.85	0
1376.07	0
1376.29	0
1376.51	0
1376.73	0
1376.95	0
1377.17	0
1377.39	0
1377.61	0
1377.83	0
1378.05	0
1378.27	0
1378.49	0
1378.71	0
1378.93	0
1379.15	0
1379.37	0
1379.59	0
1379.81	0
1380.03	0
1380.25	0
1380.47	0
1380.69	0
1380.91	0
1381.13	0
1381.35	0
1381.57	0
1381.79	0
1382.01	0
1382.23	0
1382.45	0
1382.67	0
1382.89	0
1383.11	0
1383.33	0
1383.55	0
1383.77	0
1383.99	0
1384.21	0
1384.43	0
1384.65	0
1384.87	0
1385.09	0
1385.31	0
1385.53	0
1385.75	0
1385.97	0
1386.19	0
1386.41	0
1386.63	0
1386.85	0
1387.07	0
1387.29	0
1387.51	0
1387.73	0
1387.95	0
1388.17	0
1388.39	0
1388.61	0
1388.83	0
1389.05	0
1389.27	0
1389.49	0
1389.71	0
1389.93	0
1390.15	0
1390.37	0
1390.59	0
1390.81	0
1391.03	0
1391.25	0
1391.47	0
1391.69	0
1391.91	0
1392.13	0
1392.35	0
1392.57	0
1392.79	0
1393.01	0
1393.23	0
1393.45	0
1393.67	0
1393.89	0
1394.11	0
1394.33	0
1394.55	0
1394.77	0
1394.99	0
1395.21	0
1395.43	0
1395.65	0
1395.87	0
1396.09	0
1396.31	0
1396.53	0
1396.75	0
1396.97	0
1397.19	0
1397.41	0
1397.64	0
1397.86	0
1398.08	0
1398.3	0
1398.52	0
1398.74	0
1398.96	0
1399.18	0
1399.4	0
1399.62	0
1399.84	0
1400.06	0
1400.28	0
1400.5	0
1400.72	0
1400.94	0
1401.16	0
1401.38	0
1401.6	0
1401.82	0
1402.04	0
1402.26	0
1402.48	0
1402.7	0
1402.92	0
1403.14	0
1403.36	0
1403.58	0
1403.8	0
1404.02	0
1404.24	0
1404.46	0
1404.68	0
1404.9	0
1405.12	0
1405.34	0
1405.56	0
1405.78	0
1406	0
1406.22	0
1406.44	0
1406.66	0
1406.88	0
1407.1	0
1407.32	0
1407.54	0
1407.76	0
1407.98	0
1408.2	0
1408.42	0
1408.64	0
1408.86	0
1409.08	0
1409.3	0
1409.52	0
1409.74	0
1409.96	0
1410.18	0
1410.4	0
1410.62	0
1410.84	0
1411.06	0
1411.28	0
1411.5	0
1411.72	0
1411.94	0
1412.16	0
1412.38	0
1412.6	0
1412.82	0
1413.04	0
1413.26	0
1413.48	0
1413.7	0
1413.92	0
1414.14	0
1414.36	0
1414.58	0
1414.8	1
1415.02	0
1415.24	0
1415.46	0
1415.68	0
1415.9	0
1416.12	0
1416.34	0
1416.56	0
1416.78	0
1417	0
1417.22	0
1417.44	0
1417.66	0
1417.88	0
1418.1	0
1418.32	0
1418.54	0
1418.76	0
1418.98	0
1419.2	0
1419.42	0
1419.65	0
1419.87	0
1420.09	0
1420.31	0
1420.53	0
1420.75	0
1420.97	0
1421.19	0
1421.41	0
1421.63	0
1421.85	0
1422.07	0
1422.29	0
1422.51	0
1422.73	0
1422.95	0
1423.17	0
1423.39	0
1423.61	0
1423.83	0
1424.05	0
1424.27	0
1424.49	0
1424.71	0
1424.93	0
1425.15	0
1425.37	0
1425.59	0
1425.81	0
1426.03	0
1426.25	0
1426.47	0
1426.69	0
1426.91	0
1427.13	0
1427.35	0
1427.57	0
1427.79	0
1428.01	0
1428.23	0
1428.45	0
1428.67	0
1428.89	0
1429.11	0
1429.33	0
1429.55	0
1429.77	0
1429.99	0
1430.21	0
1430.43	0
1430.65	0
1430.87	0
1431.09	1
1431.31	0
1431.53	0
1431.75	0
1431.97	0
1432.19	0
1432.41	0
1432.63	0
1432.85	0
1433.07	0
1433.29	0
1433.51	0
1433.73	0
1433.95	0
1434.17	0
1434.39	0
1434.61	0
1434.83	0
1435.05	0
1435.27	0
1435.49	0
1435.71	0
1435.93	0
1436.15	0
1436.37	0
1436.59	0
1436.81	0
1437.03	0
1437.25	0
1437.47	0
1437.69	0
1437.91	0
1438.13	0
1438.35	0
1438.57	0
1438.79	1
1439.01	0
1439.23	0
1439.45	0
1439.67	0
1439.89	0
1440.11	0
1440.33	0
1440.55	0
1440.77	0
1440.99	0
1441.21	0
1441.43	0
1441.66	0
1441.88	0
1442.1	0
1442.32	0
1442.54	0
1442.76	0
1442.98	0
1443.2	0
1443.42	0
1443.64	0
1443.86	0
1444.08	0
1444.3	0
1444.52	0
1444.74	0
1444.96	0
1445.18	0
1445.4	0
1445.62	0
1445.84	0
1446.06	0
1446.28	0
1446.5	1
1446.72	0
1446.94	0
1447.16	0
1447.38	0
1447.6	0
1447.82	0
1448.04	0
1448.26	0
1448.48	0
1448.7	0
1448.92	0
1449.14	0
1449.36	0
1449.58	0
1449.8	0
1450.02	0
1450.24	0
1450.46	0
1450.68	0
1450.9	0
1451.12	0
1451.34	0
1451.56	0
1451.78	0
1452	0
1452.22	0
1452.44	0
1452.66	0
1452.88	0
1453.1	0
1453.32	0
1453.54	0
1453.76	0
1453.98	0
1454.2	0
1454.42	0
1454.64	0
1454.86	0
1455.08	0
1455.3	0
1455.52	0
1455.74	0
1455.96	0
1456.18	0
1456.4	0
1456.62	0
1456.84	0
1457.06	0
1457.28	0
1457.5	0
1457.72	0
1457.94	0
1458.16	0
1458.38	0
1458.6	0
1458.82	0
1459.04	0
1459.26	0
1459.48	0
1459.7	0
1459.92	0
1460.14	0
1460.36	0
1460.58	0
1460.8	0
1461.02	0
1461.24	0
1461.46	0
1461.68	0
1461.9	0
1462.12	0
1462.34	0
1462.56	0
1462.78	0
1463	0
1463.22	0
1463.44	0
1463.67	0
1463.89	0
1464.11	1
1464.33	0
1464.55	2
1464.77	0
1464.99	1
1465.21	0
1465.43	0
1465.65	0
1465.87	0
1466.09	1
1466.31	0
1466.53	0
1466.75	1
1466.97	0
1467.19	0
1467.41	0
1467.63	0
1467.85	0
1468.07	0
1468.29	0
1468.51	0
1468.73	0
1468.95	0
1469.17	0
1469.39	0
1469.61	0
1469.83	0
1470.05	0
1470.27	0
1470.49	0
1470.71	0
1470.93	0
1471.15	0
1471.37	0
1471.59	0
1471.81	0
1472.03	0
1472.25	0
1472.47	0
1472.69	0
1472.91	1
1473.13	0
1473.35	0
1473.57	1
1473.79	0
1474.01	0
1474.23	0
1474.45	0
1474.67	0
1474.89	0
1475.11	0
1475.33	0
1475.55	0
1475.77	0
1475.99	0
1476.21	0
1476.43	0
1476.65	0
1476.87	0
1477.09	0
1477.31	0
1477.53	0
1477.75	0
1477.97	0
1478.19	0
1478.41	0
1478.63	0
1478.85	0
1479.07	0
1479.29	0
1479.51	0
1479.73	0
1479.95	0
1480.17	0
1480.39	0
1480.61	0
1480.83	0
1481.05	0
1481.27	0
1481.49	0
1481.71	0
1481.93	0
1482.15	0
1482.37	0
1482.59	0
1482.81	0
1483.03	0
1483.25	0
1483.47	0
1483.69	0
1483.91	0
1484.13	0
1484.35	0
1484.57	0
1484.79	0
1485.01	0
1485.23	0
1485.45	0
1485.68	0
1485.9	0
1486.12	0
1486.34	0
1486.56	0
1486.78	0
1487	0
1487.22	0
1487.44	0
1487.66	0
1487.88	0
1488.1	0
1488.32	0
1488.54	0
1488.76	0
1488.98	0
1489.2	0
1489.42	0
1489.64	0
1489.86	0
1490.08	0
1490.3	0
1490.52	0
1490.74	0
1490.96	0
1491.18	0
1491.4	0
1491.62	0
1491.84	0
1492.06	0
1492.28	0
1492.5	0
1492.72	0
1492.94	0
1493.16	0
1493.38	0
1493.6	0
1493.82	0
1494.04	0
1494.26	0
1494.48	0
1494.7	0
1494.92	0
1495.14	0
1495.36	0
1495.58	0
1495.8	0
1496.02	0
1496.24	0
1496.46	0
1496.68	0
1496.9	0
1497.12	0
1497.34	0
1497.56	0
1497.78	0
1498	0
1498.22	0
1498.44	0
1498.66	0
1498.88	0
1499.1	0
1499.32	0
1499.54	0
1499.76	0
1499.98	0
1500.2	0
1500.42	0
1500.64	0
1500.86	0
1501.08	0
1501.3	0
1501.52	0
1501.74	0
1501.96	0
1502.18	0
1502.4	0
1502.62	0
1502.84	0
1503.06	0
1503.28	0
1503.5	0
1503.72	0
1503.94	0
1504.16	0
1504.38	0
1504.6	0
1504.82	0
1505.04	0
1505.26	0
1505.48	0
1505.7	0
1505.92	0
1506.14	0
1506.36	0
1506.58	0
1506.8	0
1507.02	0
1507.24	0
1507.46	0
1507.68	0
1507.91	0
1508.13	0
1508.35	0
1508.57	0
1508.79	0
1509.01	0
1509.23	0
1509.45	0
1509.67	0
1509.89	0
1510.11	0
1510.33	0
1510.55	0
1510.77	0
1510.99	0
1511.21	0
1511.43	0
1511.65	0
1511.87	0
1512.09	0
1512.31	0
1512.53	0
1512.75	0
1512.97	0
1513.19	0
1513.41	0
1513.63	0
1513.85	0
1514.07	0
1514.29	0
1514.51	0
1514.73	0
1514.95	0
1515.17	0
1515.39	0
1515.61	0
1515.83	0
1516.05	0
1516.27	0
1516.49	0
1516.71	0
1516.93	0
1517.15	0
1517.37	0
1517.59	0
1517.81	0
1518.03	0
1518.25	0
1518.47	0
1518.69	0
1518.91	0
1519.13	0
1519.35	0
1519.57	0
1519.79	1
1520.01	0
1520.23	0
1520.45	0
1520.67	0
1520.89	0
1521.11	0
1521.33	0
1521.55	0
1521.77	0
1521.99	0
1522.21	0
1522.43	0
1522.65	0
1522.87	0
1523.09	0
1523.31	0
1523.53	0
1523.75	0
1523.97	0
1524.19	0
1524.41	0
1524.63	0
1524.85	0
1525.07	0
1525.29	0
1525.51	0
1525.73	0
1525.95	0
1526.17	0
1526.39	0
1526.61	0
1526.83	0
1527.05	0
1527.27	0
1527.49	0
1527.71	0
1527.93	0
1528.15	0
1528.37	0
1528.59	0
1528.81	0
1529.03	0
1529.25	0
1529.47	0
1529.69	0
1529.92	0
1530.14	0
1530.36	0
1530.58	0
1530.8	0
1531.02	0
1531.24	0
1531.46	0
1531.68	0
1531.9	0
1532.12	0
1532.34	0
1532.56	0
1532.78	0
1533	0
1533.22	0
1533.44	1
1533.66	0
1533.88	0
1534.1	0
1534.32	0
1534.54	0
1534.76	0
1534.98	0
1535.2	0
1535.42	0
1535.64	0
1535.86	0
1536.08	0
1536.3	0
1536.52	0
1536.74	0
1536.96	0
1537.18	0
1537.4	0
1537.62	0
1537.84	0
1538.06	0
1538.28	0
1538.5	0
1538.72	0
1538.94	0
1539.16	0
1539.38	0
1539.6	0
1539.82	0
1540.04	0
1540.26	0
1540.48	0
1540.7	0
1540.92	0
1541.14	0
1541.36	0
1541.58	0
1541.8	0
1542.02	0
1542.24	0
1542.46	0
1542.68	0
1542.9	0
1543.12	0
1543.34	0
1543.56	0
1543.78	0
1544	0
1544.22	0
1544.44	0
1544.66	0
1544.88	0
1545.1	0
1545.32	0
1545.54	0
1545.76	0
1545.98	0
1546.2	0
1546.42	0
1546.64	0
1546.86	0
1547.08	0
1547.3	0
1547.52	0
1547.74	0
1547.96	0
1548.18	0
1548.4	0
1548.62	0
1548.84	0
1549.06	0
1549.28	0
1549.5	0
1549.72	0
1549.94	0
1550.16	0
1550.38	0
1550.6	0
1550.82	0
1551.04	0
1551.26	0
1551.48	0
1551.7	0
1551.93	0
1552.15	0
1552.37	0
1552.59	0
1552.81	0
1553.03	0
1553.25	0
1553.47	0
1553.69	0
1553.91	0
1554.13	0
1554.35	0
1554.57	0
1554.79	0
1555.01	0
1555.23	0
1555.45	0
1555.67	0
1555.89	1
1556.11	0
1556.33	0
1556.55	0
1556.77	0
1556.99	0
1557.21	0
1557.43	0
1557.65	0
1557.87	0
1558.09	0
1558.31	0
1558.53	0
1558.75	0
1558.97	0
1559.19	0
1559.41	0
1559.63	0
1559.85	0
1560.07	0
1560.29	0
1560.51	0
1560.73	0
1560.95	0
1561.17	0
1561.39	0
1561.61	0
1561.83	0
1562.05	0
1562.27	0
1562.49	0
1562.71	0
1562.93	0
1563.15	0
1563.37	0
1563.59	0
1563.81	0
1564.03	0
1564.25	0
1564.47	0
1564.69	0
1564.91	0
1565.13	0
1565.35	0
1565.57	0
1565.79	0
1566.01	0
1566.23	0
1566.45	0
1566.67	0
1566.89	0
1567.11	0
1567.33	0
1567.55	0
1567.77	0
1567.99	0
1568.21	0
1568.43	0
1568.65	0
1568.87	0
1569.09	0
1569.31	0
1569.53	0
1569.75	0
1569.97	0
1570.19	0
1570.41	0
1570.63	0
1570.85	0
1571.07	0
1571.29	0
1571.51	0
1571.73	0
1571.95	0
1572.17	0
1572.39	0
1572.61	0
1572.83	0
1573.05	0
1573.27	0
1573.49	0
1573.71	0
1573.94	0
1574.16	0
1574.38	0
1574.6	0
1574.82	0
1575.04	0
1575.26	0
1575.48	0
1575.7	0
1575.92	0
1576.14	0
1576.36	0
1576.58	0
1576.8	0
1577.02	0
1577.24	0
1577.46	0
1577.68	0
1577.9	0
1578.12	0
1578.34	0
1578.56	0
1578.78	0
1579	0
1579.22	0
1579.44	0
1579.66	0
1579.88	0
1580.1	0
1580.32	0
1580.54	0
1580.76	0
1580.98	0
1581.2	0
1581.42	0
1581.64	0
1581.86	0
1582.08	0
1582.3	0
1582.52	0
1582.74	0
1582.96	0
1583.18	0
1583.4	0
1583.62	0
1583.84	0
1584.06	0
1584.28	0
1584.5	0
1584.72	0
1584.94	0
1585.16	0
1585.38	0
1585.6	0
1585.82	0
1586.04	0
1586.26	0
1586.48	0
1586.7	0
1586.92	0
1587.14	0
1587.36	0
1587.58	0
1587.8	0
1588.02	0
1588.24	0
1588.46	0
1588.68	0
1588.9	0
1589.12	0
1589.34	0
1589.56	0
1589.78	0
1590	0
1590.22	0
1590.44	0
1590.66	0
1590.88	0
1591.1	0
1591.32	0
1591.54	0
1591.76	0
1591.98	0
1592.2	0
1592.42	0
1592.64	0
1592.86	0
1593.08	0
1593.3	0
1593.52	0
1593.74	0
1593.96	0
1594.18	0
1594.4	0
1594.62	0
1594.84	0
1595.06	0
1595.28	0
1595.5	0
1595.72	0
1595.95	0
1596.17	0
1596.39	0
1596.61	0
1596.83	0
1597.05	0
1597.27	0
1597.49	0
1597.71	0
1597.93	0
1598.15	0
1598.37	0
1598.59	0
1598.81	0
1599.03	0
1599.25	0
1599.47	0
1599.69	0
1599.91	0
1600.13	0
1600.35	0
1600.57	0
1600.79	0
1601.01	0
1601.23	0
1601.45	0
1601.67	0
1601.89	0
1602.11	0
1602.33	0
1602.55	0
1602.77	0
1602.99	0
1603.21	0
1603.43	0
1603.65	0
1603.87	0
1604.09	0
1604.31	0
1604.53	0
1604.75	0
1604.97	0
1605.19	0
1605.41	0
1605.63	0
1605.85	0
1606.07	0
1606.29	0
1606.51	0
1606.73	0
1606.95	0
1607.17	0
1607.39	0
1607.61	0
1607.83	0
1608.05	0
1608.27	0
1608.49	0
1608.71	0
1608.93	0
1609.15	0
1609.37	0
1609.59	0
1609.81	0
1610.03	0
1610.25	0
1610.47	0
1610.69	0
1610.91	0
1611.13	0
1611.35	0
1611.57	0
1611.79	0
1612.01	0
1612.23	0
1612.45	0
1612.67	0
1612.89	0
1613.11	0
1613.33	0
1613.55	0
1613.77	0
1613.99	0
1614.21	0
1614.43	0
1614.65	0
1614.87	0
1615.09	0
1615.31	0
1615.53	0
1615.75	0
1615.97	0
1616.19	0
1616.41	0
1616.63	0
1616.85	0
1617.07	0
1617.29	0
1617.51	0
1617.73	0
1617.96	0
1618.18	0
1618.4	0
1618.62	0
1618.84	0
1619.06	0
1619.28	0
1619.5	0
1619.72	0
1619.94	0
1620.16	0
1620.38	0
1620.6	0
1620.82	0
1621.04	0
1621.26	0
1621.48	0
1621.7	0
1621.92	0
1622.14	0
1622.36	0
1622.58	0
1622.8	0
1623.02	0
1623.24	0
1623.46	0
1623.68	0
1623.9	0
1624.12	0
1624.34	0
1624.56	0
1624.78	0
1625	0
1625.22	0
1625.44	0
1625.66	0
1625.88	0
1626.1	0
1626.32	0
1626.54	0
1626.76	0
1626.98	0
1627.2	0
1627.42	0
1627.64	0
1627.86	0
1628.08	0
1628.3	0
1628.52	0
1628.74	0
1628.96	0
1629.18	0
1629.4	0
1629.62	0
1629.84	0
1630.06	0
1630.28	0
1630.5	0
1630.72	0
1630.94	0
1631.16	0
1631.38	0
1631.6	0
1631.82	0
1632.04	0
1632.26	0
1632.48	0
1632.7	0
1632.92	0
1633.14	0
1633.36	0
1633.58	0
1633.8	0
1634.02	0
1634.24	0
1634.46	0
1634.68	0
1634.9	0
1635.12	0
1635.34	0
1635.56	0
1635.78	0
1636	0
1636.22	0
1636.44	0
1636.66	0
1636.88	0
1637.1	0
1637.32	1
1637.54	0
1637.76	0
1637.98	0
1638.2	0
1638.42	0
1638.64	0
1638.86	0
1639.08	0
1639.3	0
1639.52	0
1639.74	0
1639.97	0
1640.19	0
1640.41	0
1640.63	0
1640.85	0
1641.07	0
1641.29	0
1641.51	0
1641.73	0
1641.95	0
1642.17	0
1642.39	0
1642.61	0
1642.83	0
1643.05	0
1643.27	0
1643.49	0
1643.71	0
1643.93	0
1644.15	0
1644.37	0
1644.59	0
1644.81	0
1645.03	0
1645.25	0
1645.47	0
1645.69	0
1645.91	0
1646.13	0
1646.35	0
1646.57	0
1646.79	0
1647.01	0
1647.23	0
1647.45	0
1647.67	0
1647.89	0
1648.11	0
1648.33	0
1648.55	0
1648.77	0
1648.99	0
1649.21	0
1649.43	0
1649.65	0
1649.87	0
1650.09	0
1650.31	0
1650.53	0
1650.75	0
1650.97	0
1651.19	0
1651.41	0
1651.63	0
1651.85	0
1652.07	0
1652.29	0
1652.51	0
1652.73	0
1652.95	0
1653.17	0
1653.39	0
1653.61	0
1653.83	0
1654.05	0
1654.27	0
1654.49	0
1654.71	0
1654.93	0
1655.15	0
1655.37	0
1655.59	0
1655.81	0
1656.03	0
1656.25	0
1656.47	0
1656.69	0
1656.91	0
1657.13	0
1657.35	0
1657.57	0
1657.79	0
1658.01	0
1658.23	0
1658.45	0
1658.67	0
1658.89	0
1659.11	0
1659.33	0
1659.55	0
1659.77	0
1659.99	0
1660.21	0
1660.43	0
1660.65	0
1660.87	0
1661.09	0
1661.31	0
1661.53	0
1661.75	0
1661.98	0
1662.2	0
1662.42	0
1662.64	0
1662.86	0
1663.08	0
1663.3	0
1663.52	0
1663.74	0
1663.96	0
1664.18	0
1664.4	0
1664.62	0
1664.84	0
1665.06	0
1665.28	0
1665.5	0
1665.72	0
1665.94	0
1666.16	0
1666.38	0
1666.6	0
1666.82	0
1667.04	0
1667.26	0
1667.48	0
1667.7	0
1667.92	0
1668.14	0
1668.36	0
1668.58	0
1668.8	0
1669.02	0
1669.24	0
1669.46	0
1669.68	0
1669.9	0
1670.12	0
1670.34	0
1670.56	0
1670.78	0
1671	0
1671.22	0
1671.44	0
1671.66	0
1671.88	0
1672.1	0
1672.32	0
1672.54	0
1672.76	0
1672.98	0
1673.2	0
1673.42	0
1673.64	0
1673.86	0
1674.08	0
1674.3	0
1674.52	0
1674.74	0
1674.96	0
1675.18	0
1675.4	0
1675.62	0
1675.84	0
1676.06	0
1676.28	0
1676.5	0
1676.72	0
1676.94	0
1677.16	0
1677.38	0
1677.6	0
1677.82	0
1678.04	0
1678.26	0
1678.48	0
1678.7	0
1678.92	0
1679.14	0
1679.36	0
1679.58	0
1679.8	0
1680.02	0
1680.24	0
1680.46	0
1680.68	0
1680.9	0
1681.12	0
1681.34	0
1681.56	0
1681.78	0
1682	0
1682.22	0
1682.44	0
1682.66	0
1682.88	0
1683.1	0
1683.32	0
1683.54	0
1683.76	0
1683.99	0
1684.21	0
1684.43	0
1684.65	0
1684.87	0
1685.09	0
1685.31	0
1685.53	0
1685.75	0
1685.97	0
1686.19	0
1686.41	0
1686.63	0
1686.85	0
1687.07	0
1687.29	0
1687.51	0
1687.73	0
1687.95	0
1688.17	0
1688.39	0
1688.61	0
1688.83	0
1689.05	0
1689.27	0
1689.49	0
1689.71	0
1689.93	0
1690.15	0
1690.37	0
1690.59	0
1690.81	0
1691.03	0
1691.25	0
1691.47	0
1691.69	0
1691.91	0
1692.13	0
1692.35	0
1692.57	0
1692.79	0
1693.01	0
1693.23	0
1693.45	0
1693.67	0
1693.89	0
1694.11	0
1694.33	0
1694.55	0
1694.77	0
1694.99	0
1695.21	0
1695.43	0
1695.65	0
1695.87	0
1696.09	0
1696.31	0
1696.53	0
1696.75	0
1696.97	0
1697.19	0
1697.41	0
1697.63	0
1697.85	0
1698.07	0
1698.29	0
1698.51	0
1698.73	0
1698.95	0
1699.17	0
1699.39	0
1699.61	0
1699.83	0
1700.05	0
1700.27	0
1700.49	0
1700.71	0
1700.93	0
1701.15	0
1701.37	0
1701.59	0
1701.81	0
1702.03	0
1702.25	0
1702.47	0
1702.69	0
1702.91	0
1703.13	0
1703.35	0
1703.57	0
1703.79	0
1704.01	0
1704.23	0
1704.45	0
1704.67	0
1704.89	0
1705.11	0
1705.33	0
1705.55	0
1705.77	0
1706	0
1706.22	0
1706.44	0
1706.66	0
1706.88	0
1707.1	0
1707.32	0
1707.54	0
1707.76	0
1707.98	0
1708.2	0
1708.42	0
1708.64	0
1708.86	0
1709.08	0
1709.3	0
1709.52	0
1709.74	0
1709.96	0
1710.18	0
1710.4	0
1710.62	0
1710.84	0
1711.06	0
1711.28	0
1711.5	0
1711.72	0
1711.94	0
1712.16	0
1712.38	0
1712.6	0
1712.82	0
1713.04	0
1713.26	0
1713.48	0
1713.7	0
1713.92	0
1714.14	0
1714.36	0
1714.58	0
1714.8	0
1715.02	0
1715.24	0
1715.46	0
1715.68	0
1715.9	0
1716.12	0
1716.34	0
1716.56	0
1716.78	0
1717	0
1717.22	0
1717.44	0
1717.66	0
1717.88	0
1718.1	0
1718.32	0
1718.54	0
1718.76	0
1718.98	0
1719.2	0
1719.42	0
1719.64	0
1719.86	0
1720.08	0
1720.3	0
1720.52	0
1720.74	0
1720.96	0
1721.18	0
1721.4	0
1721.62	0
1721.84	0
1722.06	0
1722.28	0
1722.5	0
1722.72	0
1722.94	0
1723.16	0
1723.38	0
1723.6	0
1723.82	0
1724.04	0
1724.26	0
1724.48	0
1724.7	0
1724.92	0
1725.14	0
1725.36	0
1725.58	0
1725.8	0
1726.02	0
1726.24	0
1726.46	0
1726.68	0
1726.9	0
1727.12	0
1727.34	0
1727.56	0
1727.78	0
1728.01	0
1728.23	0
1728.45	0
1728.67	0
1728.89	0
1729.11	0
1729.33	0
1729.55	0
1729.77	0
1729.99	0
1730.21	0
1730.43	0
1730.65	0
1730.87	0
1731.09	0
1731.31	0
1731.53	0
1731.75	0
1731.97	0
1732.19	0
1732.41	0
1732.63	0
1732.85	0
1733.07	0
1733.29	0
1733.51	0
1733.73	0
1733.95	0
1734.17	0
1734.39	0
1734.61	0
1734.83	0
1735.05	0
1735.27	0
1735.49	0
1735.71	0
1735.93	0
1736.15	0
1736.37	0
1736.59	0
1736.81	0
1737.03	0
1737.25	0
1737.47	0
1737.69	0
1737.91	0
1738.13	0
1738.35	0
1738.57	0
1738.79	0
1739.01	0
1739.23	0
1739.45	0
1739.67	0
1739.89	0
1740.11	0
1740.33	0
1740.55	0
1740.77	0
1740.99	0
1741.21	0
1741.43	0
1741.65	0
1741.87	0
1742.09	0
1742.31	0
1742.53	0
1742.75	0
1742.97	0
1743.19	0
1743.41	0
1743.63	0
1743.85	0
1744.07	0
1744.29	0
1744.51	0
1744.73	0
1744.95	0
1745.17	0
1745.39	0
1745.61	0
1745.83	0
1746.05	0
1746.27	0
1746.49	0
1746.71	0
1746.93	0
1747.15	0
1747.37	0
1747.59	0
1747.81	0
1748.03	0
1748.25	0
1748.47	0
1748.69	0
1748.91	0
1749.13	0
1749.35	0
1749.57	0
1749.79	0
1750.02	0
1750.24	0
1750.46	0
1750.68	0
1750.9	0
1751.12	0
1751.34	0
1751.56	0
1751.78	0
1752	0
1752.22	0
1752.44	0
1752.66	0
1752.88	0
1753.1	0
1753.32	0
1753.54	0
1753.76	0
1753.98	0
1754.2	0
1754.42	0
1754.64	0
1754.86	0
1755.08	0
1755.3	0
1755.52	0
1755.74	0
1755.96	0
1756.18	0
1756.4	0
1756.62	0
1756.84	0
1757.06	0
1757.28	0
1757.5	0
1757.72	0
1757.94	0
1758.16	0
1758.38	0
1758.6	0
1758.82	0
1759.04	0
1759.26	0
1759.48	0
1759.7	0
1759.92	0
1760.14	0
1760.36	0
1760.58	0
1760.8	0
1761.02	0
1761.24	0
1761.46	0
1761.68	0
1761.9	0
1762.12	0
1762.34	0
1762.56	0
1762.78	0
1763	0
1763.22	0
1763.44	0
1763.66	0
1763.88	0
1764.1	0
1764.32	0
1764.54	0
1764.76	0
1764.98	0
1765.2	0
1765.42	0
1765.64	0
1765.86	0
1766.08	0
1766.3	0
1766.52	0
1766.74	0
1766.96	0
1767.18	0
1767.4	0
1767.62	0
1767.84	0
1768.06	0
1768.28	0
1768.5	0
1768.72	0
1768.94	0
1769.16	0
1769.38	0
1769.6	0
1769.82	1
1770.04	0
1770.26	0
1770.48	0
1770.7	0
1770.92	0
1771.14	0
1771.36	0
1771.58	0
1771.8	0
1772.03	0
1772.25	0
1772.47	0
1772.69	0
1772.91	0
1773.13	0
1773.35	0
1773.57	0
1773.79	0
1774.01	0
1774.23	0
1774.45	0
1774.67	0
1774.89	0
1775.11	0
1775.33	0
1775.55	0
1775.77	0
1775.99	0
1776.21	0
1776.43	0
1776.65	0
1776.87	0
1777.09	0
1777.31	0
1777.53	0
1777.75	0
1777.97	0
1778.19	0
1778.41	0
1778.63	0
1778.85	0
1779.07	0
1779.29	0
1779.51	0
1779.73	0
1779.95	0
1780.17	0
1780.39	0
1780.61	0
1780.83	0
1781.05	0
1781.27	0
1781.49	0
1781.71	0
1781.93	0
1782.15	0
1782.37	0
1782.59	0
1782.81	0
1783.03	0
1783.25	0
1783.47	0
1783.69	0
1783.91	0
1784.13	0
1784.35	0
1784.57	0
1784.79	0
1785.01	0
1785.23	0
1785.45	0
1785.67	0
1785.89	0
1786.11	0
1786.33	0
1786.55	0
1786.77	0
1786.99	0
1787.21	0
1787.43	0
1787.65	0
1787.87	0
1788.09	0
1788.31	0
1788.53	0
1788.75	0
1788.97	0
1789.19	0
1789.41	0
1789.63	0
1789.85	0
1790.07	0
1790.29	0
1790.51	0
1790.73	0
1790.95	0
1791.17	0
1791.39	0
1791.61	0
1791.83	0
1792.05	0
1792.27	0
1792.49	0
1792.71	0
1792.93	0
1793.15	0
1793.37	0
1793.59	0
1793.81	0
1794.04	0
1794.26	0
1794.48	0
1794.7	0
1794.92	0
1795.14	0
1795.36	0
1795.58	0
1795.8	0
1796.02	0
1796.24	0
1796.46	0
1796.68	0
1796.9	0
1797.12	0
1797.34	0
1797.56	0
1797.78	0
1798	0
1798.22	0
1798.44	0
1798.66	0
1798.88	0
1799.1	0
1799.32	0
1799.54	0
1799.76	0
1799.98	0
1800.2	0
1800.42	0
1800.64	0
1800.86	0
1801.08	0
1801.3	0
1801.52	0
1801.74	0
1801.96	0
1802.18	0
1802.4	0
1802.62	0
1802.84	0
