-4.36557e-011	0
2.05131	0
4.10069	0
6.14815	0
8.19369	0
10.2373	0
12.279	0
14.3188	0
16.3566	0
18.3926	0
20.4266	0
22.4587	0
24.4889	0
26.5171	0
28.5435	0
30.5679	0
32.5904	0
34.611	0
36.6297	0
38.6465	0
40.6614	0
42.6744	0
44.6854	0
46.6946	0
48.7018	0
50.7071	0
52.7106	0
54.7121	0
56.7117	0
58.7094	0
60.7052	0
62.6991	0
64.6911	0
66.6812	0
68.6694	1
70.6558	6
72.6402	28
74.6227	45
76.6033	37
78.582	52
80.5588	53
82.5337	51
84.5068	54
86.4779	46
88.4472	49
90.4145	42
92.38	54
94.3436	40
96.3052	58
98.265	51
100.223	46
102.179	45
104.133	63
106.085	53
108.036	39
109.984	50
111.931	59
113.876	44
115.818	44
117.759	70
119.698	53
121.636	46
123.571	60
125.504	55
127.436	54
129.366	52
131.293	55
133.219	54
135.143	51
137.066	56
138.986	65
140.904	64
142.821	47
144.736	56
146.648	46
148.559	54
150.468	52
152.376	60
154.281	70
156.185	63
158.086	68
159.986	75
161.884	82
163.78	108
165.674	113
167.566	104
169.457	75
171.345	68
173.232	49
175.117	50
177	46
178.881	61
180.76	43
182.638	47
184.514	46
186.387	49
188.259	45
190.129	61
191.997	48
193.864	63
195.728	47
197.591	78
199.452	59
201.311	79
203.168	64
205.023	64
206.876	68
208.728	77
210.578	83
212.426	79
214.272	85
216.116	121
217.958	140
219.799	143
221.637	163
223.474	175
225.309	189
227.142	177
228.974	160
230.803	173
232.631	151
234.457	138
236.281	157
238.103	148
239.923	191
241.741	294
243.558	548
245.373	1036
247.186	1590
248.997	2019
250.806	1888
252.614	1358
254.42	693
256.224	272
258.026	116
259.826	75
261.624	88
263.421	81
265.216	73
267.009	59
268.8	66
270.589	54
272.376	63
274.162	91
275.946	63
277.728	101
279.508	131
281.287	278
283.063	412
284.838	497
286.611	357
288.382	273
290.151	219
291.919	202
293.685	133
295.449	92
297.211	59
298.971	61
300.73	40
302.486	46
304.241	39
305.994	38
307.746	55
309.495	35
311.243	36
312.989	37
314.733	36
316.475	39
318.215	50
319.954	42
321.691	45
323.426	50
325.159	42
326.891	38
328.621	34
330.349	39
332.075	41
333.799	45
335.522	42
337.242	31
338.961	34
340.679	46
342.394	39
344.108	35
345.819	52
347.529	38
349.238	36
350.944	41
352.649	38
354.352	38
356.053	47
357.752	46
359.45	26
361.146	26
362.84	44
364.532	39
366.222	25
367.911	39
369.598	34
371.283	45
372.966	36
374.648	29
376.328	38
378.006	37
379.682	29
381.356	43
383.029	40
384.7	34
386.369	30
388.037	32
389.702	35
391.366	49
393.028	27
394.689	39
396.347	47
398.004	27
399.659	44
401.313	38
402.964	38
404.614	29
406.262	50
407.908	37
409.553	38
411.196	39
412.837	39
414.476	32
416.113	35
417.749	34
419.383	34
421.015	34
422.646	34
424.275	37
425.902	36
427.527	27
429.15	38
430.772	30
432.392	27
434.01	33
435.627	28
437.242	27
438.855	34
440.466	26
442.076	27
443.683	29
445.289	27
446.894	37
448.496	31
450.097	41
451.696	34
453.294	38
454.889	40
456.483	26
458.075	20
459.666	25
461.255	29
462.842	26
464.427	41
466.01	34
467.592	47
469.172	27
470.75	42
472.327	34
473.902	26
475.475	35
477.046	30
478.616	35
480.184	42
481.75	39
483.315	44
484.878	35
486.439	39
487.998	26
489.556	35
491.112	39
492.666	33
494.218	43
495.769	27
497.318	29
498.866	36
500.411	40
501.955	29
503.497	42
505.038	42
506.577	30
508.114	31
509.649	41
511.183	35
512.715	40
514.245	34
515.774	32
517.3	40
518.826	35
520.349	29
521.871	28
523.391	29
524.909	39
526.426	39
527.941	42
529.454	47
530.965	23
532.475	35
533.983	35
535.49	40
536.995	39
538.498	30
539.999	44
541.499	38
542.997	31
544.493	37
545.987	37
547.48	30
548.972	36
550.461	41
551.949	39
553.435	29
554.919	44
556.402	33
557.883	52
559.363	40
560.84	37
562.316	36
563.791	42
565.264	38
566.735	40
568.204	56
569.671	57
571.137	54
572.602	56
574.064	47
575.525	30
576.984	30
578.442	34
579.898	37
581.352	30
582.805	51
584.256	37
585.705	38
587.152	34
588.598	30
590.043	35
591.485	31
592.926	36
594.365	38
595.803	28
597.239	33
598.673	37
600.105	32
601.536	47
602.966	34
604.393	34
605.819	34
607.243	52
608.666	36
610.087	30
611.506	37
612.924	33
614.34	33
615.754	26
617.167	44
618.578	26
619.987	31
621.395	39
622.801	34
624.205	33
625.608	31
627.009	39
628.409	39
629.807	39
631.203	32
632.597	44
633.99	43
635.381	44
636.771	40
638.159	45
639.545	49
640.93	36
642.313	37
643.694	38
645.074	37
646.452	43
647.829	31
649.204	36
650.577	43
651.948	40
653.318	35
654.687	43
656.053	37
657.418	29
658.782	34
660.144	47
661.504	38
662.862	37
664.219	27
665.575	27
666.928	41
668.28	31
669.631	30
670.979	33
672.327	36
673.672	33
675.016	36
676.358	35
677.699	43
679.038	27
680.375	23
681.711	38
683.046	38
684.378	37
685.709	40
687.038	34
688.366	41
689.692	32
691.017	39
692.34	38
693.661	37
694.981	26
696.299	22
697.615	24
698.93	45
700.243	42
701.555	21
702.865	31
704.173	32
705.48	28
706.786	35
708.089	33
709.391	30
710.692	27
711.99	28
713.288	33
714.583	32
715.877	38
717.17	22
718.461	25
719.75	41
721.037	29
722.323	30
723.608	33
724.891	27
726.172	30
727.452	34
728.73	25
730.006	34
731.281	42
732.555	41
733.826	30
735.096	29
736.365	39
737.632	21
738.897	37
740.161	30
741.423	27
742.684	38
743.943	34
745.201	27
746.457	24
747.711	42
748.964	31
750.215	32
751.464	27
752.712	31
753.959	35
755.204	23
756.447	24
757.689	35
758.929	29
760.167	29
761.404	36
762.64	36
763.874	32
765.106	31
766.337	41
767.566	34
768.794	33
770.02	20
771.244	42
772.467	37
773.688	30
774.908	29
776.126	24
777.343	34
778.558	36
779.772	26
780.984	37
782.194	32
783.403	30
784.61	35
785.816	23
787.02	34
788.223	34
789.424	39
790.624	38
791.822	45
793.018	27
794.213	29
795.406	36
796.598	30
797.788	26
798.977	41
800.164	42
801.35	38
802.534	23
803.716	29
804.897	41
806.077	40
807.255	29
808.431	48
809.606	43
810.779	28
811.951	31
813.121	28
814.29	29
815.457	34
816.622	30
817.786	30
818.949	27
820.11	41
821.269	38
822.427	40
823.584	32
824.739	35
825.892	35
827.044	25
828.194	29
829.343	31
830.49	28
831.636	29
832.78	36
833.923	31
835.064	32
836.203	37
837.341	34
838.478	30
839.613	30
840.746	20
841.878	36
843.009	29
844.138	40
845.265	27
846.391	39
847.516	30
848.639	28
849.76	40
850.88	37
851.998	36
853.115	26
854.23	30
855.344	29
856.457	38
857.567	37
858.677	35
859.785	38
860.891	27
861.996	36
863.099	24
864.201	40
865.301	40
866.4	32
867.497	39
868.593	27
869.687	29
870.78	28
871.871	23
872.961	31
874.049	36
875.136	34
876.221	30
877.305	35
878.388	25
879.468	39
880.548	41
881.626	37
882.702	33
883.777	34
884.85	35
885.922	45
886.992	38
888.061	30
889.129	38
890.195	32
891.259	39
892.322	37
893.383	34
894.443	44
895.502	31
896.559	27
897.615	24
898.669	34
899.721	35
900.772	33
901.822	29
902.87	31
903.917	32
904.962	47
906.006	32
907.048	37
908.089	28
909.128	22
910.166	37
911.202	51
912.237	33
913.271	31
914.303	42
915.333	31
916.362	30
917.39	30
918.416	35
919.441	37
920.464	40
921.486	31
922.506	36
923.525	40
924.542	41
925.558	34
926.572	40
927.585	31
928.597	42
929.607	37
930.616	45
931.623	33
932.628	41
933.633	37
934.635	40
935.637	26
936.637	46
937.635	32
938.632	33
939.628	25
940.622	39
941.614	31
942.605	35
943.595	36
944.584	21
945.57	32
946.556	38
947.54	31
948.522	32
949.503	40
950.483	29
951.461	38
952.438	42
953.413	40
954.387	37
955.36	30
956.331	30
957.3	23
958.268	32
959.235	38
960.201	16
961.164	42
962.127	24
963.088	41
964.047	24
965.005	27
965.962	29
966.917	40
967.871	28
968.824	35
969.775	39
970.724	31
971.672	28
972.619	36
973.565	29
974.508	26
975.451	16
976.392	29
977.332	50
978.27	31
979.207	34
980.142	34
981.076	28
982.008	29
982.94	32
983.869	36
984.798	32
985.724	35
986.65	28
987.574	33
988.497	26
989.418	30
990.338	30
991.256	29
992.173	29
993.089	38
994.003	36
994.916	32
995.827	41
996.737	31
997.646	27
998.553	34
999.459	28
1000.36	27
1001.27	38
1002.17	50
1003.07	28
1003.97	19
1004.86	36
1005.76	29
1006.65	30
1007.55	33
1008.44	30
1009.33	40
1010.22	22
1011.11	38
1011.99	39
1012.88	36
1013.76	33
1014.64	29
1015.52	29
1016.4	32
1017.28	40
1018.16	35
1019.03	29
1019.91	28
1020.78	29
1021.65	33
1022.52	26
1023.39	29
1024.26	42
1025.12	30
1025.99	31
1026.85	30
1027.71	39
1028.57	31
1029.43	29
1030.29	35
1031.14	38
1032	25
1032.85	36
1033.7	31
1034.55	43
1035.4	28
1036.25	28
1037.09	34
1037.94	27
1038.78	42
1039.62	27
1040.47	31
1041.3	31
1042.14	28
1042.98	27
1043.82	29
1044.65	38
1045.48	21
1046.31	35
1047.14	24
1047.97	39
1048.8	28
1049.62	34
1050.45	25
1051.27	30
1052.09	39
1052.91	31
1053.73	34
1054.55	29
1055.37	34
1056.18	24
1057	33
1057.81	43
1058.62	34
1059.43	43
1060.24	25
1061.04	46
1061.85	29
1062.65	27
1063.46	36
1064.26	22
1065.06	42
1065.86	43
1066.66	31
1067.45	31
1068.25	33
1069.04	33
1069.83	21
1070.62	32
1071.41	34
1072.2	35
1072.99	21
1073.77	34
1074.56	27
1075.34	42
1076.12	30
1076.9	37
1077.68	35
1078.46	22
1079.23	31
1080.01	30
1080.78	44
1081.56	32
1082.33	39
1083.1	40
1083.86	34
1084.63	38
1085.4	37
1086.16	27
1086.92	38
1087.69	39
1088.45	30
1089.2	30
1089.96	36
1090.72	38
1091.47	42
1092.23	36
1092.98	33
1093.73	21
1094.48	30
1095.23	38
1095.98	27
1096.72	29
1097.47	41
1098.21	42
1098.95	29
1099.69	34
1100.43	43
1101.17	26
1101.91	47
1102.64	41
1103.38	46
1104.11	26
1104.84	39
1105.57	52
1106.3	37
1107.03	47
1107.75	46
1108.48	40
1109.2	48
1109.92	34
1110.65	39
1111.37	51
1112.08	42
1112.8	54
1113.52	55
1114.23	52
1114.94	49
1115.66	50
1116.37	40
1117.08	51
1117.79	53
1118.49	56
1119.2	54
1119.9	55
1120.6	41
1121.31	48
1122.01	60
1122.71	44
1123.4	51
1124.1	52
1124.8	57
1125.49	50
1126.18	44
1126.87	47
1127.56	47
1128.25	53
1128.94	64
1129.63	58
1130.31	53
1131	47
1131.68	41
1132.36	45
1133.04	52
1133.72	50
1134.4	55
1135.07	40
1135.75	48
1136.42	53
1137.09	54
1137.76	63
1138.43	68
1139.1	46
1139.77	54
1140.44	57
1141.1	47
1141.76	40
1142.43	57
1143.09	49
1143.75	37
1144.41	53
1145.06	52
1145.72	52
1146.37	40
1147.03	49
1147.68	50
1148.33	47
1148.98	49
1149.63	33
1150.28	52
1150.92	60
1151.57	42
1152.21	47
1152.85	39
1153.49	47
1154.13	56
1154.77	56
1155.41	59
1156.04	53
1156.68	45
1157.31	52
1157.95	42
1158.58	46
1159.21	51
1159.83	51
1160.46	38
1161.09	64
1161.71	52
1162.34	53
1162.96	39
1163.58	40
1164.2	43
1164.82	51
1165.44	54
1166.05	41
1166.67	54
1167.28	50
1167.89	48
1168.5	52
1169.11	41
1169.72	46
1170.33	51
1170.94	46
1171.54	50
1172.14	49
1172.75	35
1173.35	45
1173.95	50
1174.55	48
1175.15	36
1175.74	46
1176.34	46
1176.93	50
1177.52	44
1178.12	33
1178.71	41
1179.3	36
1179.88	43
1180.47	37
1181.06	47
1181.64	46
1182.22	49
1182.81	47
1183.39	34
1183.97	47
1184.54	33
1185.12	49
1185.7	42
1186.27	45
1186.84	38
1187.42	54
1187.99	48
1188.56	58
1189.13	44
1189.69	41
1190.26	40
1190.83	43
1191.39	43
1191.95	47
1192.51	43
1193.07	30
1193.63	40
1194.19	35
1194.75	35
1195.3	32
1195.86	31
1196.41	33
1196.96	31
1197.51	42
1198.06	36
1198.61	35
1199.16	41
1199.7	35
1200.25	43
1200.79	52
1201.33	27
1201.87	35
1202.41	35
1202.95	26
1203.49	33
1204.03	42
1204.56	35
1205.1	40
1205.63	42
1206.16	42
1206.69	34
1207.22	39
1207.75	37
1208.28	37
1208.8	41
1209.33	33
1209.85	44
1210.37	41
1210.89	25
1211.41	37
1211.93	47
1212.45	44
1212.97	24
1213.48	39
1214	37
1214.51	31
1215.02	41
1215.53	41
1216.04	34
1216.55	27
1217.06	32
1217.56	44
1218.07	32
1218.57	37
1219.07	34
1219.57	34
1220.07	38
1220.57	40
1221.07	37
1221.57	38
1222.06	44
1222.56	39
1223.05	28
1223.54	25
1224.03	34
1224.52	39
1225.01	34
1225.5	38
1225.98	32
1226.47	30
1226.95	30
1227.44	38
1227.92	29
1228.4	30
1228.88	27
1229.36	37
1229.83	36
1230.31	46
1230.78	37
1231.26	34
1231.73	45
1232.2	35
1232.67	26
1233.14	34
1233.61	35
1234.08	34
1234.54	29
1235.01	41
1235.47	44
1235.93	32
1236.39	25
1236.85	34
1237.31	31
1237.77	42
1238.23	26
1238.68	38
1239.14	29
1239.59	21
1240.04	40
1240.49	25
1240.94	30
1241.39	33
1241.84	39
1242.28	35
1242.73	26
1243.17	33
1243.62	29
1244.06	23
1244.5	35
1244.94	21
1245.38	30
1245.82	29
1246.25	33
1246.69	31
1247.12	23
1247.55	32
1247.99	44
1248.42	39
1248.85	38
1249.28	24
1249.7	31
1250.13	32
1250.56	31
1250.98	38
1251.4	44
1251.82	27
1252.25	32
1252.66	27
1253.08	37
1253.5	30
1253.92	34
1254.33	36
1254.75	36
1255.16	32
1255.57	34
1255.98	28
1256.39	30
1256.8	23
1257.21	33
1257.62	31
1258.02	30
1258.43	21
1258.83	28
1259.23	33
1259.63	32
1260.03	25
1260.43	27
1260.83	38
1261.23	29
1261.62	33
1262.02	29
1262.41	25
1262.8	34
1263.19	41
1263.58	21
1263.97	18
1264.36	26
1264.75	30
1265.13	27
1265.52	28
1265.9	24
1266.28	33
1266.66	35
1267.05	39
1267.42	27
1267.8	20
1268.18	32
1268.56	34
1268.93	25
1269.31	24
1269.68	31
1270.05	26
1270.42	29
1270.79	26
1271.16	23
1271.53	38
1271.89	32
1272.26	23
1272.62	37
1272.99	38
1273.35	22
1273.71	25
1274.07	22
1274.43	35
1274.79	26
1275.14	30
1275.5	32
1275.85	27
1276.21	26
1276.56	35
1276.91	36
1277.26	26
1277.61	23
1277.96	28
1278.31	34
1278.65	23
1279	20
1279.34	33
1279.69	29
1280.03	23
1280.37	33
1280.71	23
1281.05	33
1281.39	20
1281.72	29
1282.06	28
1282.4	22
1282.73	27
1283.06	26
1283.39	22
1283.72	27
1284.05	35
1284.38	32
1284.71	35
1285.04	32
1285.36	29
1285.69	26
1286.01	25
1286.33	29
1286.65	22
1286.97	27
1287.29	32
1287.61	31
1287.93	30
1288.24	27
1288.56	28
1288.87	25
1289.19	22
1289.5	28
1289.81	29
1290.12	31
1290.43	44
1290.74	27
1291.04	34
1291.35	33
1291.65	25
1291.96	24
1292.26	28
1292.56	26
1292.86	26
1293.16	31
1293.46	34
1293.76	27
1294.06	32
1294.35	19
1294.65	43
1294.94	18
1295.23	26
1295.52	23
1295.81	29
1296.1	28
1296.39	21
1296.68	30
1296.97	34
1297.25	35
1297.54	33
1297.82	27
1298.1	24
1298.38	35
1298.66	20
1298.94	23
1299.22	26
1299.5	20
1299.78	19
1300.05	25
1300.33	35
1300.6	27
1300.87	31
1301.14	32
1301.41	25
1301.68	19
1301.95	32
1302.22	18
1302.49	27
1302.75	40
1303.02	28
1303.28	14
1303.54	35
1303.8	26
1304.06	28
1304.32	28
1304.58	26
1304.84	26
1305.1	20
1305.35	18
1305.61	33
1305.86	26
1306.11	28
1306.36	22
1306.61	22
1306.86	26
1307.11	19
1307.36	29
1307.61	23
1307.85	20
1308.1	19
1308.34	26
1308.59	23
1308.83	18
1309.07	33
1309.31	26
1309.55	28
1309.78	23
1310.02	21
1310.26	24
1310.49	21
1310.73	23
1310.96	36
1311.19	29
1311.42	17
1311.65	26
1311.88	25
1312.11	28
1312.34	30
1312.57	29
1312.79	18
1313.02	29
1313.24	18
1313.46	29
1313.68	20
1313.9	29
1314.12	20
1314.34	26
1314.56	29
1314.78	19
1314.99	22
1315.21	12
1315.42	30
1315.63	24
1315.85	29
1316.06	28
1316.27	24
1316.48	33
1316.68	28
1316.89	30
1317.1	19
1317.3	25
1317.51	27
1317.71	19
1317.91	19
1318.12	26
1318.32	33
1318.52	29
1318.71	31
1318.91	26
1319.11	33
1319.31	21
1319.5	22
1319.69	25
1319.89	36
1320.08	25
1320.27	28
1320.46	23
1320.65	25
1320.84	27
1321.03	28
1321.21	18
1321.4	20
1321.58	25
1321.77	29
1321.95	32
1322.13	17
1322.31	26
1322.49	38
1322.67	15
1322.85	28
1323.03	22
1323.21	22
1323.38	26
1323.56	26
1323.73	22
1323.9	19
1324.07	18
1324.24	17
1324.41	28
1324.58	16
1324.75	21
1324.92	24
1325.09	22
1325.25	22
1325.41	23
1325.58	21
1325.74	29
1325.9	28
1326.06	25
1326.22	30
1326.38	22
1326.54	24
1326.7	32
1326.85	27
1327.01	36
1327.16	23
1327.32	34
1327.47	25
1327.62	27
1327.77	22
1327.92	25
1328.07	22
1328.22	20
1328.37	27
1328.51	25
1328.66	27
1328.8	31
1328.95	27
1329.09	31
1329.23	33
1329.37	21
1329.51	29
1329.65	24
1329.79	24
1329.93	22
1330.07	30
1330.2	26
1330.34	30
1330.47	31
1330.6	27
1330.74	21
1330.87	37
1331	18
1331.13	20
1331.25	39
1331.38	25
1331.51	23
1331.64	21
1331.76	23
1331.88	27
1332.01	21
1332.13	26
1332.25	24
1332.37	29
1332.49	25
1332.61	17
1332.73	17
1332.85	30
1332.96	24
1333.08	29
1333.19	21
1333.31	27
1333.42	24
1333.53	25
1333.64	30
1333.75	25
1333.86	26
1333.97	27
1334.08	16
1334.19	28
1334.29	22
1334.4	24
1334.5	28
1334.6	16
1334.71	21
1334.81	21
1334.91	31
1335.01	23
1335.11	30
1335.21	23
1335.3	22
1335.4	29
1335.5	32
1335.59	32
1335.68	26
1335.78	23
1335.87	22
1335.96	34
1336.05	24
1336.14	25
1336.23	22
1336.32	25
1336.4	24
1336.49	17
1336.58	35
1336.66	15
1336.74	26
1336.83	25
1336.91	23
1336.99	17
1337.07	22
1337.15	31
1337.23	25
1337.31	29
1337.38	27
1337.46	16
1337.54	16
1337.61	22
1337.68	24
1337.76	30
1337.83	26
1337.9	22
1337.97	31
1338.04	23
1338.11	33
1338.18	22
1338.24	18
1338.31	19
1338.38	21
1338.44	17
1338.5	26
1338.57	17
1338.63	24
1338.69	25
1338.75	23
1338.81	29
1338.87	29
1338.93	21
1338.98	28
1339.04	24
1339.1	21
1339.15	29
1339.21	24
1339.26	22
1339.31	21
1339.36	25
1339.41	29
1339.46	30
1339.51	27
1339.56	23
1339.61	23
1339.65	23
1339.7	24
1339.74	21
1339.79	23
1339.83	30
1339.87	15
1339.92	15
1339.96	17
1340	26
1340.04	17
1340.08	29
1340.11	26
1340.15	29
1340.19	25
1340.22	15
1340.26	21
1340.29	24
1340.32	24
1340.36	19
1340.39	30
1340.42	20
1340.45	28
1340.48	18
1340.5	20
1340.53	20
1340.56	23
1340.58	21
1340.61	21
1340.63	34
1340.66	32
1340.68	23
1340.7	34
1340.72	25
1340.74	32
1340.76	28
1340.78	20
1340.8	26
1340.82	28
1340.83	16
1340.85	24
1340.86	23
1340.88	31
1340.89	16
1340.9	43
1340.92	20
1340.93	23
1340.94	32
1340.95	24
1340.96	27
1340.96	31
1340.97	23
1340.98	23
1340.98	25
1340.99	32
1340.99	30
1340.99	24
1341	25
1341	28
1341	29
1341	26
1341	23
1341	16
1341	31
1340.99	26
1340.99	19
1340.99	23
1340.98	30
1340.97	23
1340.97	21
1340.96	28
1340.95	28
1340.94	31
1340.93	29
1340.92	26
1340.91	29
1340.9	30
1340.89	32
1340.88	32
1340.86	32
1340.85	19
1340.83	21
1340.81	29
1340.8	20
1340.78	29
1340.76	27
1340.74	19
1340.72	26
1340.7	20
1340.68	27
1340.66	15
1340.63	20
1340.61	27
1340.58	27
1340.56	31
1340.53	21
1340.51	32
1340.48	25
1340.45	21
1340.42	20
1340.39	26
1340.36	34
1340.33	34
1340.3	27
1340.27	26
1340.23	31
1340.2	22
1340.16	24
1340.13	29
1340.09	20
1340.06	26
1340.02	28
1339.98	19
1339.94	23
1339.9	27
1339.86	24
1339.82	21
1339.78	18
1339.73	24
1339.69	21
1339.65	30
1339.6	21
1339.56	17
1339.51	27
1339.46	29
1339.41	23
1339.37	26
1339.32	28
1339.27	31
1339.22	30
1339.17	17
1339.11	22
1339.06	27
1339.01	26
1338.95	25
1338.9	25
1338.84	21
1338.79	24
1338.73	33
1338.67	26
1338.61	29
1338.55	18
1338.49	19
1338.43	30
1338.37	22
1338.31	25
1338.25	27
1338.18	21
1338.12	21
1338.06	22
1337.99	18
1337.92	24
1337.86	26
1337.79	27
1337.72	27
1337.65	16
1337.58	19
1337.51	27
1337.44	28
1337.37	22
1337.3	25
1337.23	28
1337.15	25
1337.08	18
1337	35
1336.93	25
1336.85	26
1336.77	25
1336.7	18
1336.62	29
1336.54	20
1336.46	25
1336.38	24
1336.3	30
1336.21	41
1336.13	23
1336.05	25
1335.97	26
1335.88	22
1335.8	25
1335.71	20
1335.62	32
1335.54	23
1335.45	25
1335.36	21
1335.27	22
1335.18	16
1335.09	24
1335	20
1334.91	27
1334.81	30
1334.72	28
1334.63	25
1334.53	34
1334.44	26
1334.34	23
1334.24	26
1334.15	25
1334.05	34
1333.95	33
1333.85	31
1333.75	25
1333.65	23
1333.55	21
1333.45	27
1333.35	29
1333.24	26
1333.14	37
1333.04	18
1332.93	22
1332.82	28
1332.72	24
1332.61	21
1332.5	24
1332.4	33
1332.29	25
1332.18	30
1332.07	34
1331.96	27
1331.84	30
1331.73	26
1331.62	25
1331.51	32
1331.39	30
1331.28	40
1331.16	34
1331.05	28
1330.93	19
1330.81	26
1330.69	25
1330.58	26
1330.46	24
1330.34	30
1330.22	16
1330.09	34
1329.97	24
1329.85	31
1329.73	23
1329.6	25
1329.48	32
1329.36	28
1329.23	29
1329.1	24
1328.98	25
1328.85	32
1328.72	28
1328.59	17
1328.46	25
1328.33	31
1328.2	23
1328.07	29
1327.94	26
1327.81	34
1327.68	23
1327.54	24
1327.41	17
1327.27	20
1327.14	23
1327	31
1326.87	35
1326.73	33
1326.59	27
1326.45	27
1326.31	23
1326.17	34
1326.03	21
1325.89	26
1325.75	37
1325.61	35
1325.47	36
1325.32	21
1325.18	39
1325.03	21
1324.89	33
1324.74	21
1324.6	23
1324.45	24
1324.3	18
1324.15	23
1324.01	26
1323.86	30
1323.71	30
1323.56	27
1323.4	34
1323.25	24
1323.1	20
1322.95	22
1322.79	17
1322.64	36
1322.49	22
1322.33	24
1322.18	31
1322.02	23
1321.86	18
1321.7	23
1321.55	25
1321.39	19
1321.23	33
1321.07	24
1320.91	27
1320.75	26
1320.58	29
1320.42	25
1320.26	29
1320.1	23
1319.93	23
1319.77	28
1319.6	22
1319.44	20
1319.27	24
1319.1	31
1318.94	26
1318.77	21
1318.6	22
1318.43	31
1318.26	23
1318.09	29
1317.92	35
1317.75	23
1317.58	33
1317.4	21
1317.23	24
1317.06	25
1316.88	32
1316.71	31
1316.53	25
1316.36	23
1316.18	32
1316	20
1315.83	27
1315.65	27
1315.47	28
1315.29	19
1315.11	26
1314.93	27
1314.75	22
1314.57	26
1314.39	31
1314.2	25
1314.02	21
1313.84	22
1313.65	33
1313.47	22
1313.28	24
1313.1	19
1312.91	24
1312.72	31
1312.54	29
1312.35	13
1312.16	32
1311.97	31
1311.78	35
1311.59	27
1311.4	31
1311.21	31
1311.02	24
1310.82	24
1310.63	27
1310.44	30
1310.24	31
1310.05	22
1309.85	31
1309.66	34
1309.46	25
1309.27	19
1309.07	25
1308.87	20
1308.67	28
1308.47	31
1308.27	29
1308.07	21
1307.87	25
1307.67	22
1307.47	28
1307.27	33
1307.07	25
1306.86	38
1306.66	20
1306.46	32
1306.25	24
1306.05	20
1305.84	31
1305.64	26
1305.43	20
1305.22	32
1305.01	32
1304.81	20
1304.6	25
1304.39	40
1304.18	26
1303.97	35
1303.76	24
1303.55	27
1303.33	30
1303.12	23
1302.91	30
1302.7	30
1302.48	28
1302.27	39
1302.05	23
1301.84	31
1301.62	23
1301.41	23
1301.19	26
1300.97	40
1300.75	37
1300.53	28
1300.32	38
1300.1	29
1299.88	29
1299.66	33
1299.44	21
1299.21	17
1298.99	44
1298.77	31
1298.55	27
1298.32	28
1298.1	25
1297.88	33
1297.65	24
1297.43	27
1297.2	37
1296.97	32
1296.75	31
1296.52	33
1296.29	30
1296.06	36
1295.84	28
1295.61	23
1295.38	30
1295.15	30
1294.92	36
1294.68	24
1294.45	44
1294.22	30
1293.99	27
1293.76	32
1293.52	27
1293.29	30
1293.05	31
1292.82	24
1292.58	30
1292.35	32
1292.11	37
1291.87	26
1291.64	26
1291.4	35
1291.16	26
1290.92	32
1290.68	42
1290.44	24
1290.2	26
1289.96	34
1289.72	33
1289.48	28
1289.24	27
1289	29
1288.75	30
1288.51	25
1288.27	20
1288.02	24
1287.78	42
1287.53	31
1287.29	25
1287.04	36
1286.79	31
1286.55	40
1286.3	25
1286.05	26
1285.8	26
1285.55	33
1285.31	38
1285.06	38
1284.81	38
1284.56	21
1284.3	34
1284.05	25
1283.8	33
1283.55	42
1283.3	28
1283.04	26
1282.79	50
1282.53	30
1282.28	45
1282.02	31
1281.77	28
1281.51	36
1281.26	26
1281	26
1280.74	28
1280.49	29
1280.23	35
1279.97	37
1279.71	29
1279.45	44
1279.19	29
1278.93	24
1278.67	21
1278.41	37
1278.15	29
1277.89	24
1277.62	38
1277.36	39
1277.1	37
1276.83	40
1276.57	27
1276.3	30
1276.04	26
1275.77	39
1275.51	33
1275.24	32
1274.98	41
1274.71	38
1274.44	30
1274.17	33
1273.9	38
1273.64	37
1273.37	38
1273.1	29
1272.83	28
1272.56	40
1272.29	32
1272.01	28
1271.74	41
1271.47	42
1271.2	43
1270.93	35
1270.65	44
1270.38	38
1270.1	39
1269.83	35
1269.56	36
1269.28	36
1269	23
1268.73	32
1268.45	38
1268.17	32
1267.9	32
1267.62	31
1267.34	41
1267.06	46
1266.78	35
1266.5	42
1266.22	28
1265.94	39
1265.66	35
1265.38	29
1265.1	34
1264.82	32
1264.54	27
1264.26	56
1263.97	45
1263.69	41
1263.41	27
1263.12	40
1262.84	45
1262.55	31
1262.27	38
1261.98	39
1261.7	49
1261.41	35
1261.12	40
1260.84	37
1260.55	31
1260.26	39
1259.97	43
1259.68	35
1259.39	36
1259.11	29
1258.82	41
1258.53	39
1258.24	34
1257.94	26
1257.65	30
1257.36	45
1257.07	44
1256.78	30
1256.48	41
1256.19	33
1255.9	43
1255.6	27
1255.31	37
1255.02	35
1254.72	37
1254.43	30
1254.13	46
1253.83	41
1253.54	35
1253.24	48
1252.94	47
1252.65	36
1252.35	43
1252.05	37
1251.75	41
1251.45	34
1251.15	35
1250.85	40
1250.55	37
1250.25	46
1249.95	43
1249.65	37
1249.35	52
1249.05	52
1248.75	40
1248.44	40
1248.14	35
1247.84	48
1247.53	39
1247.23	39
1246.93	47
1246.62	32
1246.32	51
1246.01	40
1245.71	55
1245.4	49
1245.09	40
1244.79	44
1244.48	45
1244.17	35
1243.87	40
1243.56	43
1243.25	34
1242.94	46
1242.63	44
1242.32	51
1242.01	38
1241.7	60
1241.39	44
1241.08	41
1240.77	43
1240.46	44
1240.15	43
1239.84	26
1239.52	47
1239.21	47
1238.9	49
1238.59	58
1238.27	45
1237.96	39
1237.64	52
1237.33	40
1237.01	41
1236.7	42
1236.38	49
1236.07	45
1235.75	36
1235.44	47
1235.12	49
1234.8	31
1234.48	42
1234.17	48
1233.85	55
1233.53	57
1233.21	51
1232.89	47
1232.57	59
1232.25	44
1231.93	27
1231.61	53
1231.29	36
1230.97	33
1230.65	52
1230.33	39
1230.01	55
1229.69	44
1229.36	46
1229.04	42
1228.72	37
1228.39	43
1228.07	43
1227.75	45
1227.42	48
1227.1	43
1226.77	47
1226.45	38
1226.12	54
1225.8	37
1225.47	40
1225.15	37
1224.82	43
1224.49	48
1224.17	49
1223.84	45
1223.51	52
1223.18	48
1222.85	46
1222.53	46
1222.2	37
1221.87	42
1221.54	37
1221.21	49
1220.88	47
1220.55	43
1220.22	46
1219.89	44
1219.56	37
1219.22	41
1218.89	37
1218.56	46
1218.23	30
1217.9	35
1217.56	35
1217.23	41
1216.9	32
1216.56	35
1216.23	29
1215.9	33
1215.56	34
1215.23	35
1214.89	34
1214.56	30
1214.22	31
1213.89	25
1213.55	27
1213.21	20
1212.88	28
1212.54	26
1212.2	18
1211.87	25
1211.53	26
1211.19	30
1210.85	23
1210.51	21
1210.18	23
1209.84	29
1209.5	38
1209.16	31
1208.82	16
1208.48	28
1208.14	23
1207.8	26
1207.46	20
1207.12	20
1206.77	34
1206.43	25
1206.09	23
1205.75	16
1205.41	17
1205.06	23
1204.72	17
1204.38	20
1204.04	22
1203.69	25
1203.35	21
1203.01	23
1202.66	21
1202.32	18
1201.97	27
1201.63	20
1201.28	27
1200.94	32
1200.59	26
1200.25	17
1199.9	9
1199.55	20
1199.21	21
1198.86	23
1198.51	26
1198.17	20
1197.82	17
1197.47	18
1197.12	19
1196.77	23
1196.43	17
1196.08	19
1195.73	13
1195.38	14
1195.03	24
1194.68	19
1194.33	20
1193.98	18
1193.63	20
1193.28	24
1192.93	15
1192.58	21
1192.23	22
1191.88	17
1191.53	26
1191.17	33
1190.82	21
1190.47	13
1190.12	19
1189.76	17
1189.41	25
1189.06	12
1188.71	17
1188.35	23
1188	23
1187.64	15
1187.29	26
1186.94	17
1186.58	26
1186.23	17
1185.87	32
1185.52	12
1185.16	19
1184.81	16
1184.45	13
1184.09	14
1183.74	19
1183.38	13
1183.03	19
1182.67	21
1182.31	16
1181.95	8
1181.6	20
1181.24	16
1180.88	9
1180.52	17
1180.17	16
1179.81	10
1179.45	13
1179.09	19
1178.73	18
1178.37	14
1178.01	13
1177.65	17
1177.3	11
1176.94	11
1176.58	12
1176.22	12
1175.85	24
1175.49	23
1175.13	15
1174.77	15
1174.41	13
1174.05	16
1173.69	11
1173.33	16
1172.97	19
1172.6	26
1172.24	17
1171.88	18
1171.52	12
1171.15	20
1170.79	8
1170.43	16
1170.06	22
1169.7	19
1169.34	24
1168.97	17
1168.61	15
1168.25	17
1167.88	13
1167.52	11
1167.15	19
1166.79	20
1166.42	12
1166.06	24
1165.69	15
1165.33	12
1164.96	13
1164.6	22
1164.23	11
1163.86	14
1163.5	13
1163.13	18
1162.77	10
1162.4	18
1162.03	18
1161.67	22
1161.3	16
1160.93	14
1160.56	15
1160.2	20
1159.83	10
1159.46	13
1159.09	15
1158.72	16
1158.36	15
1157.99	16
1157.62	18
1157.25	14
1156.88	15
1156.51	15
1156.14	7
1155.77	15
1155.4	10
1155.03	20
1154.67	10
1154.3	20
1153.93	12
1153.55	16
1153.18	20
1152.81	13
1152.44	13
1152.07	14
1151.7	15
1151.33	12
1150.96	14
1150.59	14
1150.22	12
1149.85	10
1149.47	10
1149.1	10
1148.73	15
1148.36	15
1147.99	15
1147.61	14
1147.24	14
1146.87	12
1146.5	14
1146.12	15
1145.75	18
1145.38	13
1145	5
1144.63	16
1144.26	15
1143.88	12
1143.51	16
1143.14	14
1142.76	22
1142.39	10
1142.02	16
1141.64	10
1141.27	15
1140.89	10
1140.52	11
1140.14	11
1139.77	11
1139.39	10
1139.02	14
1138.64	9
1138.27	7
1137.89	11
1137.52	10
1137.14	12
1136.77	13
1136.39	12
1136.02	7
1135.64	5
1135.26	13
1134.89	13
1134.51	6
1134.13	11
1133.76	7
1133.38	12
1133.01	13
1132.63	12
1132.25	11
1131.87	4
1131.5	12
1131.12	9
1130.74	11
1130.37	10
1129.99	15
1129.61	11
1129.23	13
1128.86	9
1128.48	9
1128.1	11
1127.72	8
1127.35	7
1126.97	8
1126.59	11
1126.21	17
1125.83	11
1125.45	11
1125.08	13
1124.7	11
1124.32	7
1123.94	11
1123.56	10
1123.18	8
1122.8	11
1122.42	10
1122.05	7
1121.67	7
1121.29	10
1120.91	11
1120.53	10
1120.15	13
1119.77	5
1119.39	10
1119.01	11
1118.63	13
1118.25	5
1117.87	9
1117.49	8
1117.11	10
1116.73	8
1116.35	12
1115.97	14
1115.59	8
1115.21	9
1114.83	9
1114.45	10
1114.07	7
1113.69	9
1113.31	7
1112.93	8
1112.55	5
1112.17	10
1111.79	6
1111.4	7
1111.02	13
1110.64	10
1110.26	7
1109.88	8
1109.5	4
1109.12	7
1108.74	7
1108.36	9
1107.97	8
1107.59	10
1107.21	5
1106.83	9
1106.45	8
1106.07	8
1105.69	9
1105.3	4
1104.92	9
1104.54	8
1104.16	8
1103.78	9
1103.4	5
1103.01	9
1102.63	7
1102.25	7
1101.87	8
1101.49	11
1101.1	5
1100.72	8
1100.34	10
1099.96	6
1099.58	11
1099.19	8
1098.81	6
1098.43	8
1098.05	6
1097.67	6
1097.28	6
1096.9	7
1096.52	4
1096.14	6
1095.75	5
1095.37	6
1094.99	5
1094.61	4
1094.22	6
1093.84	6
1093.46	9
1093.08	9
1092.69	8
1092.31	6
1091.93	6
1091.55	6
1091.16	8
1090.78	4
1090.4	12
1090.02	10
1089.63	7
1089.25	4
1088.87	5
1088.49	3
1088.1	7
1087.72	4
1087.34	3
1086.96	7
1086.57	6
1086.19	6
1085.81	5
1085.43	4
1085.04	6
1084.66	6
1084.28	5
1083.89	5
1083.51	9
1083.13	9
1082.75	6
1082.36	7
1081.98	8
1081.6	8
1081.22	0
1080.83	3
1080.45	5
1080.07	6
1079.69	2
1079.3	6
1078.92	6
1078.54	4
1078.16	4
1077.77	4
1077.39	5
1077.01	3
1076.63	3
1076.24	4
1075.86	7
1075.48	5
1075.1	7
1074.71	5
1074.33	5
1073.95	4
1073.57	3
1073.18	2
1072.8	6
1072.42	3
1072.04	3
1071.66	2
1071.27	2
1070.89	9
1070.51	5
1070.13	5
1069.74	2
1069.36	4
1068.98	4
1068.6	6
1068.22	5
1067.84	5
1067.45	4
1067.07	6
1066.69	7
1066.31	6
1065.93	1
1065.54	7
1065.16	2
1064.78	8
1064.4	4
1064.02	5
1063.64	7
1063.26	4
1062.87	4
1062.49	3
1062.11	7
1061.73	6
1061.35	5
1060.97	4
1060.59	7
1060.21	4
1059.82	3
1059.44	3
1059.06	4
1058.68	6
1058.3	3
1057.92	10
1057.54	7
1057.16	4
1056.78	2
1056.4	9
1056.02	4
1055.64	2
1055.26	2
1054.88	12
1054.5	4
1054.12	7
1053.74	7
1053.36	2
1052.98	3
1052.6	5
1052.22	7
1051.84	5
1051.46	4
1051.08	2
1050.7	3
1050.32	7
1049.94	4
1049.56	7
1049.18	3
1048.8	6
1048.42	5
1048.04	4
1047.66	5
1047.28	4
1046.91	1
1046.53	5
1046.15	2
1045.77	7
1045.39	4
1045.01	2
1044.63	8
1044.26	2
1043.88	6
1043.5	4
1043.12	3
1042.74	2
1042.37	3
1041.99	5
1041.61	3
1041.23	1
1040.85	2
1040.48	2
1040.1	5
1039.72	5
1039.35	8
1038.97	4
1038.59	1
1038.21	9
1037.84	3
1037.46	7
1037.08	4
1036.71	5
1036.33	3
1035.96	4
1035.58	4
1035.2	5
1034.83	3
1034.45	5
1034.07	6
1033.7	3
1033.32	4
1032.95	3
1032.57	0
1032.2	5
1031.82	0
1031.45	4
1031.07	4
1030.7	2
1030.32	4
1029.95	4
1029.57	3
1029.2	6
1028.82	4
1028.45	5
1028.08	3
1027.7	4
1027.33	3
1026.95	1
1026.58	4
1026.21	4
1025.83	3
1025.46	6
1025.09	2
1024.71	6
1024.34	5
1023.97	2
1023.6	2
1023.22	4
1022.85	4
1022.48	4
1022.11	6
1021.73	8
1021.36	3
1020.99	3
1020.62	4
1020.25	1
1019.88	0
1019.5	6
1019.13	3
1018.76	3
1018.39	4
1018.02	4
1017.65	6
1017.28	7
1016.91	3
1016.54	2
1016.17	4
1015.8	4
1015.43	5
1015.06	8
1014.69	3
1014.32	10
1013.95	4
1013.58	4
1013.21	1
1012.84	3
1012.48	3
1012.11	8
1011.74	4
1011.37	1
1011	1
1010.64	2
1010.27	2
1009.9	4
1009.53	4
1009.17	2
1008.8	0
1008.43	2
1008.06	1
1007.7	4
1007.33	4
1006.96	2
1006.6	2
1006.23	3
1005.87	3
1005.5	5
1005.14	1
1004.77	3
1004.4	4
1004.04	4
1003.67	7
1003.31	0
1002.95	4
1002.58	2
1002.22	0
1001.85	3
1001.49	2
1001.12	3
1000.76	4
1000.4	3
1000.03	5
999.671	2
999.309	7
998.946	2
998.583	1
998.221	2
997.859	1
997.497	3
997.135	2
996.773	5
996.412	6
996.05	2
995.689	6
995.328	2
994.968	1
994.607	3
994.247	2
993.886	3
993.526	0
993.167	2
992.807	4
992.447	3
992.088	3
991.729	3
991.37	3
991.012	2
990.653	1
990.295	1
989.937	2
989.579	0
989.221	4
988.863	4
988.506	4
988.149	5
987.792	1
987.435	0
987.079	4
986.722	2
986.366	3
986.01	3
985.654	4
985.299	1
984.943	0
984.588	5
984.233	5
983.879	3
983.524	5
983.17	4
982.816	3
982.462	0
982.108	3
981.755	2
981.401	1
981.048	6
980.695	4
980.343	4
979.99	3
979.638	2
979.286	2
978.934	5
978.583	1
978.232	1
977.88	1
977.529	2
977.179	3
976.828	1
976.478	2
976.128	1
975.778	2
975.429	3
975.079	7
974.73	3
974.381	3
974.033	5
973.684	3
973.336	4
972.988	4
972.64	2
972.293	2
971.946	3
971.599	0
971.252	2
970.905	6
970.559	5
970.213	6
969.867	2
969.521	1
969.176	1
968.831	2
968.486	2
968.141	3
967.797	2
967.452	2
967.108	3
966.765	3
966.421	1
966.078	5
965.735	4
965.392	1
965.05	2
964.707	2
964.365	4
964.024	1
963.682	4
963.341	4
963	3
962.659	2
962.319	2
961.978	1
961.639	2
961.299	1
960.959	2
960.62	2
960.281	2
959.942	2
959.604	2
959.266	0
958.928	2
958.59	4
958.253	5
957.916	5
957.579	1
957.242	3
956.906	2
956.57	5
956.234	6
955.898	1
955.563	2
955.228	5
954.893	2
954.559	1
954.225	4
953.891	3
953.557	2
953.224	2
952.891	3
952.558	0
952.225	1
951.893	4
951.561	1
951.229	1
950.898	4
950.567	5
950.236	2
949.905	0
949.575	0
949.245	3
948.915	2
948.586	1
948.257	2
947.928	1
947.599	5
947.271	2
946.943	3
946.615	0
946.288	1
945.96	1
945.634	4
945.307	3
944.981	6
944.655	7
944.329	5
944.004	4
943.678	5
943.354	5
943.029	1
942.705	1
942.381	4
942.057	3
941.734	4
941.411	1
941.088	4
940.766	2
940.444	3
940.122	3
939.8	3
939.479	2
939.158	2
938.838	1
938.518	2
938.198	4
937.878	2
937.559	4
937.24	6
936.921	2
936.602	1
936.284	1
935.966	4
935.649	2
935.332	4
935.015	3
934.698	1
934.382	3
934.066	3
933.751	2
933.436	1
933.121	3
932.806	4
932.492	3
932.178	1
931.864	4
931.551	3
931.238	3
930.925	2
930.613	2
930.301	2
929.989	2
929.678	2
929.367	5
929.056	2
928.746	3
928.436	1
928.126	2
927.817	5
927.508	2
927.199	3
926.891	1
926.583	3
926.275	0
925.967	5
925.66	2
925.354	4
925.047	4
924.742	5
924.436	3
924.131	4
923.826	4
923.521	1
923.217	1
922.913	2
922.609	3
922.306	0
922.003	4
921.701	2
921.398	3
921.097	3
920.795	0
920.494	5
920.193	9
919.893	5
919.593	7
919.293	16
918.994	32
918.695	61
918.396	130
918.098	256
917.8	527
917.502	887
917.205	1459
916.908	2007
916.612	2625
916.316	2879
916.02	2688
915.724	2183
915.429	1593
915.135	961
914.84	554
914.546	233
914.253	113
913.96	33
913.667	16
913.374	4
913.082	5
912.791	5
912.499	2
912.208	0
911.918	0
911.628	0
911.338	0
911.048	0
910.759	3
910.47	1
910.182	0
909.894	2
909.607	1
909.319	2
909.033	0
908.746	0
908.46	1
908.174	3
907.889	1
907.604	4
907.32	1
907.036	2
906.752	0
906.469	0
906.186	2
905.903	0
905.621	2
905.339	1
905.058	1
904.777	2
904.496	3
904.216	1
903.936	0
903.657	2
903.378	4
903.099	0
902.821	0
902.543	0
902.266	1
901.989	1
901.712	0
901.436	0
901.16	1
900.884	3
900.609	1
900.335	0
900.061	3
899.787	1
899.513	0
899.241	0
898.968	2
898.696	0
898.424	0
898.153	0
897.882	0
897.611	1
897.341	2
897.071	0
896.802	2
896.533	1
896.265	1
895.997	1
895.729	1
895.462	4
895.195	2
894.929	1
894.663	1
894.398	0
894.133	2
893.868	1
893.604	0
893.34	0
893.076	2
892.814	2
892.551	1
892.289	1
892.027	0
891.766	1
891.505	0
891.245	2
890.985	0
890.725	1
890.466	1
890.208	1
889.949	0
889.692	1
889.434	3
889.177	2
888.921	1
888.665	1
888.409	1
888.154	2
887.899	0
887.645	0
887.391	0
887.138	0
886.885	0
886.633	0
886.381	0
886.129	2
885.878	2
885.627	1
885.377	1
885.127	1
884.878	0
884.629	2
884.38	2
884.132	2
883.885	2
883.638	1
883.391	0
883.145	1
882.899	0
882.654	2
882.409	1
882.165	0
881.921	0
881.677	3
881.434	1
881.192	2
880.95	2
880.708	0
880.467	1
880.226	2
879.986	1
879.747	0
879.507	0
879.268	0
879.03	2
878.792	0
878.555	3
878.318	1
878.082	2
877.846	2
877.61	0
877.375	0
877.141	1
876.906	0
876.673	0
876.44	1
876.207	0
875.975	0
875.743	0
875.512	1
875.281	1
875.051	0
874.821	0
874.592	1
874.363	1
874.135	2
873.907	0
873.68	0
873.453	1
873.226	0
873.001	1
872.775	0
872.55	1
872.326	0
872.102	1
871.879	0
871.656	1
871.433	0
871.211	0
870.99	0
870.769	1
870.548	1
870.328	0
870.109	0
869.89	1
869.671	0
869.454	0
869.236	0
869.019	0
868.803	0
868.587	0
868.371	0
868.156	0
867.942	0
867.728	1
867.514	0
867.302	0
867.089	1
866.877	1
866.666	1
866.455	0
866.245	0
866.035	2
865.825	0
865.616	0
865.408	1
865.2	1
864.993	0
864.786	0
864.58	0
864.374	1
864.169	1
863.964	0
863.76	0
863.557	0
863.353	0
863.151	0
862.949	1
862.747	2
862.546	0
862.346	1
862.146	1
861.946	1
861.747	0
861.549	0
861.351	0
861.154	1
860.957	1
860.761	2
860.565	1
860.37	0
860.175	1
859.981	0
859.787	4
859.594	1
859.402	0
859.21	0
859.018	0
858.827	0
858.637	0
858.447	0
858.258	1
858.069	1
857.881	0
857.693	0
857.506	0
857.32	1
857.134	0
856.948	0
856.763	1
856.579	1
856.395	0
856.212	0
856.029	1
855.847	0
855.665	0
855.484	2
855.304	0
855.124	1
854.944	0
854.766	1
854.587	2
854.41	0
854.232	0
854.056	0
853.88	1
853.704	1
853.529	0
853.355	1
853.181	1
853.008	0
852.835	1
852.663	2
852.492	1
852.321	0
852.15	1
851.981	0
851.811	0
851.643	0
851.475	0
851.307	0
851.14	0
850.974	0
850.808	0
850.643	0
850.478	0
850.314	1
850.15	0
849.987	1
849.825	1
849.663	0
849.502	1
849.341	0
849.181	0
849.022	2
848.863	0
848.705	0
848.547	1
848.39	0
848.233	1
848.077	0
847.922	0
847.767	0
847.613	0
847.459	2
847.306	0
847.154	0
847.002	0
846.851	1
846.7	0
846.55	2
846.401	0
846.252	0
846.104	1
845.956	0
845.809	0
845.663	1
845.517	0
845.372	0
845.227	0
845.083	2
844.939	0
844.797	0
844.654	1
844.513	0
844.372	0
844.231	1
844.091	0
843.952	0
843.814	1
843.676	0
843.538	1
843.401	2
843.265	1
843.13	0
842.995	1
842.861	1
842.727	0
842.594	0
842.461	0
842.329	1
842.198	0
842.068	0
841.938	0
841.808	1
841.68	0
841.551	0
841.424	1
841.297	0
841.171	1
841.045	1
840.92	0
840.796	0
840.672	1
840.549	0
840.426	0
840.305	0
840.183	1
840.063	0
839.943	0
839.823	1
839.705	0
839.587	1
839.469	1
839.352	0
839.236	0
839.121	0
839.006	0
838.892	0
838.778	0
838.665	0
838.553	2
838.441	0
838.33	0
838.22	2
838.11	0
838.001	0
837.892	0
837.785	0
837.677	0
837.571	0
837.465	0
837.36	0
837.255	0
837.151	0
837.048	2
836.945	0
836.843	1
836.742	0
836.641	0
836.541	0
836.442	0
836.343	0
836.245	0
836.148	0
836.051	0
835.955	0
835.86	0
835.765	0
835.671	1
835.578	0
835.485	0
835.393	0
835.301	0
835.211	0
835.121	2
835.031	0
834.943	2
834.854	0
834.767	0
834.68	0
834.594	0
834.509	0
834.424	0
834.34	0
834.257	1
834.174	0
834.092	1
834.011	0
833.93	0
833.85	0
833.771	0
833.692	1
833.614	0
833.537	1
833.46	0
833.384	1
833.309	1
833.235	0
833.161	0
833.088	0
833.015	1
832.944	1
832.872	0
832.802	0
832.732	0
832.663	0
832.595	0
832.527	0
832.46	0
832.394	1
832.329	1
832.264	0
832.2	0
832.136	0
832.073	0
832.011	1
831.95	0
831.889	2
831.829	1
831.77	0
831.711	1
831.653	0
831.596	0
831.54	0
831.484	1
831.429	0
831.375	0
831.321	2
831.268	0
831.216	0
831.164	0
831.114	1
831.064	0
831.014	1
830.965	0
830.918	0
830.87	0
830.824	0
830.778	0
830.733	0
830.688	0
830.645	1
830.602	0
830.56	0
830.518	0
830.477	1
830.437	0
830.398	0
830.359	1
830.322	0
830.284	0
830.248	0
830.212	0
830.177	0
830.143	0
830.109	1
830.077	0
830.045	0
830.013	3
829.983	0
829.953	1
829.924	1
829.895	0
829.868	1
829.841	0
829.814	0
829.789	0
829.764	1
829.74	0
829.717	2
829.695	0
829.673	1
829.652	0
829.631	0
829.612	0
829.593	0
829.575	1
829.558	0
829.541	0
829.525	0
829.51	0
829.496	0
829.482	1
829.47	0
829.458	0
829.446	0
829.436	1
829.426	0
829.417	0
829.409	0
829.401	0
829.394	0
829.388	0
829.383	0
829.378	0
829.375	0
829.372	0
829.369	0
829.368	0
829.367	1
829.367	0
829.368	1
829.37	0
829.372	0
829.375	0
829.379	0
829.384	0
829.389	1
829.395	0
829.402	1
829.41	0
829.418	0
829.428	0
829.438	0
829.448	0
829.46	1
829.472	0
829.486	0
829.499	0
829.514	1
829.53	1
829.546	0
829.563	0
829.581	0
829.599	0
829.619	0
829.639	0
829.66	0
829.681	0
829.704	0
829.727	0
829.751	0
829.776	0
829.802	0
829.828	1
829.855	1
829.883	0
829.912	1
829.942	0
829.972	0
830.003	0
830.035	1
830.068	0
830.102	0
830.136	0
830.171	1
830.207	0
830.244	0
830.282	0
830.32	0
830.359	0
830.399	1
830.44	0
830.481	0
830.524	0
830.567	1
830.611	0
830.656	0
830.701	0
830.748	0
830.795	0
830.843	1
830.892	0
830.941	0
830.992	0
831.043	0
831.095	0
831.148	0
831.202	0
831.256	0
831.312	1
831.368	0
831.425	0
831.483	1
831.541	0
831.601	0
831.661	1
831.722	0
831.784	0
831.847	0
831.91	0
831.974	0
832.04	0
832.106	0
832.173	0
832.24	1
832.309	0
832.378	0
832.448	0
832.519	0
832.591	0
832.664	1
832.737	0
832.811	0
832.887	0
832.963	0
833.039	0
833.117	0
833.196	0
833.275	0
833.355	1
833.436	0
833.518	0
833.601	1
833.684	1
833.769	0
833.854	0
833.94	0
834.027	0
834.115	0
834.203	0
834.293	0
834.383	0
834.474	0
834.566	0
834.659	0
834.753	0
834.847	0
834.943	0
835.039	0
835.136	0
835.234	0
835.333	0
835.432	1
835.533	0
835.634	1
835.737	0
835.84	0
835.944	0
836.049	0
836.154	0
836.261	0
836.368	1
836.477	0
836.586	0
836.696	0
836.807	0
836.918	1
837.031	0
837.144	0
837.259	0
837.374	0
837.49	0
837.607	0
837.725	0
837.844	2
837.963	0
838.084	0
838.205	0
838.327	1
838.45	0
838.574	0
838.699	0
838.825	1
838.951	0
839.079	0
839.207	0
839.337	0
839.467	1
839.598	0
839.73	0
839.862	0
839.996	0
840.131	0
840.266	0
840.402	1
840.54	0
840.678	0
840.817	1
840.957	0
841.098	0
841.239	0
841.382	0
841.525	0
841.67	0
841.815	0
841.961	1
842.108	0
842.256	0
842.405	0
842.555	0
842.705	0
842.857	1
843.009	0
843.163	0
843.317	1
843.472	0
843.628	1
843.785	0
843.943	0
844.102	0
844.262	0
844.422	0
844.584	0
844.746	0
844.91	0
845.074	1
845.239	0
845.405	1
845.572	0
845.74	0
845.909	0
846.078	0
846.249	1
846.421	0
846.593	0
846.767	0
846.941	1
847.116	0
847.292	0
847.47	0
847.648	0
847.827	0
848.006	0
848.187	0
848.369	0
848.552	0
848.735	0
848.92	1
849.105	0
849.291	0
849.479	0
849.667	0
849.856	0
850.046	0
850.237	0
850.429	0
850.622	0
850.816	0
851.011	0
851.207	0
851.403	1
851.601	0
851.799	1
851.999	0
852.199	0
852.401	0
852.603	1
852.806	0
853.01	0
853.215	0
853.422	0
853.629	2
853.837	0
854.045	0
854.255	0
854.466	0
854.678	0
854.891	0
855.104	0
855.319	1
855.535	0
855.751	0
855.969	0
856.187	0
856.406	0
856.627	0
856.848	0
857.07	0
857.294	1
857.518	0
857.743	0
857.969	0
858.196	0
858.424	0
858.653	0
858.883	0
859.114	0
859.346	1
859.579	0
859.813	0
860.048	0
860.284	0
860.52	1
860.758	0
860.997	0
861.237	0
861.477	0
861.719	0
861.961	0
862.205	0
862.45	1
862.695	0
862.942	0
863.189	0
863.438	0
863.687	0
863.937	0
864.189	0
864.441	0
864.695	0
864.949	0
865.204	1
865.461	0
865.718	0
865.976	1
866.236	0
866.496	0
866.757	1
867.019	1
867.283	0
867.547	1
867.812	1
868.078	1
868.346	0
868.614	0
868.883	0
869.153	0
869.425	0
869.697	1
869.97	0
870.244	1
870.519	0
870.796	0
871.073	0
871.351	0
871.63	0
871.91	0
872.192	0
872.474	0
872.757	0
873.041	0
873.327	0
873.613	0
873.9	0
874.189	0
874.478	0
874.768	0
875.059	0
875.352	0
875.645	0
875.939	0
876.235	0
876.531	0
876.829	0
877.127	0
877.427	0
877.727	0
878.028	0
878.331	0
878.635	0
878.939	0
879.245	0
879.551	0
879.859	1
880.168	0
880.477	0
880.788	0
881.1	1
881.412	0
881.726	0
882.041	0
882.357	0
882.674	0
882.992	0
883.311	0
883.631	0
883.952	0
884.274	0
884.597	0
884.921	0
885.246	0
885.572	1
885.899	0
886.228	0
886.557	0
886.887	0
887.219	0
887.551	0
887.885	0
888.219	0
888.555	1
888.891	0
889.229	0
889.568	0
889.908	0
890.248	0
890.59	0
890.933	0
891.277	0
891.622	0
891.968	0
892.315	0
892.663	0
893.013	2
893.363	0
893.714	0
894.067	0
894.42	0
894.775	0
895.13	0
895.487	0
895.845	0
896.203	0
896.563	0
896.924	0
897.286	1
897.649	0
898.013	0
898.378	0
898.744	0
899.112	0
899.48	0
899.85	0
900.22	0
900.592	0
900.964	0
901.338	0
901.713	0
902.089	0
902.466	0
902.844	0
903.223	0
903.603	0
903.984	0
904.366	0
904.75	0
905.134	0
905.52	1
905.906	0
906.294	0
906.683	1
907.073	0
907.464	0
907.856	0
908.249	0
908.643	0
909.039	1
909.435	1
909.832	1
910.231	0
910.631	0
911.031	1
911.433	0
911.836	1
912.24	0
912.645	0
913.052	0
913.459	0
913.867	0
914.277	0
914.688	0
915.099	0
915.512	0
915.926	0
916.341	0
916.757	0
917.175	0
917.593	0
918.012	0
918.433	0
918.854	1
919.277	0
919.701	0
920.126	0
920.552	1
920.979	0
921.408	0
921.837	0
922.268	0
922.699	1
923.132	0
923.566	0
924.001	1
924.437	0
924.874	0
925.313	1
925.752	1
926.193	0
926.634	0
927.077	0
927.521	0
927.966	0
928.412	1
928.86	0
929.308	0
929.758	0
930.208	0
930.66	0
931.113	1
931.567	0
932.022	0
932.479	0
932.936	0
933.395	0
933.854	0
934.315	1
934.777	0
935.24	0
935.704	0
936.17	0
936.636	0
937.104	0
937.573	0
938.043	0
938.514	1
938.986	0
939.459	1
939.934	0
940.41	0
940.886	0
941.364	0
941.843	0
942.324	0
942.805	0
943.287	2
943.771	0
944.256	0
944.742	0
945.229	0
945.717	0
946.207	0
946.697	0
947.189	0
947.682	0
948.176	0
948.671	1
949.167	0
949.665	1
950.163	0
950.663	0
951.164	0
951.666	1
952.17	0
952.674	0
953.18	0
953.686	0
954.194	0
954.704	0
955.214	0
955.725	0
956.238	0
956.752	0
957.267	0
957.783	0
958.3	0
958.818	0
959.338	0
959.859	0
960.381	0
960.904	0
961.428	0
961.954	1
962.48	0
963.008	0
963.537	0
964.067	0
964.599	0
965.131	0
965.665	0
966.2	0
966.736	1
967.273	0
967.812	0
968.352	1
968.892	0
969.434	0
969.978	0
970.522	0
971.068	0
971.614	1
972.162	1
972.712	1
973.262	1
973.813	0
974.366	0
974.92	1
975.475	0
976.032	1
976.589	0
977.148	0
977.708	0
978.269	0
978.831	0
979.395	0
979.959	0
980.525	0
981.092	0
981.661	0
982.23	0
982.801	1
983.373	0
983.946	0
984.52	0
985.096	0
985.672	0
986.25	1
986.83	0
987.41	0
987.992	0
988.574	1
989.158	0
989.744	0
990.33	0
990.918	0
991.507	0
992.097	0
992.688	0
993.28	0
993.874	0
994.469	0
995.065	0
995.663	0
996.261	0
996.861	0
997.462	0
998.065	0
998.668	0
999.273	0
999.879	0
1000.49	0
1001.09	0
1001.7	0
1002.31	0
1002.93	0
1003.54	0
1004.16	0
1004.77	0
1005.39	1
1006.01	0
1006.63	0
1007.25	0
1007.87	0
1008.49	0
1009.12	1
1009.74	0
1010.37	1
1011	0
1011.63	1
1012.26	0
1012.89	0
1013.52	1
1014.16	0
1014.79	0
1015.43	0
1016.07	0
1016.71	0
1017.35	0
1017.99	0
1018.63	0
1019.28	0
1019.92	0
1020.57	0
1021.22	0
1021.87	1
1022.52	0
1023.17	0
1023.82	0
1024.48	0
1025.13	1
1025.79	0
1026.45	1
1027.11	1
1027.77	0
1028.43	0
1029.09	0
1029.76	0
1030.42	0
1031.09	1
1031.76	0
1032.43	0
1033.1	0
1033.77	1
1034.44	0
1035.12	0
1035.79	0
1036.47	1
1037.15	0
1037.83	0
1038.51	1
1039.19	1
1039.88	0
1040.56	0
1041.25	1
1041.93	0
1042.62	0
1043.31	0
1044	0
1044.7	0
1045.39	0
1046.08	0
1046.78	0
1047.48	0
1048.18	0
1048.88	0
1049.58	0
1050.28	0
1050.99	0
1051.69	0
1052.4	0
1053.1	0
1053.81	0
1054.52	1
1055.24	0
1055.95	0
1056.66	1
1057.38	1
1058.1	0
1058.81	0
1059.53	0
1060.25	1
1060.98	0
1061.7	0
1062.42	0
1063.15	0
1063.88	0
1064.61	0
1065.34	0
1066.07	0
1066.8	0
1067.53	0
1068.27	0
1069	0
1069.74	0
1070.48	0
1071.22	0
1071.96	0
1072.71	0
1073.45	0
1074.2	0
1074.94	0
1075.69	2
1076.44	0
1077.19	0
1077.94	1
1078.7	0
1079.45	0
1080.21	0
1080.96	0
1081.72	0
1082.48	0
1083.24	1
1084.01	0
1084.77	0
1085.54	1
1086.3	0
1087.07	0
1087.84	0
1088.61	0
1089.38	0
1090.16	1
1090.93	0
1091.71	0
1092.48	0
1093.26	1
1094.04	0
1094.82	0
1095.6	0
1096.39	0
1097.17	0
1097.96	0
1098.75	0
1099.54	0
1100.33	0
1101.12	1
1101.91	1
1102.71	0
1103.5	1
1104.3	0
1105.1	0
1105.9	0
1106.7	0
1107.5	1
1108.31	0
1109.11	0
1109.92	0
1110.73	1
1111.54	0
1112.35	0
1113.16	0
1113.97	0
1114.79	0
1115.6	0
1116.42	0
1117.24	1
1118.06	0
1118.88	0
1119.7	0
1120.53	0
1121.35	0
1122.18	0
1123.01	0
1123.84	0
1124.67	0
1125.5	0
1126.33	0
1127.17	0
1128.01	0
1128.84	0
1129.68	0
1130.52	0
1131.36	0
1132.21	0
1133.05	0
1133.9	0
1134.75	0
1135.59	0
1136.44	0
1137.3	1
1138.15	0
1139	0
1139.86	0
1140.71	1
1141.57	0
1142.43	0
1143.29	0
1144.16	0
1145.02	0
1145.88	0
1146.75	0
1147.62	0
1148.49	0
1149.36	0
1150.23	0
1151.1	0
1151.98	0
1152.86	0
1153.73	0
1154.61	0
1155.49	0
1156.37	0
1157.26	0
1158.14	1
1159.03	0
1159.92	0
1160.8	0
1161.69	0
1162.59	0
1163.48	0
1164.37	0
1165.27	0
1166.17	0
1167.06	0
1167.96	0
1168.86	0
1169.77	1
1170.67	0
1171.58	0
1172.48	0
1173.39	0
1174.3	0
1175.21	0
1176.13	0
1177.04	0
1177.95	0
1178.87	0
1179.79	1
1180.71	0
1181.63	0
1182.55	0
1183.48	0
1184.4	1
1185.33	0
1186.25	0
1187.18	0
1188.11	0
1189.05	0
1189.98	0
1190.92	0
1191.85	0
1192.79	0
1193.73	0
1194.67	0
1195.61	0
1196.56	0
1197.5	1
1198.45	0
1199.39	0
1200.34	0
1201.29	0
1202.25	0
1203.2	0
1204.15	0
1205.11	0
1206.07	0
1207.03	0
1207.99	1
1208.95	0
1209.91	1
1210.88	0
1211.85	0
1212.81	0
1213.78	0
1214.75	1
1215.73	0
1216.7	1
1217.67	0
1218.65	0
1219.63	0
1220.61	0
1221.59	0
1222.57	0
1223.55	1
1224.54	0
1225.53	1
1226.51	0
1227.5	0
1228.49	0
1229.49	0
1230.48	0
1231.47	0
1232.47	0
1233.47	0
1234.47	0
1235.47	0
1236.47	0
1237.48	0
1238.48	0
1239.49	0
1240.5	0
1241.51	0
1242.52	0
1243.53	0
1244.54	0
1245.56	0
1246.58	0
1247.59	0
1248.61	0
1249.64	0
1250.66	0
1251.68	0
1252.71	0
1253.74	0
1254.76	0
1255.79	0
1256.83	0
1257.86	0
1258.89	0
1259.93	0
1260.97	0
1262.01	0
1263.05	0
1264.09	0
1265.13	0
1266.18	0
1267.22	0
1268.27	0
1269.32	0
1270.37	0
1271.42	1
1272.48	0
1273.53	0
1274.59	0
1275.65	0
1276.71	0
1277.77	0
1278.83	0
1279.89	0
1280.96	1
1282.03	0
1283.09	1
1284.16	0
1285.24	0
1286.31	0
1287.38	0
1288.46	0
1289.54	0
1290.62	0
1291.7	0
1292.78	0
1293.86	0
1294.95	0
1296.03	0
1297.12	0
1298.21	0
1299.3	0
1300.39	0
1301.49	0
1302.58	0
1303.68	0
1304.78	0
1305.88	0
1306.98	0
1308.08	1
1309.19	0
1310.29	0
1311.4	0
1312.51	0
1313.62	0
1314.73	0
1315.85	0
1316.96	0
1318.08	0
1319.19	0
1320.31	0
1321.43	0
1322.56	0
1323.68	0
1324.81	0
1325.93	0
1327.06	0
1328.19	0
1329.32	0
1330.46	0
1331.59	0
1332.73	0
1333.87	0
1335.01	0
1336.15	0
1337.29	0
1338.43	1
1339.58	0
1340.72	0
1341.87	0
1343.02	0
1344.17	0
1345.33	0
1346.48	0
1347.64	0
1348.79	0
1349.95	0
1351.11	0
1352.28	0
1353.44	1
1354.61	0
1355.77	0
1356.94	0
1358.11	0
1359.28	0
1360.45	1
1361.63	0
1362.8	0
1363.98	0
1365.16	2
1366.34	0
1367.52	0
1368.71	0
1369.89	0
1371.08	0
1372.27	0
1373.46	0
1374.65	0
1375.84	0
1377.04	0
1378.23	0
1379.43	0
1380.63	0
1381.83	0
1383.03	0
1384.24	0
1385.44	0
1386.65	0
1387.86	0
1389.07	0
1390.28	0
1391.49	0
1392.71	0
1393.92	0
1395.14	0
1396.36	0
1397.58	0
1398.8	0
1400.03	0
1401.25	1
1402.48	0
1403.71	0
1404.94	0
1406.17	0
1407.4	0
1408.64	0
1409.88	2
1411.11	0
1412.35	0
1413.59	0
1414.84	0
1416.08	0
1417.33	0
1418.58	0
1419.83	0
1421.08	0
1422.33	0
1423.58	0
1424.84	0
1426.09	0
1427.35	1
1428.61	0
1429.88	0
1431.14	0
1432.4	0
1433.67	0
1434.94	0
1436.21	0
1437.48	0
1438.75	0
1440.03	0
1441.3	1
1442.58	0
1443.86	0
1445.14	0
1446.42	0
1447.71	2
1448.99	0
1450.28	0
1451.57	0
1452.86	0
1454.15	0
1455.45	0
1456.74	0
1458.04	0
1459.34	0
1460.64	0
1461.94	0
1463.24	0
1464.55	0
1465.85	0
1467.16	0
1468.47	0
1469.78	0
1471.09	1
1472.41	0
1473.72	0
1475.04	0
1476.36	0
1477.68	0
1479	0
1480.33	1
1481.65	0
1482.98	0
1484.31	0
1485.64	0
1486.97	0
1488.31	0
1489.64	0
1490.98	0
1492.32	0
1493.66	0
1495	1
1496.34	0
1497.69	0
1499.03	0
1500.38	0
1501.73	0
1503.08	0
1504.44	0
1505.79	0
1507.15	0
1508.51	0
1509.87	1
1511.23	0
1512.59	0
1513.96	0
1515.32	0
1516.69	0
1518.06	0
1519.43	0
1520.8	0
1522.18	0
1523.55	2
1524.93	0
1526.31	0
1527.69	0
1529.08	0
1530.46	1
1531.85	0
1533.23	0
1534.62	0
1536.01	0
1537.41	0
1538.8	0
1540.19	0
1541.59	0
1542.99	0
1544.39	1
1545.79	0
1547.2	0
1548.6	0
1550.01	0
1551.42	0
1552.83	0
1554.24	0
1555.66	0
1557.07	0
1558.49	0
1559.91	0
1561.33	0
1562.75	0
1564.18	0
1565.6	0
1567.03	0
1568.46	0
1569.89	0
1571.32	0
1572.75	0
1574.19	0
1575.63	0
1577.06	0
1578.5	0
1579.95	0
1581.39	1
1582.84	0
1584.28	0
1585.73	0
1587.18	0
1588.63	0
1590.09	0
1591.54	0
1593	1
1594.46	0
1595.92	0
1597.38	0
1598.85	0
1600.31	0
1601.78	0
1603.25	0
1604.72	1
1606.19	0
1607.66	0
1609.14	0
1610.62	0
1612.1	0
1613.58	0
1615.06	0
1616.54	0
1618.03	0
1619.52	0
1621.01	0
1622.5	0
1623.99	0
1625.48	0
1626.98	0
1628.48	0
1629.98	0
1631.48	0
1632.98	0
1634.48	0
1635.99	0
1637.5	0
1639.01	0
1640.52	0
1642.03	0
1643.54	0
1645.06	0
1646.58	0
1648.1	0
1649.62	0
1651.14	0
1652.67	0
1654.19	0
1655.72	0
1657.25	0
1658.78	0
1660.32	0
1661.85	0
1663.39	0
1664.93	1
1666.47	0
1668.01	0
1669.55	0
1671.1	0
1672.64	0
1674.19	0
1675.74	0
1677.29	1
1678.85	0
1680.4	0
1681.96	0
1683.52	0
1685.08	0
1686.64	0
1688.21	0
1689.77	0
1691.34	0
1692.91	0
1694.48	0
1696.05	0
1697.63	0
1699.2	0
1700.78	0
1702.36	0
1703.94	0
1705.53	0
1707.11	0
1708.7	0
1710.29	0
1711.88	1
1713.47	0
1715.06	0
1716.66	0
1718.25	0
1719.85	0
1721.45	0
1723.05	0
1724.66	0
1726.26	0
1727.87	0
1729.48	0
1731.09	0
1732.7	0
1734.32	0
1735.93	0
1737.55	0
1739.17	0
1740.79	0
1742.42	0
1744.04	0
1745.67	0
1747.29	0
1748.92	1
1750.56	0
1752.19	0
1753.83	0
1755.46	0
1757.1	0
1758.74	1
1760.38	0
1762.03	0
1763.67	0
1765.32	0
1766.97	0
1768.62	1
1770.27	0
1771.93	1
1773.59	0
1775.24	1
1776.9	0
1778.57	0
1780.23	0
1781.89	0
1783.56	1
1785.23	1
1786.9	0
1788.57	0
1790.25	0
1791.92	0
1793.6	0
1795.28	0
1796.96	1
1798.64	0
1800.33	0
1802.01	1
1803.7	0
1805.39	0
1807.08	0
1808.78	0
1810.47	0
1812.17	0
1813.87	0
1815.57	0
1817.27	0
1818.98	0
1820.68	0
1822.39	0
1824.1	1
1825.81	0
1827.52	0
1829.24	0
1830.96	0
1832.67	0
1834.39	0
1836.12	0
1837.84	0
1839.57	0
1841.29	0
1843.02	0
1844.75	0
1846.49	0
1848.22	0
1849.96	0
1851.7	0
1853.44	0
1855.18	0
1856.92	0
1858.67	0
1860.41	0
1862.16	0
1863.91	0
1865.67	0
1867.42	0
1869.18	0
1870.94	0
1872.7	0
1874.46	2
1876.22	0
1877.99	0
1879.75	1
1881.52	0
1883.29	0
1885.06	0
1886.84	0
1888.62	0
1890.39	0
1892.17	0
1893.95	0
1895.74	0
1897.52	1
1899.31	0
1901.1	0
1902.89	0
1904.68	2
1906.48	0
1908.27	0
1910.07	0
1911.87	0
1913.67	0
1915.48	0
1917.28	0
1919.09	0
1920.9	0
1922.71	1
1924.52	0
1926.33	0
1928.15	0
1929.97	1
1931.79	0
1933.61	0
1935.43	0
1937.26	0
1939.09	0
1940.91	0
1942.75	0
1944.58	0
1946.41	0
1948.25	0
1950.09	0
1951.93	0
1953.77	0
1955.61	0
1957.46	0
1959.31	0
1961.15	1
1963.01	0
1964.86	0
1966.71	0
1968.57	0
1970.43	0
1972.29	0
1974.15	0
1976.02	0
1977.88	0
1979.75	0
1981.62	0
1983.49	0
1985.36	0
1987.24	0
1989.11	0
1990.99	0
1992.87	0
1994.76	0
1996.64	0
1998.53	0
2000.42	0
2002.31	0
2004.2	0
2006.09	0
2007.99	0
2009.88	0
2011.78	0
2013.68	0
2015.59	0
2017.49	0
2019.4	0
2021.31	0
2023.22	0
2025.13	0
2027.04	0
2028.96	0
2030.88	0
2032.8	2
2034.72	0
2036.64	0
2038.57	0
2040.5	0
2042.43	0
2044.36	0
2046.29	1
2048.22	0
2050.16	0
2052.1	0
2054.04	0
2055.98	0
2057.93	0
2059.87	0
2061.82	0
2063.77	0
2065.72	0
2067.68	0
2069.63	0
2071.59	0
2073.55	0
2075.51	0
2077.47	0
2079.44	0
2081.4	0
2083.37	0
2085.34	0
2087.32	0
2089.29	1
2091.27	0
2093.25	0
2095.23	0
2097.21	0
2099.19	0
2101.18	0
2103.17	0
2105.15	0
2107.15	0
2109.14	0
2111.14	0
2113.13	0
2115.13	0
2117.13	0
2119.14	1
2121.14	0
2123.15	0
2125.16	0
2127.17	0
2129.18	1
2131.19	0
2133.21	0
2135.23	0
2137.25	0
2139.27	0
2141.29	0
2143.32	0
2145.35	0
2147.38	0
2149.41	1
2151.44	0
2153.48	0
2155.51	0
2157.55	0
2159.6	0
2161.64	0
2163.68	1
2165.73	0
2167.78	0
2169.83	0
2171.88	0
2173.94	0
2175.99	0
2178.05	0
2180.11	1
2182.18	0
2184.24	0
2186.31	0
2188.37	0
2190.44	0
2192.52	0
2194.59	0
2196.67	0
2198.74	0
2200.82	0
2202.91	0
2204.99	0
2207.07	0
2209.16	0
2211.25	0
2213.34	0
2215.44	1
2217.53	0
2219.63	0
2221.73	0
2223.83	0
2225.93	0
2228.04	0
2230.14	0
2232.25	0
2234.36	0
2236.48	0
2238.59	2
2240.71	0
2242.83	0
2244.95	0
2247.07	0
2249.19	0
2251.32	0
2253.45	0
2255.58	0
2257.71	0
2259.85	1
2261.98	0
2264.12	0
2266.26	0
2268.4	0
2270.55	0
2272.69	0
2274.84	0
2276.99	0
2279.14	0
2281.3	0
2283.45	0
2285.61	0
2287.77	0
2289.93	1
2292.09	0
2294.26	0
2296.43	0
2298.6	0
2300.77	0
2302.94	0
2305.12	0
2307.3	0
2309.48	0
2311.66	0
2313.84	0
2316.03	0
2318.21	0
2320.4	0
2322.59	0
2324.79	0
2326.98	0
2329.18	0
2331.38	0
2333.58	0
2335.78	1
2337.99	0
2340.2	0
2342.41	0
2344.62	0
2346.83	0
2349.04	0
2351.26	0
2353.48	0
2355.7	0
2357.93	0
2360.15	0
2362.38	0
2364.61	0
2366.84	0
2369.07	0
2371.31	0
2373.54	0
2375.78	0
2378.02	0
2380.27	0
2382.51	0
2384.76	0
2387.01	0
2389.26	0
2391.51	0
2393.77	0
2396.02	0
2398.28	0
2400.54	0
2402.81	0
2405.07	0
2407.34	0
2409.61	0
2411.88	0
2414.15	0
2416.43	0
2418.7	0
2420.98	0
2423.26	0
2425.55	0
2427.83	0
2430.12	0
2432.41	0
2434.7	0
2436.99	0
2439.29	0
2441.59	0
2443.89	0
2446.19	0
2448.49	0
2450.8	1
2453.1	0
2455.41	0
2457.72	0
2460.04	0
2462.35	0
2464.67	0
2466.99	0
2469.31	0
2471.64	0
2473.96	0
2476.29	0
2478.62	0
2480.95	0
2483.28	0
2485.62	0
2487.96	0
2490.3	0
2492.64	0
2494.98	0
2497.33	0
2499.68	0
2502.03	0
2504.38	0
2506.73	0
2509.09	0
2511.45	0
2513.81	0
2516.17	0
2518.54	0
2520.9	0
2523.27	0
2525.64	0
2528.01	0
2530.39	1
2532.77	0
2535.14	0
2537.52	0
2539.91	0
2542.29	0
2544.68	0
2547.07	0
2549.46	0
2551.85	0
2554.25	0
2556.64	0
2559.04	0
2561.45	0
2563.85	0
2566.25	0
2568.66	0
2571.07	0
2573.48	0
2575.9	0
2578.31	0
2580.73	0
2583.15	0
2585.57	0
2588	1
2590.42	0
2592.85	0
2595.28	0
2597.71	0
2600.15	1
2602.58	0
2605.02	0
2607.46	0
2609.9	0
2612.35	1
2614.8	0
2617.25	0
2619.7	0
2622.15	0
2624.6	0
2627.06	0
2629.52	0
2631.98	0
2634.45	0
2636.91	0
2639.38	0
2641.85	0
2644.32	0
2646.79	1
2649.27	0
2651.75	0
2654.23	0
2656.71	0
2659.19	0
2661.68	0
2664.17	0
2666.66	0
2669.15	0
2671.65	0
2674.14	0
2676.64	0
2679.14	0
2681.65	0
2684.15	0
2686.66	0
2689.17	0
2691.68	0
2694.19	0
2696.71	0
2699.23	0
2701.75	0
2704.27	0
2706.79	0
2709.32	0
2711.85	0
2714.38	0
2716.91	0
2719.44	0
2721.98	0
2724.52	0
2727.06	0
2729.6	0
2732.15	0
2734.7	0
2737.25	0
2739.8	0
2742.35	0
2744.91	0
2747.46	0
2750.02	0
2752.59	0
2755.15	0
2757.72	0
2760.29	0
2762.86	0
2765.43	0
2768	0
2770.58	0
2773.16	0
2775.74	0
2778.32	0
2780.91	0
2783.5	0
2786.09	0
2788.68	0
2791.27	0
2793.87	1
2796.47	0
2799.07	1
2801.67	0
2804.27	0
2806.88	0
2809.49	0
2812.1	0
2814.71	0
2817.33	0
2819.95	0
2822.57	0
2825.19	0
2827.81	0
2830.44	0
2833.06	0
2835.7	0
2838.33	0
2840.96	0
2843.6	0
2846.24	0
2848.88	0
2851.52	0
2854.17	0
2856.81	0
2859.46	0
2862.12	0
2864.77	0
2867.42	0
2870.08	0
2872.74	0
2875.41	0
2878.07	0
2880.74	0
2883.41	0
2886.08	0
2888.75	0
2891.43	0
2894.1	0
2896.78	0
2899.46	0
2902.15	0
2904.83	0
2907.52	0
2910.21	0
2912.91	0
2915.6	0
2918.3	0
2921	0
2923.7	0
2926.4	0
2929.11	0
2931.81	0
2934.52	0
2937.24	0
2939.95	0
2942.67	0
2945.39	0
2948.11	1
2950.83	0
2953.56	0
2956.28	0
2959.01	0
2961.74	0
2964.48	0
2967.21	0
2969.95	0
2972.69	0
2975.44	0
2978.18	0
2980.93	0
2983.68	0
2986.43	0
2989.18	0
2991.94	0
2994.69	0
2997.45	0
3000.22	0
3002.98	0
3005.75	0
3008.52	0
3011.29	0
3014.06	0
3016.84	0
3019.61	0
3022.39	0
3025.18	0
3027.96	0
3030.75	0
3033.53	0
3036.33	0
3039.12	0
3041.91	0
3044.71	0
3047.51	0
3050.31	0
3053.12	0
3055.92	0
3058.73	0
3061.54	0
3064.35	0
3067.17	0
3069.99	0
3072.81	0
3075.63	0
3078.45	0
3081.28	0
3084.1	0
3086.94	0
3089.77	0
3092.6	0
3095.44	0
3098.28	0
3101.12	0
3103.96	0
3106.81	0
3109.66	0
3112.51	0
3115.36	0
3118.22	0
3121.07	0
3123.93	0
3126.79	0
3129.66	0
3132.52	0
3135.39	0
3138.26	0
3141.13	0
3144.01	0
3146.89	0
3149.77	0
3152.65	0
3155.53	0
3158.42	0
3161.31	0
3164.2	0
3167.09	0
3169.98	0
3172.88	0
3175.78	0
3178.68	0
3181.59	0
3184.49	0
3187.4	0
3190.31	1
3193.22	0
3196.14	1
3199.06	0
3201.97	0
3204.9	0
3207.82	0
3210.75	0
3213.68	0
3216.61	0
3219.54	0
3222.47	0
3225.41	0
3228.35	0
3231.29	0
3234.24	0
3237.18	0
3240.13	0
3243.08	0
3246.04	0
3248.99	0
3251.95	0
3254.91	0
3257.87	0
3260.84	0
3263.8	0
3266.77	0
3269.74	0
3272.72	0
3275.69	0
3278.67	0
3281.65	0
3284.63	0
3287.62	0
3290.61	0
3293.6	0
3296.59	0
3299.58	0
3302.58	0
3305.58	0
3308.58	0
3311.58	0
3314.58	0
3317.59	0
3320.6	0
3323.61	0
3326.63	0
3329.64	0
3332.66	0
3335.68	0
3338.71	0
3341.73	0
3344.76	0
3347.79	0
3350.82	0
3353.86	0
3356.9	0
3359.94	0
3362.98	0
3366.02	0
3369.07	0
3372.12	0
3375.17	0
3378.22	0
3381.28	0
3384.33	0
3387.39	0
3390.46	0
3393.52	0
3396.59	0
3399.66	0
3402.73	0
3405.8	0
3408.88	0
3411.96	0
3415.04	0
3418.12	0
3421.2	0
3424.29	0
3427.38	0
3430.47	0
3433.57	0
3436.66	0
3439.76	0
3442.86	0
3445.97	0
3449.07	0
3452.18	0
3455.29	0
3458.41	0
3461.52	0
3464.64	0
3467.76	0
3470.88	0
3474	0
3477.13	0
3480.26	0
3483.39	0
3486.53	0
3489.66	0
3492.8	0
3495.94	0
3499.08	0
3502.23	0
3505.38	0
3508.53	0
3511.68	0
3514.83	0
3517.99	0
3521.15	0
3524.31	0
3527.47	0
3530.64	0
3533.81	0
3536.98	0
3540.15	0
3543.33	0
3546.5	0
3549.68	0
3552.87	1
3556.05	0
3559.24	0
3562.43	0
3565.62	0
3568.81	0
3572.01	0
3575.21	0
3578.41	0
3581.61	0
3584.82	0
3588.03	0
3591.24	0
3594.45	0
3597.66	0
3600.88	0
3604.1	0
3607.32	0
3610.55	0
3613.77	0
3617	0
3620.24	0
3623.47	0
3626.71	0
3629.94	0
3633.18	0
3636.43	1
3639.67	0
3642.92	0
3646.17	0
3649.42	0
3652.68	0
3655.94	0
3659.2	0
3662.46	0
3665.72	0
3668.99	0
3672.26	0
3675.53	0
3678.8	0
3682.08	1
3685.36	0
3688.64	0
3691.92	0
3695.21	0
3698.5	0
3701.79	0
3705.08	0
3708.37	0
3711.67	0
3714.97	0
3718.27	0
3721.58	0
3724.88	0
3728.19	0
3731.5	0
3734.82	0
3738.14	0
3741.45	0
3744.78	0
3748.1	0
3751.42	0
3754.75	0
3758.08	0
3761.42	0
3764.75	0
3768.09	0
3771.43	0
3774.77	0
3778.12	0
3781.46	0
3784.81	0
3788.17	0
3791.52	0
3794.88	0
3798.24	0
3801.6	0
3804.96	0
3808.33	0
3811.7	0
3815.07	0
3818.44	0
3821.82	0
3825.2	0
3828.58	0
3831.96	0
3835.35	0
3838.73	0
3842.12	0
3845.52	0
3848.91	0
3852.31	0
3855.71	0
3859.11	0
3862.52	0
3865.92	0
3869.33	0
3872.74	0
3876.16	0
3879.57	0
3882.99	0
3886.42	0
3889.84	0
3893.27	0
3896.69	0
3900.13	0
3903.56	0
3907	0
3910.43	0
3913.87	0
3917.32	0
3920.76	0
3924.21	0
3927.66	0
3931.11	0
3934.57	0
3938.03	0
3941.49	0
3944.95	0
3948.41	1
3951.88	0
3955.35	0
3958.82	0
3962.3	0
3965.78	0
3969.26	0
3972.74	0
3976.22	0
3979.71	0
3983.2	0
3986.69	0
3990.18	0
3993.68	0
3997.18	0
4000.68	0
4004.18	0
4007.69	1
4011.2	0
4014.71	0
4018.22	0
4021.74	0
4025.26	0
4028.78	0
4032.3	0
4035.83	0
4039.36	0
4042.89	0
4046.42	0
4049.95	0
4053.49	0
4057.03	0
4060.58	0
4064.12	0
4067.67	0
4071.22	0
4074.77	0
4078.33	0
4081.88	0
4085.44	0
4089.01	0
4092.57	0
4096.14	0
4099.71	0
4103.28	0
4106.85	0
4110.43	0
4114.01	0
4117.59	0
4121.18	0
4124.76	0
4128.35	0
4131.94	0
4135.54	0
4139.14	0
4142.74	0
4146.34	0
4149.94	0
4153.55	0
4157.16	0
4160.77	0
4164.38	0
4168	0
4171.62	0
4175.24	0
4178.86	0
4182.49	0
4186.12	0
4189.75	0
4193.38	0
4197.02	0
4200.66	0
4204.3	0
4207.94	0
4211.59	0
4215.24	0
4218.89	0
4222.54	0
4226.2	0
4229.86	0
4233.52	0
4237.18	0
4240.85	0
4244.51	0
4248.19	0
4251.86	0
4255.54	0
4259.21	0
4262.89	0
4266.58	0
4270.26	0
4273.95	0
4277.64	0
4281.34	0
4285.03	0
4288.73	0
4292.43	0
4296.13	0
4299.84	0
4303.55	0
4307.26	0
4310.97	0
4314.69	0
4318.41	0
4322.13	0
4325.85	0
4329.58	0
4333.3	0
4337.03	0
4340.77	0
4344.5	0
4348.24	0
4351.98	0
4355.73	0
4359.47	0
4363.22	0
4366.97	0
4370.72	0
4374.48	0
4378.24	1
4382	0
4385.76	0
4389.53	0
4393.3	1
4397.07	0
4400.84	0
4404.62	0
4408.39	0
4412.18	0
4415.96	0
4419.75	0
4423.53	0
4427.32	0
4431.12	0
4434.91	0
4438.71	0
4442.51	1
4446.32	0
4450.12	0
4453.93	0
4457.74	0
4461.56	0
4465.37	0
4469.19	0
4473.01	0
4476.84	0
4480.66	0
4484.49	0
4488.32	0
4492.16	0
4495.99	0
4499.83	1
4503.68	0
4507.52	1
4511.37	0
4515.22	0
4519.07	0
4522.92	0
4526.78	0
4530.64	0
4534.5	0
4538.36	0
4542.23	0
4546.1	0
4549.97	1
4553.85	0
4557.72	0
4561.6	0
4565.49	0
4569.37	0
4573.26	0
4577.15	0
4581.04	0
4584.94	0
4588.83	0
4592.73	0
4596.64	0
4600.54	0
4604.45	0
4608.36	0
4612.27	0
4616.19	0
4620.1	0
4624.03	0
4627.95	0
4631.87	0
4635.8	0
4639.73	1
4643.67	0
4647.6	0
4651.54	0
4655.48	0
4659.43	0
4663.37	0
4667.32	0
4671.27	0
4675.23	0
4679.18	0
4683.14	0
4687.1	0
4691.07	0
4695.03	0
4699	0
4702.97	0
4706.95	0
4710.93	0
4714.91	0
4718.89	1
4722.87	0
4726.86	0
4730.85	0
4734.84	0
4738.84	0
4742.84	0
4746.84	0
4750.84	0
4754.84	0
4758.85	0
4762.86	0
4766.88	0
4770.89	0
4774.91	0
4778.93	0
4782.95	0
4786.98	0
4791.01	0
4795.04	0
4799.07	0
4803.11	0
4807.15	0
4811.19	0
4815.24	0
4819.28	0
4823.33	0
4827.38	0
4831.44	0
4835.5	0
4839.56	0
4843.62	0
4847.68	0
4851.75	0
4855.82	0
4859.89	0
4863.97	0
4868.05	0
4872.13	0
4876.21	0
4880.3	0
4884.39	0
4888.48	0
4892.57	0
4896.67	0
4900.77	0
4904.87	1
4908.97	0
4913.08	0
4917.19	0
4921.3	0
4925.41	0
4929.53	0
4933.65	0
4937.77	0
4941.9	0
4946.03	0
4950.16	0
4954.29	0
4958.43	0
4962.56	0
4966.7	0
4970.85	0
4974.99	0
4979.14	0
4983.29	0
4987.45	0
4991.6	0
4995.76	0
4999.93	0
5004.09	0
5008.26	0
5012.43	0
5016.6	0
5020.77	0
5024.95	0
5029.13	0
5033.32	0
5037.5	0
5041.69	0
5045.88	0
5050.07	1
5054.27	0
5058.47	0
5062.67	0
5066.87	0
5071.08	0
5075.29	0
5079.5	0
5083.72	0
5087.93	0
5092.15	1
5096.38	0
5100.6	0
5104.83	0
5109.06	1
5113.29	0
5117.53	0
5121.77	0
5126.01	0
5130.25	0
5134.5	0
5138.75	0
5143	0
5147.25	0
5151.51	0
5155.77	0
5160.03	0
5164.3	0
5168.56	0
5172.83	0
5177.11	0
5181.38	0
5185.66	0
5189.94	0
5194.23	0
5198.51	0
5202.8	0
5207.09	0
5211.39	0
5215.68	0
5219.98	0
5224.29	0
5228.59	0
5232.9	0
5237.21	0
5241.52	0
5245.84	0
5250.16	0
5254.48	0
5258.8	0
5263.13	0
5267.46	0
5271.79	0
5276.12	0
5280.46	0
5284.8	0
5289.14	0
5293.49	0
5297.83	0
5302.18	0
5306.54	0
5310.89	0
5315.25	0
5319.61	0
5323.98	0
5328.34	0
5332.71	0
5337.09	0
5341.46	0
5345.84	0
5350.22	0
5354.6	0
5358.99	0
5363.37	0
5367.76	0
5372.16	0
5376.55	0
5380.95	1
5385.36	0
5389.76	0
5394.17	0
5398.58	0
5402.99	0
5407.4	0
5411.82	0
5416.24	0
5420.67	0
5425.09	0
5429.52	1
5433.95	0
5438.39	0
5442.82	0
5447.26	0
5451.7	0
5456.15	0
5460.6	0
5465.05	0
5469.5	0
5473.96	0
5478.41	0
5482.87	0
5487.34	0
5491.81	0
5496.27	0
5500.75	0
5505.22	0
5509.7	0
5514.18	0
5518.66	0
5523.15	0
5527.64	0
5532.13	0
5536.62	0
5541.12	0
5545.62	0
5550.12	0
5554.62	0
5559.13	0
5563.64	0
5568.15	0
5572.67	0
5577.19	0
5581.71	0
5586.23	0
5590.76	0
5595.29	0
5599.82	0
5604.36	0
5608.89	0
5613.43	0
5617.98	0
5622.52	0
5627.07	0
5631.62	0
5636.18	0
5640.73	0
5645.29	0
5649.85	0
5654.42	0
5658.99	0
5663.56	0
5668.13	0
5672.71	0
5677.28	0
5681.87	0
5686.45	0
5691.04	0
5695.63	0
5700.22	0
5704.81	0
5709.41	0
5714.01	0
5718.62	0
5723.22	0
5727.83	0
5732.44	0
5737.06	0
5741.67	0
5746.29	0
5750.92	0
5755.54	0
5760.17	0
5764.8	0
5769.44	0
5774.07	0
5778.71	0
5783.35	0
5788	0
5792.65	0
5797.3	0
5801.95	0
5806.6	0
5811.26	0
5815.92	0
5820.59	0
5825.26	0
5829.93	0
5834.6	0
5839.27	0
5843.95	0
5848.63	0
5853.32	0
5858	0
5862.69	0
5867.38	0
5872.08	0
5876.78	0
5881.48	0
5886.18	0
5890.88	0
5895.59	0
5900.3	0
5905.02	0
5909.74	0
5914.46	0
5919.18	0
5923.9	0
5928.63	0
5933.36	0
5938.1	0
5942.83	0
5947.57	0
5952.31	0
5957.06	0
5961.81	0
5966.56	0
5971.31	0
5976.07	0
5980.83	0
5985.59	0
5990.35	0
5995.12	0
5999.89	0
6004.66	0
6009.44	0
6014.22	0
6019	0
6023.78	0
6028.57	0
6033.36	0
6038.15	0
6042.95	0
6047.74	0
6052.54	0
6057.35	0
6062.15	0
6066.96	0
6071.78	0
6076.59	0
6081.41	0
6086.23	0
6091.05	0
6095.88	0
6100.71	0
6105.54	0
6110.37	0
6115.21	0
6120.05	0
6124.9	0
6129.74	0
6134.59	0
6139.44	0
6144.3	0
6149.15	0
6154.01	0
6158.88	0
6163.74	0
6168.61	0
6173.48	0
6178.36	0
6183.23	0
6188.11	0
6193	0
6197.88	0
6202.77	0
6207.66	0
6212.56	0
6217.45	0
6222.35	0
6227.25	0
6232.16	0
6237.07	0
6241.98	0
6246.89	0
6251.81	0
6256.73	0
6261.65	0
6266.58	0
6271.5	0
6276.44	0
6281.37	0
6286.31	0
6291.25	0
6296.19	0
6301.13	0
6306.08	0
6311.03	0
6315.99	0
6320.94	0
6325.9	0
6330.86	0
6335.83	0
6340.8	0
6345.77	0
6350.74	0
6355.72	0
6360.7	0
6365.68	0
6370.66	0
6375.65	0
6380.64	0
6385.64	0
6390.63	0
6395.63	0
6400.63	0
6405.64	0
6410.65	0
6415.66	0
6420.67	0
6425.69	0
6430.71	0
6435.73	0
6440.76	0
6445.78	0
6450.81	0
6455.85	0
6460.89	0
6465.92	0
6470.97	0
6476.01	0
6481.06	0
6486.11	0
6491.17	0
6496.22	0
6501.28	0
6506.34	0
6511.41	0
6516.48	0
6521.55	0
6526.62	0
6531.7	0
6536.78	0
6541.86	0
6546.95	0
6552.04	0
6557.13	0
6562.22	0
6567.32	0
6572.42	0
6577.52	0
6582.63	0
6587.74	0
6592.85	0
6597.96	0
6603.08	0
6608.2	0
6613.32	0
6618.45	0
6623.58	0
6628.71	0
6633.85	0
6638.98	0
6644.12	0
6649.27	0
6654.41	0
6659.56	0
6664.72	0
6669.87	0
6675.03	0
6680.19	0
6685.35	0
6690.52	0
6695.69	0
6700.86	0
6706.04	0
6711.22	0
6716.4	0
6721.58	0
6726.77	0
6731.96	0
6737.15	0
6742.35	0
6747.55	0
6752.75	0
6757.95	0
6763.16	0
6768.37	0
6773.58	0
6778.8	0
6784.02	0
6789.24	0
6794.46	0
6799.69	0
6804.92	0
6810.16	0
6815.39	0
6820.63	0
6825.88	0
6831.12	0
6836.37	0
6841.62	0
6846.87	0
6852.13	0
6857.39	0
6862.66	0
6867.92	0
6873.19	0
6878.46	0
6883.74	0
6889.01	0
6894.29	0
6899.58	0
6904.86	0
6910.15	0
6915.45	0
6920.74	0
6926.04	0
6931.34	0
6936.65	0
6941.95	0
6947.26	0
6952.58	0
6957.89	0
6963.21	0
6968.53	0
6973.86	0
6979.18	0
6984.51	0
6989.85	0
6995.18	0
7000.52	0
7005.87	0
7011.21	0
7016.56	0
7021.91	0
7027.27	0
7032.62	0
7037.98	0
7043.35	0
7048.71	0
7054.08	0
7059.45	0
7064.83	0
7070.21	0
7075.59	0
7080.97	0
7086.36	0
7091.75	0
7097.14	0
7102.54	0
7107.93	0
7113.34	0
7118.74	0
7124.15	0
7129.56	0
7134.97	0
7140.39	0
7145.81	0
7151.23	0
7156.66	0
7162.08	0
7167.52	0
7172.95	0
7178.39	0
7183.83	0
7189.27	0
7194.72	0
7200.17	0
7205.62	0
7211.07	0
7216.53	0
7221.99	0
7227.46	0
7232.92	0
7238.39	0
7243.87	0
7249.34	0
7254.82	0
7260.3	0
7265.79	0
7271.28	0
7276.77	0
7282.26	0
7287.76	0
7293.26	0
7298.76	0
7304.27	0
7309.78	0
7315.29	0
7320.8	0
7326.32	0
7331.84	0
7337.37	0
7342.89	0
7348.42	0
7353.96	0
7359.49	0
7365.03	0
7370.57	0
7376.12	0
7381.67	0
7387.22	0
7392.77	0
7398.33	0
7403.89	0
7409.45	0
7415.02	0
7420.58	0
7426.16	0
7431.73	0
7437.31	0
7442.89	1
7448.47	0
7454.06	0
7459.65	0
7465.24	0
7470.84	0
7476.44	0
7482.04	0
7487.65	0
7493.26	0
7498.87	0
7504.48	0
7510.1	0
7515.72	0
7521.34	0
7526.97	0
7532.6	0
7538.23	0
7543.86	0
7549.5	0
7555.14	0
7560.79	0
7566.44	0
7572.09	0
7577.74	0
7583.4	0
7589.06	0
7594.72	0
7600.38	0
7606.05	0
7611.73	0
7617.4	0
7623.08	0
7628.76	0
7634.44	0
7640.13	0
7645.82	0
7651.51	0
7657.21	0
7662.91	0
7668.61	0
7674.32	0
7680.02	0
7685.73	0
7691.45	0
7697.17	0
7702.89	0
7708.61	0
7714.34	0
7720.07	0
7725.8	0
7731.53	0
7737.27	0
7743.01	0
7748.76	0
7754.51	0
7760.26	0
7766.01	0
7771.77	0
7777.53	0
7783.29	0
7789.06	0
7794.83	0
7800.6	0
7806.38	0
7812.15	0
7817.94	0
7823.72	0
7829.51	0
7835.3	0
7841.09	0
7846.89	0
7852.69	0
7858.49	0
7864.3	0
7870.11	0
7875.92	0
7881.73	0
7887.55	0
7893.37	0
7899.2	0
7905.03	0
7910.86	0
7916.69	0
7922.53	0
7928.37	0
7934.21	0
7940.06	0
7945.91	0
7951.76	0
7957.61	0
7963.47	0
7969.33	0
7975.2	0
7981.06	0
7986.94	0
7992.81	0
7998.69	0
8004.57	0
8010.45	0
8016.33	0
8022.22	0
8028.12	0
8034.01	0
8039.91	0
8045.81	0
8051.72	0
8057.62	0
8063.53	0
8069.45	0
8075.37	0
8081.29	0
8087.21	0
8093.14	0
8099.06	0
8105	0
8110.93	0
8116.87	0
8122.81	0
8128.76	0
8134.71	0
8140.66	0
8146.61	0
8152.57	0
8158.53	0
8164.49	0
8170.46	0
8176.43	0
8182.4	0
8188.38	0
8194.36	0
8200.34	0
8206.33	0
8212.31	0
8218.31	0
8224.3	0
8230.3	0
8236.3	0
8242.3	0
8248.31	0
8254.32	0
8260.33	0
8266.35	0
8272.37	0
8278.39	0
8284.42	0
8290.45	0
8296.48	0
8302.51	0
8308.55	0
8314.59	0
8320.64	0
8326.69	0
8332.74	0
8338.79	0
8344.85	0
8350.91	0
8356.97	0
8363.04	0
8369.11	0
8375.18	0
8381.26	0
8387.34	0
8393.42	0
8399.5	1
8405.59	0
8411.68	0
8417.78	0
8423.88	0
8429.98	0
8436.08	0
8442.19	0
8448.3	0
8454.41	0
8460.53	0
8466.65	0
8472.77	0
8478.9	0
8485.03	0
8491.16	0
8497.3	0
8503.44	0
8509.58	0
8515.72	0
8521.87	0
8528.02	0
8534.18	0
8540.33	0
8546.5	0
8552.66	0
8558.83	0
8565	0
8571.17	0
8577.35	0
8583.53	0
8589.71	0
8595.9	0
8602.09	0
8608.28	0
8614.47	0
8620.67	0
8626.87	0
8633.08	0
8639.29	0
8645.5	0
8651.71	0
8657.93	0
8664.15	0
8670.38	0
8676.6	0
8682.83	0
8689.07	0
8695.3	0
8701.54	0
8707.79	0
8714.03	0
8720.28	0
8726.54	0
8732.79	0
8739.05	0
8745.31	0
8751.58	0
8757.85	0
8764.12	0
8770.39	0
8776.67	0
8782.95	0
8789.24	0
8795.53	0
8801.82	0
8808.11	0
8814.41	0
8820.71	0
8827.01	0
8833.32	0
8839.63	0
8845.94	0
8852.26	0
8858.58	0
8864.9	0
8871.23	0
8877.56	0
8883.89	0
8890.22	0
8896.56	0
8902.91	0
8909.25	0
8915.6	0
8921.95	0
8928.31	0
8934.66	0
8941.02	0
8947.39	0
8953.76	0
8960.13	0
8966.5	0
8972.88	0
8979.26	0
8985.64	0
8992.03	0
8998.42	0
9004.81	0
9011.21	0
9017.61	0
9024.01	0
9030.42	0
9036.83	0
9043.24	0
9049.66	0
9056.07	0
9062.5	0
9068.92	0
9075.35	0
9081.78	0
9088.22	0
9094.66	0
9101.1	0
9107.54	0
9113.99	0
9120.44	0
9126.9	0
9133.35	0
9139.81	0
9146.28	0
9152.75	0
9159.22	0
9165.69	0
9172.17	0
9178.65	0
9185.13	0
9191.62	0
9198.11	0
9204.6	0
9211.1	0
9217.6	0
9224.1	0
9230.61	0
9237.12	0
9243.63	0
9250.14	0
9256.66	0
9263.19	0
9269.71	0
9276.24	0
9282.77	0
9289.31	0
9295.85	0
9302.39	0
9308.93	0
9315.48	0
9322.03	0
9328.59	0
9335.15	0
9341.71	0
9348.27	0
9354.84	0
9361.41	0
9367.98	0
9374.56	0
9381.14	0
9387.73	0
9394.31	0
9400.91	0
9407.5	0
9414.1	0
9420.7	0
9427.3	0
9433.91	0
9440.52	0
9447.13	0
9453.75	0
9460.37	0
9466.99	0
9473.62	0
9480.25	0
9486.88	0
9493.52	0
9500.16	0
9506.8	0
9513.44	0
9520.09	0
9526.75	0
9533.4	0
9540.06	0
9546.72	0
9553.39	0
9560.06	0
9566.73	0
9573.41	0
9580.08	0
9586.77	0
9593.45	0
9600.14	0
9606.83	0
9613.53	0
9620.23	0
9626.93	0
9633.63	0
9640.34	0
9647.05	0
9653.77	0
9660.49	0
9667.21	0
9673.93	0
9680.66	0
9687.39	0
9694.13	0
9700.87	0
9707.61	0
9714.35	0
9721.1	0
9727.85	0
9734.6	0
9741.36	0
9748.12	0
9754.89	0
9761.66	0
9768.43	0
9775.2	0
9781.98	0
9788.76	0
9795.54	0
9802.33	0
9809.12	0
9815.91	0
9822.71	0
9829.51	0
9836.32	0
9843.12	0
9849.93	0
9856.75	0
9863.57	0
9870.39	0
9877.21	0
9884.04	0
9890.87	0
9897.7	0
9904.54	0
9911.38	0
9918.22	0
9925.07	0
9931.92	0
9938.77	0
9945.63	0
9952.49	0
9959.35	0
9966.22	0
9973.09	0
9979.97	0
9986.84	0
9993.72	0
10000.6	0
10007.5	0
10014.4	0
10021.3	0
10028.2	0
10035.1	0
10042	0
10048.9	0
10055.8	0
10062.7	0
10069.6	0
10076.5	0
10083.5	0
10090.4	0
10097.3	0
10104.3	0
10111.2	0
10118.1	0
10125.1	0
10132	0
10139	0
10145.9	0
10152.9	0
10159.8	0
10166.8	0
10173.8	0
10180.7	0
10187.7	0
10194.7	0
10201.7	0
10208.7	0
10215.6	0
10222.6	0
10229.6	0
10236.6	0
10243.6	0
10250.6	0
10257.6	0
10264.7	0
10271.7	0
10278.7	0
10285.7	0
10292.7	0
10299.8	0
10306.8	0
10313.8	0
10320.9	0
10327.9	0
10334.9	0
10342	0
10349	0
10356.1	0
10363.2	0
10370.2	0
10377.3	0
10384.3	0
10391.4	0
10398.5	0
10405.6	0
10412.6	0
10419.7	0
10426.8	0
10433.9	0
10441	0
10448.1	0
10455.2	0
10462.3	0
10469.4	0
10476.5	0
10483.6	0
10490.8	0
10497.9	0
10505	0
10512.1	0
10519.3	0
10526.4	0
10533.5	0
10540.7	0
10547.8	0
10555	0
10562.1	0
10569.3	0
10576.4	0
10583.6	0
10590.8	0
10597.9	0
10605.1	0
10612.3	0
10619.5	0
10626.7	0
10633.8	0
10641	0
10648.2	0
10655.4	0
10662.6	0
10669.8	0
10677	0
10684.2	0
10691.4	0
10698.7	0
10705.9	0
10713.1	0
10720.3	0
10727.6	0
10734.8	0
10742	0
10749.3	0
10756.5	0
10763.8	0
10771	0
10778.3	0
10785.5	0
10792.8	0
10800.1	0
10807.3	0
10814.6	0
10821.9	0
10829.1	0
10836.4	0
10843.7	0
10851	0
10858.3	0
10865.6	0
10872.9	0
10880.2	0
10887.5	0
10894.8	0
10902.1	0
10909.4	0
10916.7	0
10924.1	0
10931.4	0
10938.7	0
10946.1	0
10953.4	0
10960.7	0
10968.1	0
10975.4	0
10982.8	0
10990.1	0
10997.5	0
11004.8	0
11012.2	0
11019.6	0
11026.9	0
11034.3	0
11041.7	0
11049.1	0
11056.5	0
11063.8	0
11071.2	0
11078.6	0
11086	0
11093.4	0
11100.8	0
11108.2	0
11115.7	0
11123.1	0
11130.5	0
11137.9	0
11145.3	0
11152.8	0
11160.2	0
11167.6	0
11175.1	0
11182.5	0
11190	0
11197.4	0
11204.9	0
11212.3	0
11219.8	0
11227.2	0
11234.7	0
11242.2	0
11249.6	0
11257.1	0
11264.6	0
11272.1	0
11279.6	0
11287.1	0
11294.6	0
11302.1	0
11309.6	0
11317.1	0
11324.6	0
11332.1	0
11339.6	0
11347.1	0
11354.6	0
11362.2	0
11369.7	0
11377.2	0
11384.8	0
11392.3	0
11399.9	0
11407.4	0
11414.9	0
11422.5	0
11430.1	0
11437.6	0
11445.2	0
11452.8	0
11460.3	0
11467.9	0
11475.5	0
11483.1	0
11490.6	0
11498.2	0
11505.8	0
11513.4	0
11521	0
11528.6	0
11536.2	0
11543.8	0
11551.4	0
11559.1	0
11566.7	0
11574.3	0
11581.9	0
11589.6	0
11597.2	0
11604.8	0
11612.5	0
11620.1	0
11627.8	0
11635.4	0
11643.1	0
11650.7	0
11658.4	0
11666.1	0
11673.7	0
11681.4	0
11689.1	0
11696.7	0
11704.4	0
11712.1	0
11719.8	0
11727.5	0
11735.2	0
11742.9	0
11750.6	0
11758.3	0
11766	0
11773.7	0
11781.4	0
11789.2	0
11796.9	0
11804.6	0
11812.4	0
11820.1	0
11827.8	0
11835.6	0
11843.3	0
11851.1	0
11858.8	0
11866.6	1
11874.3	0
11882.1	0
11889.9	0
11897.6	0
11905.4	0
11913.2	0
11921	0
11928.8	0
11936.5	0
11944.3	0
11952.1	0
11959.9	0
11967.7	0
11975.5	0
11983.3	0
11991.2	0
11999	0
12006.8	0
12014.6	0
12022.4	0
12030.3	0
12038.1	0
12045.9	0
12053.8	0
12061.6	0
12069.5	0
12077.3	0
12085.2	0
12093	0
12100.9	0
12108.8	0
12116.6	0
12124.5	0
12132.4	0
12140.3	0
12148.2	0
12156	0
12163.9	0
12171.8	0
12179.7	0
12187.6	0
12195.5	0
12203.4	0
12211.3	0
12219.3	0
12227.2	0
12235.1	0
12243	0
12251	0
12258.9	0
12266.8	0
12274.8	0
12282.7	0
12290.7	0
12298.6	0
12306.6	0
12314.5	0
12322.5	0
12330.5	0
12338.4	0
12346.4	0
12354.4	0
12362.4	0
12370.3	0
12378.3	0
12386.3	0
12394.3	0
12402.3	0
12410.3	0
12418.3	0
12426.3	0
12434.3	0
12442.3	0
12450.4	0
12458.4	0
12466.4	0
12474.4	0
12482.5	0
12490.5	0
12498.5	0
12506.6	0
12514.6	0
12522.7	0
12530.7	0
12538.8	0
12546.9	0
12554.9	0
12563	0
12571.1	0
12579.2	0
12587.2	0
12595.3	0
12603.4	0
12611.5	0
12619.6	0
12627.7	0
12635.8	0
12643.9	0
12652	0
12660.1	0
12668.2	0
12676.3	0
12684.5	0
12692.6	0
12700.7	0
12708.9	0
12717	0
12725.1	0
12733.3	0
12741.4	0
12749.6	0
12757.7	0
12765.9	0
12774.1	0
12782.2	0
12790.4	0
12798.6	0
12806.7	0
12814.9	0
12823.1	0
12831.3	0
12839.5	0
12847.7	0
12855.9	0
12864.1	0
12872.3	0
12880.5	0
12888.7	0
12896.9	0
12905.1	0
12913.4	0
12921.6	0
12929.8	0
12938.1	0
12946.3	0
12954.5	0
12962.8	0
12971	0
12979.3	0
12987.5	0
12995.8	0
13004.1	0
13012.3	0
13020.6	0
13028.9	0
13037.2	0
13045.4	0
13053.7	0
13062	0
13070.3	0
13078.6	0
13086.9	0
13095.2	0
13103.5	0
13111.8	0
13120.1	0
13128.5	0
13136.8	0
13145.1	0
13153.4	0
13161.8	0
13170.1	0
13178.5	0
13186.8	0
13195.1	0
13203.5	0
13211.8	0
13220.2	0
13228.6	0
13236.9	0
13245.3	0
13253.7	0
13262.1	0
13270.4	0
13278.8	0
13287.2	0
13295.6	0
13304	0
13312.4	0
13320.8	0
13329.2	0
13337.6	0
13346	0
13354.4	0
13362.9	0
13371.3	0
13379.7	0
13388.1	0
13396.6	0
13405	0
13413.5	0
13421.9	0
13430.4	0
13438.8	0
13447.3	0
13455.7	0
13464.2	0
13472.7	0
13481.1	0
13489.6	0
13498.1	0
13506.6	0
13515.1	0
13523.5	0
13532	0
13540.5	0
13549	0
13557.5	0
13566.1	0
13574.6	0
13583.1	0
13591.6	0
13600.1	0
13608.6	0
13617.2	0
13625.7	0
13634.3	0
13642.8	0
13651.3	0
13659.9	0
13668.4	0
13677	0
13685.6	0
13694.1	0
13702.7	0
13711.3	0
13719.8	0
13728.4	0
13737	0
13745.6	0
13754.2	0
13762.8	0
13771.4	0
13780	0
13788.6	0
13797.2	0
13805.8	0
13814.4	0
13823	0
13831.6	0
13840.3	0
13848.9	0
13857.5	0
13866.2	0
13874.8	0
13883.5	0
13892.1	0
13900.8	0
13909.4	1
13918.1	0
13926.7	0
13935.4	0
13944.1	0
13952.8	0
13961.4	0
13970.1	0
13978.8	0
13987.5	0
13996.2	0
14004.9	0
14013.6	0
14022.3	0
14031	0
14039.7	0
14048.4	0
14057.1	0
14065.9	0
14074.6	0
14083.3	0
14092.1	0
14100.8	0
14109.5	0
14118.3	0
14127	0
14135.8	0
14144.5	0
14153.3	0
14162.1	0
14170.8	0
14179.6	0
14188.4	0
14197.2	0
14205.9	0
14214.7	0
14223.5	0
14232.3	0
14241.1	0
14249.9	0
14258.7	0
14267.5	0
14276.3	0
14285.2	0
14294	0
14302.8	0
14311.6	0
14320.5	0
14329.3	0
14338.1	0
14347	0
14355.8	0
14364.7	0
14373.5	0
14382.4	0
14391.2	0
14400.1	0
14409	0
14417.9	0
14426.7	0
14435.6	0
14444.5	0
14453.4	0
14462.3	0
14471.2	0
14480.1	0
14489	0
14497.9	0
14506.8	0
14515.7	0
14524.6	0
14533.5	0
14542.5	0
14551.4	0
14560.3	0
14569.3	0
14578.2	0
14587.2	1
14596.1	0
14605	0
14614	0
14623	0
14631.9	0
14640.9	0
14649.9	0
14658.8	0
14667.8	0
14676.8	0
14685.8	0
14694.8	0
14703.8	0
14712.8	0
14721.8	0
14730.8	0
14739.8	0
14748.8	0
14757.8	0
14766.8	0
14775.8	0
14784.9	0
14793.9	0
14802.9	0
14812	0
14821	0
14830.1	0
14839.1	0
14848.2	0
14857.2	0
14866.3	0
14875.4	0
14884.4	0
14893.5	0
14902.6	0
14911.7	0
14920.7	0
14929.8	0
14938.9	0
14948	0
14957.1	0
14966.2	0
14975.3	0
14984.4	0
14993.5	0
15002.7	0
15011.8	0
15020.9	0
15030	0
15039.2	0
15048.3	0
15057.5	0
15066.6	0
15075.8	0
15084.9	1
15094.1	0
15103.2	0
15112.4	0
15121.6	0
15130.7	0
15139.9	0
15149.1	0
15158.3	0
15167.4	0
15176.6	0
15185.8	0
15195	0
15204.2	0
15213.4	0
15222.6	0
15231.9	0
15241.1	0
15250.3	0
15259.5	0
15268.8	0
15278	0
15287.2	0
15296.5	0
15305.7	0
15315	0
15324.2	0
15333.5	0
15342.7	0
15352	0
15361.3	0
15370.5	0
15379.8	0
15389.1	0
15398.4	0
15407.6	0
15416.9	0
15426.2	0
15435.5	0
15444.8	0
15454.1	0
15463.4	0
15472.8	0
15482.1	0
15491.4	0
15500.7	0
15510.1	0
15519.4	0
15528.7	0
15538.1	0
15547.4	0
15556.8	0
15566.1	0
15575.5	0
15584.8	0
15594.2	0
15603.5	0
15612.9	0
15622.3	0
15631.7	0
15641.1	0
15650.4	0
15659.8	0
15669.2	0
15678.6	0
15688	0
15697.4	0
15706.8	0
15716.3	0
15725.7	0
15735.1	0
15744.5	0
15753.9	0
15763.4	0
15772.8	0
15782.3	0
15791.7	0
15801.1	0
15810.6	0
15820.1	0
15829.5	0
15839	0
15848.4	0
15857.9	0
15867.4	0
15876.9	0
15886.4	0
15895.8	0
15905.3	0
15914.8	0
15924.3	0
15933.8	0
15943.3	0
15952.8	0
15962.4	0
15971.9	0
15981.4	0
15990.9	0
16000.5	0
16010	0
16019.5	0
16029.1	0
16038.6	0
16048.2	0
16057.7	0
16067.3	0
16076.8	0
16086.4	0
16096	0
16105.5	0
16115.1	0
16124.7	0
16134.3	0
16143.9	0
16153.5	0
16163.1	0
16172.7	0
16182.3	0
16191.9	0
16201.5	0
16211.1	0
16220.7	0
16230.3	0
16240	0
16249.6	0
16259.2	0
16268.9	0
16278.5	0
16288.2	0
16297.8	0
16307.5	0
16317.1	0
16326.8	0
16336.4	0
16346.1	0
16355.8	0
16365.5	0
16375.1	0
16384.8	0
16394.5	0
16404.2	0
16413.9	0
16423.6	0
16433.3	0
16443	0
16452.7	0
16462.5	0
16472.2	0
16481.9	0
16491.6	0
16501.4	0
16511.1	0
16520.8	0
16530.6	0
16540.3	0
16550.1	0
16559.8	0
16569.6	0
16579.4	0
16589.1	0
16598.9	0
16608.7	0
16618.5	0
16628.2	0
16638	0
16647.8	0
16657.6	0
16667.4	0
16677.2	0
16687	0
16696.8	0
16706.7	0
16716.5	0
16726.3	0
16736.1	0
16746	0
16755.8	0
16765.6	0
16775.5	0
16785.3	0
16795.2	0
16805	0
16814.9	0
16824.7	0
16834.6	0
16844.5	0
16854.4	0
16864.2	0
16874.1	0
16884	0
16893.9	0
16903.8	0
16913.7	0
16923.6	0
16933.5	0
16943.4	0
16953.3	0
16963.2	0
16973.2	0
16983.1	0
16993	0
17002.9	0
17012.9	0
17022.8	0
17032.8	0
17042.7	0
17052.7	0
17062.6	0
17072.6	0
17082.6	0
17092.5	0
17102.5	0
17112.5	0
17122.5	0
17132.4	0
17142.4	0
17152.4	0
17162.4	0
17172.4	0
17182.4	0
17192.4	0
17202.4	0
17212.5	0
17222.5	0
17232.5	0
17242.5	0
17252.6	0
17262.6	0
17272.7	0
17282.7	0
17292.7	0
17302.8	0
17312.9	0
17322.9	0
17333	0
17343	0
17353.1	0
17363.2	0
17373.3	0
17383.4	0
17393.5	0
17403.5	0
17413.6	0
17423.7	0
17433.8	0
17444	0
17454.1	0
17464.2	0
17474.3	0
17484.4	0
17494.6	0
17504.7	0
17514.8	0
17525	0
17535.1	0
17545.3	0
17555.4	0
17565.6	0
17575.7	0
17585.9	0
17596.1	0
17606.2	0
17616.4	0
17626.6	0
17636.8	0
17647	0
17657.2	0
17667.4	0
17677.6	0
17687.8	0
17698	0
17708.2	0
17718.4	0
17728.6	0
17738.9	0
17749.1	0
17759.3	0
17769.5	0
17779.8	0
17790	0
17800.3	0
17810.5	0
17820.8	0
17831.1	0
17841.3	0
17851.6	0
17861.9	0
17872.1	0
17882.4	0
17892.7	0
17903	0
17913.3	0
17923.6	0
17933.9	0
17944.2	0
17954.5	0
17964.8	0
17975.1	0
17985.5	0
17995.8	0
18006.1	0
18016.4	0
18026.8	0
18037.1	0
18047.5	0
18057.8	0
18068.2	0
18078.5	0
18088.9	0
18099.3	0
18109.6	0
18120	0
18130.4	0
18140.8	0
18151.2	0
18161.5	0
18171.9	0
18182.3	0
18192.7	0
18203.1	0
18213.6	0
18224	0
18234.4	0
18244.8	0
18255.2	0
18265.7	0
18276.1	0
18286.5	0
18297	0
18307.4	0
18317.9	0
18328.3	0
18338.8	0
18349.3	0
18359.7	0
18370.2	0
18380.7	0
18391.2	0
18401.6	0
18412.1	0
18422.6	0
18433.1	0
18443.6	0
18454.1	0
18464.6	0
18475.1	0
18485.7	0
18496.2	0
18506.7	0
18517.2	0
18527.8	0
18538.3	0
18548.8	0
18559.4	0
18569.9	0
18580.5	0
18591	0
18601.6	0
18612.2	0
18622.7	0
18633.3	0
18643.9	0
18654.5	0
18665.1	0
18675.6	0
18686.2	0
18696.8	0
18707.4	0
18718	0
18728.7	0
18739.3	0
18749.9	0
18760.5	0
18771.1	0
18781.8	0
18792.4	0
18803	0
18813.7	0
18824.3	0
18835	0
18845.6	0
18856.3	0
18867	0
18877.6	0
18888.3	0
18899	0
18909.7	0
18920.3	0
18931	0
18941.7	0
18952.4	0
18963.1	0
18973.8	0
18984.5	0
18995.2	0
19006	0
19016.7	0
19027.4	0
19038.1	0
19048.9	0
19059.6	0
19070.3	0
19081.1	0
19091.8	0
19102.6	0
19113.3	0
19124.1	0
19134.9	0
19145.6	0
19156.4	0
19167.2	0
19178	0
19188.8	0
19199.6	0
19210.4	0
19221.2	0
19232	0
19242.8	0
19253.6	0
19264.4	0
19275.2	0
19286	0
19296.9	0
19307.7	0
19318.5	0
19329.4	0
19340.2	0
19351.1	0
19361.9	0
19372.8	0
19383.6	0
19394.5	0
19405.4	0
19416.2	0
19427.1	0
19438	0
19448.9	0
19459.8	0
19470.7	0
19481.6	0
19492.5	0
19503.4	0
19514.3	0
19525.2	0
19536.1	0
19547	0
19558	0
19568.9	0
19579.8	0
19590.8	0
19601.7	0
19612.7	0
19623.6	0
19634.6	0
19645.5	0
19656.5	0
19667.5	0
19678.4	0
19689.4	0
19700.4	0
19711.4	0
19722.4	0
19733.4	0
19744.4	0
19755.4	0
19766.4	0
19777.4	0
19788.4	0
19799.4	0
19810.4	0
19821.5	0
19832.5	0
19843.5	0
19854.6	0
19865.6	0
19876.7	0
19887.7	0
19898.8	0
19909.8	0
19920.9	0
19932	0
19943	0
19954.1	0
19965.2	0
19976.3	0
19987.4	0
19998.5	0
20009.6	0
20020.7	0
20031.8	0
20042.9	0
20054	0
20065.1	0
20076.3	0
20087.4	0
20098.5	0
20109.6	0
20120.8	0
20131.9	0
20143.1	0
20154.2	0
20165.4	0
20176.5	0
20187.7	0
20198.9	0
20210.1	0
20221.2	0
20232.4	0
20243.6	0
20254.8	0
20266	0
20277.2	0
20288.4	0
20299.6	0
20310.8	0
20322	0
20333.2	0
20344.5	0
20355.7	0
20366.9	0
20378.2	0
20389.4	0
20400.6	0
20411.9	0
20423.1	0
20434.4	0
20445.7	0
20456.9	0
20468.2	0
20479.5	0
20490.8	0
20502	0
20513.3	0
20524.6	0
20535.9	0
20547.2	0
20558.5	0
20569.8	0
20581.1	0
20592.5	0
20603.8	0
20615.1	0
20626.4	0
20637.8	0
20649.1	0
20660.4	0
20671.8	0
20683.1	0
20694.5	0
20705.9	0
20717.2	0
20728.6	0
20740	0
20751.3	0
20762.7	0
20774.1	0
20785.5	0
20796.9	0
20808.3	0
20819.7	0
20831.1	0
20842.5	0
20853.9	0
20865.3	0
20876.7	0
20888.2	0
20899.6	0
20911	0
20922.5	0
20933.9	0
20945.4	0
20956.8	0
20968.3	0
20979.7	0
20991.2	0
21002.7	0
21014.1	0
21025.6	0
21037.1	0
21048.6	0
21060.1	0
21071.6	0
21083.1	0
21094.6	0
21106.1	0
21117.6	0
21129.1	0
21140.6	0
21152.1	0
21163.7	0
21175.2	0
21186.7	0
21198.3	0
21209.8	0
21221.4	0
21232.9	0
21244.5	0
21256.1	0
21267.6	0
21279.2	0
21290.8	0
21302.3	0
21313.9	0
21325.5	0
21337.1	0
21348.7	0
21360.3	0
21371.9	0
21383.5	0
21395.1	0
21406.8	0
21418.4	0
21430	0
21441.6	0
21453.3	0
21464.9	0
21476.6	0
21488.2	0
21499.9	0
21511.5	0
21523.2	0
21534.8	0
21546.5	0
21558.2	0
21569.9	0
21581.5	0
21593.2	0
21604.9	0
21616.6	0
21628.3	0
21640	0
21651.7	0
21663.4	0
21675.2	0
21686.9	0
21698.6	0
21710.3	0
21722.1	0
21733.8	0
21745.5	0
21757.3	0
21769	0
21780.8	0
21792.6	0
21804.3	0
21816.1	0
21827.9	0
21839.6	0
21851.4	0
21863.2	0
21875	0
21886.8	0
21898.6	0
21910.4	0
21922.2	0
21934	0
