-5.15587e-020	0
0.2201	0
0.4402	0
0.6603	0
0.8804	0
1.1005	0
1.3206	0
1.5407	0
1.7608	0
1.9809	0
2.201	0
2.4211	0
2.6412	0
2.8613	0
3.0814	0
3.3015	0
3.5216	0
3.7417	0
3.9618	0
4.1819	0
4.402	0
4.6221	0
4.8422	0
5.0623	0
5.2824	0
5.5025	0
5.7226	0
5.9427	0
6.1628	0
6.3829	0
6.603	0
6.8231	0
7.0432	0
7.2633	0
7.4834	10
7.7035	46
7.9236	209
8.1437	352
8.3638	366
8.5839	406
8.804	377
9.0241	398
9.2442	410
9.4643	427
9.6844	382
9.9045	382
10.1246	401
10.3447	390
10.5648	388
10.7849	378
11.005	411
11.2251	394
11.4452	398
11.6653	415
11.8854	387
12.1055	387
12.3256	401
12.5457	425
12.7658	419
12.9859	396
13.206	392
13.4261	405
13.6462	413
13.8663	414
14.0864	425
14.3065	416
14.5266	441
14.7467	409
14.9668	432
15.1869	454
15.407	414
15.6271	454
15.8472	470
16.0673	459
16.2874	448
16.5075	421
16.7276	432
16.9477	474
17.1678	518
17.3879	501
17.608	485
17.8281	525
18.0482	567
18.2683	684
18.4884	653
18.7085	662
18.9286	538
19.1487	457
19.3688	428
19.5889	418
19.809	451
20.0291	422
20.2492	392
20.4693	430
20.6894	424
20.9095	421
21.1296	405
21.3497	457
21.5698	515
21.7899	474
22.01	486
22.2301	497
22.4502	567
22.6703	623
22.8904	605
23.1105	607
23.3306	603
23.5507	664
23.7708	713
23.9909	731
24.211	760
24.4311	890
24.6512	1022
24.8713	1095
25.0914	1244
25.3115	1402
25.5316	1371
25.7517	1305
25.9718	1333
26.1919	1360
26.412	1366
26.6321	1268
26.8522	1243
27.0723	1347
27.2924	1525
27.5125	2110
27.7326	3528
27.9527	6228
28.1728	9181
28.3929	11118
28.613	10514
28.8331	7448
29.0532	3996
29.2733	1716
29.4934	880
29.7135	655
29.9336	599
30.1537	555
30.3738	544
30.5939	491
30.814	488
31.0341	526
31.2542	546
31.4743	538
31.6944	585
31.9145	669
32.1346	1015
32.3547	1661
32.5748	2496
32.7949	2819
33.015	2281
33.2351	1682
33.4552	1274
33.6753	1066
33.8954	903
34.1155	622
34.3356	466
34.5557	345
34.7758	363
34.9959	352
35.216	354
35.4361	332
35.6562	333
35.8763	320
36.0964	348
36.3165	316
36.5366	356
36.7567	315
36.9768	299
37.1969	315
37.417	310
37.6371	300
37.8572	325
38.0773	323
38.2974	302
38.5175	317
38.7376	321
38.9577	363
39.1778	317
39.3979	324
39.618	308
39.8381	318
40.0582	339
40.2783	294
40.4984	285
40.7185	313
40.9386	315
41.1587	344
41.3788	291
41.5989	311
41.819	331
42.0391	326
42.2592	282
42.4793	298
42.6994	316
42.9195	299
43.1396	327
43.3597	340
43.5798	333
43.7999	342
44.02	327
44.2401	316
44.4602	309
44.6803	315
44.9004	294
45.1205	304
45.3406	319
45.5607	308
45.7808	298
46.0009	326
46.221	289
46.4411	313
46.6612	280
46.8813	288
47.1014	299
47.3215	324
47.5416	301
47.7617	306
47.9818	314
48.2019	298
48.422	297
48.6421	281
48.8622	307
49.0823	298
49.3024	278
49.5225	297
49.7426	262
49.9627	296
50.1828	310
50.4029	299
50.623	336
50.8431	323
51.0632	313
51.2833	306
51.5034	272
51.7235	290
51.9436	295
52.1637	295
52.3838	288
52.6039	300
52.824	303
53.0441	311
53.2642	285
53.4843	306
53.7044	262
53.9245	308
54.1446	321
54.3647	321
54.5848	289
54.8049	305
55.025	282
55.2451	315
55.4652	315
55.6853	291
55.9054	308
56.1255	304
56.3456	272
56.5657	302
56.7858	299
57.0059	287
57.226	311
57.4461	279
57.6662	316
57.8863	309
58.1064	305
58.3265	310
58.5466	319
58.7667	304
58.9868	316
59.2069	301
59.427	342
59.6471	296
59.8672	294
60.0873	316
60.3074	330
60.5275	309
60.7476	295
60.9677	308
61.1878	296
61.4079	324
61.628	315
61.8481	298
62.0682	319
62.2883	305
62.5084	302
62.7285	333
62.9486	320
63.1687	332
63.3888	325
63.6089	307
63.829	335
64.0491	344
64.2692	298
64.4893	297
64.7094	326
64.9295	343
65.1496	296
65.3697	292
65.5898	334
65.8099	328
66.03	306
66.2501	300
66.4702	300
66.6903	307
66.9104	338
67.1305	319
67.3506	278
67.5707	372
67.7908	310
68.0109	313
68.231	305
68.4511	329
68.6712	323
68.8913	383
69.1114	446
69.3315	513
69.5516	544
69.7717	483
69.9918	438
70.2119	330
70.432	333
70.6521	343
70.8722	399
71.0923	481
71.3124	596
71.5325	690
71.7526	745
71.9727	677
72.1928	474
72.4129	351
72.633	325
72.8531	295
73.0732	297
73.2933	347
73.5134	312
73.7335	333
73.9536	312
74.1737	305
74.3938	287
74.6139	331
74.834	326
75.0541	285
75.2742	290
75.4943	306
75.7144	299
75.9345	299
76.1546	294
76.3747	291
76.5948	333
76.8149	286
77.035	305
77.2551	307
77.4752	295
77.6953	304
77.9154	311
78.1355	308
78.3556	303
78.5757	305
78.7958	312
79.0159	282
79.236	319
79.4561	295
79.6762	326
79.8963	298
80.1164	305
80.3365	310
80.5566	321
80.7767	343
80.9968	395
81.2169	455
81.437	535
81.6571	543
81.8772	501
82.0973	395
82.3174	345
82.5375	369
82.7576	356
82.9777	312
83.1978	324
83.4179	360
83.638	344
83.8581	353
84.0782	372
84.2983	393
84.5184	393
84.7385	313
84.9586	317
85.1787	312
85.3988	275
85.6189	286
85.839	330
86.0591	304
86.2792	286
86.4993	317
86.7194	308
86.9395	280
87.1596	285
87.3797	277
87.5998	290
87.8199	308
88.04	279
88.2601	302
88.4802	290
88.7003	281
88.9204	310
89.1405	290
89.3606	292
89.5807	328
89.8008	298
90.0209	287
90.241	303
90.4611	317
90.6812	288
90.9013	292
91.1214	303
91.3415	266
91.5616	288
91.7817	279
92.0018	311
92.2219	300
92.442	265
92.6621	327
92.8822	267
93.1023	295
93.3224	296
93.5425	326
93.7626	284
93.9827	294
94.2028	272
94.4229	282
94.643	275
94.8631	295
95.0832	284
95.3033	288
95.5234	271
95.7435	298
95.9636	287
96.1837	312
96.4038	274
96.6239	297
96.844	277
97.0641	309
97.2842	275
97.5043	316
97.7244	283
97.9445	312
98.1646	278
98.3847	283
98.6048	297
98.8249	305
99.045	281
99.2651	257
99.4852	277
99.7053	280
99.9254	282
100.146	278
100.366	280
100.586	311
100.806	276
101.026	272
101.246	290
101.466	264
101.686	318
101.906	283
102.126	278
102.346	291
102.567	291
102.787	285
103.007	292
103.227	279
103.447	258
103.667	305
103.887	306
104.107	301
104.327	255
104.548	274
104.768	308
104.988	281
105.208	290
105.428	291
105.648	283
105.868	267
106.088	283
106.308	304
106.528	321
106.748	291
106.969	292
107.189	272
107.409	286
107.629	292
107.849	292
108.069	296
108.289	299
108.509	324
108.729	316
108.95	321
109.17	316
109.39	345
109.61	288
109.83	304
110.05	302
110.27	288
110.49	324
110.71	286
110.93	289
111.15	303
111.371	331
111.591	309
111.811	316
112.031	277
112.251	294
112.471	302
112.691	304
112.911	316
113.131	311
113.352	310
113.572	294
113.792	313
114.012	311
114.232	315
114.452	298
114.672	312
114.892	329
115.112	281
115.332	311
115.552	291
115.773	306
115.993	320
116.213	322
116.433	300
116.653	325
116.873	292
117.093	308
117.313	265
117.533	309
117.753	291
117.974	316
118.194	290
118.414	281
118.634	329
118.854	318
119.074	309
119.294	286
119.514	319
119.734	312
119.955	297
120.175	305
120.395	308
120.615	311
120.835	295
121.055	294
121.275	295
121.495	292
121.715	333
121.935	314
122.155	354
122.376	302
122.596	319
122.816	327
123.036	312
123.256	307
123.476	283
123.696	310
123.916	321
124.136	316
124.357	353
124.577	318
124.797	320
125.017	316
125.237	289
125.457	297
125.677	279
125.897	308
126.117	317
126.337	290
126.557	293
126.778	336
126.998	320
127.218	328
127.438	296
127.658	303
127.878	298
128.098	313
128.318	317
128.538	277
128.759	312
128.979	317
129.199	339
129.419	274
129.639	317
129.859	316
130.079	324
130.299	309
130.519	314
130.739	308
130.959	317
131.18	320
131.4	296
131.62	317
131.84	365
132.06	279
132.28	316
132.5	314
132.72	294
132.94	317
133.16	311
133.381	316
133.601	303
133.821	322
134.041	343
134.261	292
134.481	298
134.701	301
134.921	300
135.141	318
135.362	320
135.582	303
135.802	318
136.022	293
136.242	283
136.462	269
136.682	312
136.902	309
137.122	315
137.342	317
137.563	290
137.783	295
138.003	297
138.223	299
138.443	300
138.663	300
138.883	293
139.103	307
139.323	301
139.543	328
139.763	320
139.984	322
140.204	302
140.424	284
140.644	314
140.864	272
141.084	322
141.304	299
141.524	311
141.744	300
141.964	269
142.185	295
142.405	314
142.625	323
142.845	289
143.065	321
143.285	285
143.505	288
143.725	267
143.945	280
144.165	295
144.386	311
144.606	292
144.826	293
145.046	291
145.266	277
145.486	295
145.706	274
145.926	285
146.146	256
146.367	277
146.587	269
146.807	282
147.027	278
147.247	277
147.467	264
147.687	273
147.907	304
148.127	285
148.347	276
148.568	283
148.788	303
149.008	292
149.228	301
149.448	321
149.668	289
149.888	315
150.108	293
150.328	306
150.548	286
150.768	284
150.989	294
151.209	306
151.429	276
151.649	278
151.869	298
152.089	302
152.309	286
152.529	325
152.749	300
152.969	264
153.19	277
153.41	291
153.63	299
153.85	269
154.07	337
154.29	286
154.51	298
154.73	290
154.95	298
155.171	291
155.391	320
155.611	294
155.831	269
156.051	299
156.271	309
156.491	276
156.711	273
156.931	286
157.151	280
157.372	271
157.592	295
157.812	285
158.032	297
158.252	284
158.472	308
158.692	288
158.912	280
159.132	294
159.352	328
159.572	316
159.793	280
160.013	280
160.233	301
160.453	312
160.673	308
160.893	289
161.113	262
161.333	286
161.553	284
161.773	288
161.994	291
162.214	286
162.434	276
162.654	281
162.874	275
163.094	279
163.314	269
163.534	321
163.754	294
163.975	283
164.195	325
164.415	275
164.635	273
164.855	298
165.075	292
165.295	277
165.515	305
165.735	281
165.955	286
166.176	289
166.396	277
166.616	265
166.836	264
167.056	261
167.276	273
167.496	248
167.716	321
167.936	287
168.156	272
168.376	298
168.597	315
168.817	270
169.037	269
169.257	299
169.477	272
169.697	274
169.917	308
170.137	250
170.357	279
170.577	269
170.798	275
171.018	260
171.238	286
171.458	288
171.678	312
171.898	286
172.118	283
172.338	275
172.558	253
172.778	306
172.999	279
173.219	272
173.439	292
173.659	261
173.879	313
174.099	263
174.319	297
174.539	267
174.759	274
174.98	295
175.2	275
175.42	260
175.64	265
175.86	290
176.08	306
176.3	284
176.52	295
176.74	322
176.96	315
177.18	322
177.401	315
177.621	294
177.841	283
178.061	291
178.281	291
178.501	296
178.721	319
178.941	291
179.161	304
179.381	317
179.602	313
179.822	327
180.042	323
180.262	327
180.482	328
180.702	365
180.922	357
181.142	315
181.362	355
181.582	316
181.803	316
182.023	365
182.243	369
182.463	415
182.683	394
182.903	419
183.123	430
183.343	449
183.563	434
183.784	440
184.004	417
184.224	420
184.444	371
184.664	429
184.884	441
185.104	436
185.324	376
185.544	411
185.764	435
185.985	410
186.205	460
186.425	411
186.645	430
186.865	376
187.085	424
187.305	430
187.525	412
187.745	417
187.965	424
188.185	388
188.406	407
188.626	407
188.846	409
189.066	409
189.286	431
189.506	385
189.726	415
189.946	413
190.166	412
190.386	410
190.607	406
190.827	398
191.047	394
191.267	414
191.487	419
191.707	416
191.927	430
192.147	415
192.367	397
192.587	399
192.808	435
193.028	415
193.248	389
193.468	394
193.688	346
193.908	402
194.128	386
194.348	405
194.568	384
194.789	399
195.009	456
195.229	379
195.449	395
195.669	410
195.889	382
196.109	408
196.329	388
196.549	369
196.769	413
196.989	419
197.21	385
197.43	396
197.65	395
197.87	385
198.09	415
198.31	375
198.53	370
198.75	401
198.97	353
199.19	386
199.411	397
199.631	391
199.851	370
200.071	393
200.291	378
200.511	366
200.731	393
200.951	439
201.171	399
201.391	367
201.612	414
201.832	389
202.052	388
202.272	378
202.492	391
202.712	374
202.932	371
203.152	375
203.372	404
203.593	359
203.813	387
204.033	411
204.253	367
204.473	384
204.693	373
204.913	345
205.133	351
205.353	382
205.573	385
205.793	365
206.014	343
206.234	390
206.454	350
206.674	385
206.894	377
207.114	378
207.334	355
207.554	329
207.774	385
207.994	369
208.215	334
208.435	389
208.655	362
208.875	314
209.095	383
209.315	360
209.535	343
209.755	393
209.975	374
210.195	352
210.416	347
210.636	370
210.856	369
211.076	365
211.296	395
211.516	401
211.736	336
211.956	383
212.176	372
212.397	374
212.617	346
212.837	341
213.057	345
213.277	355
213.497	394
213.717	354
213.937	365
214.157	324
214.377	384
214.598	367
214.818	368
215.038	379
215.258	361
215.478	318
215.698	349
215.918	354
216.138	348
216.358	352
216.578	350
216.798	352
217.019	343
217.239	329
217.459	366
217.679	366
217.899	375
218.119	341
218.339	346
218.559	340
218.779	346
218.999	297
219.22	361
219.44	332
219.66	382
219.88	340
220.1	357
220.32	338
220.54	366
220.76	353
220.98	335
221.2	338
221.421	368
221.641	338
221.861	366
222.081	314
222.301	331
222.521	341
222.741	337
222.961	361
223.181	338
223.402	328
223.622	322
223.842	353
224.062	368
224.282	333
224.502	317
224.722	330
224.942	372
225.162	324
225.382	318
225.602	323
225.823	342
226.043	342
226.263	310
226.483	359
226.703	314
226.923	326
227.143	346
227.363	337
227.583	333
227.803	325
228.024	320
228.244	311
228.464	341
228.684	317
228.904	318
229.124	318
229.344	298
229.564	313
229.784	351
230.004	337
230.225	328
230.445	326
230.665	302
230.885	298
231.105	324
231.325	328
231.545	304
231.765	302
231.985	327
232.206	298
232.426	291
232.646	292
232.866	319
233.086	278
233.306	352
233.526	291
233.746	321
233.966	294
234.186	293
234.406	330
234.627	321
234.847	306
235.067	314
235.287	284
235.507	317
235.727	291
235.947	309
236.167	305
236.387	290
236.607	304
236.828	321
237.048	289
237.268	329
237.488	313
237.708	300
237.928	285
238.148	310
238.368	303
238.588	306
238.808	300
239.029	305
239.249	290
239.469	320
239.689	297
239.909	286
240.129	284
240.349	295
240.569	260
240.789	261
241.01	273
241.23	282
241.45	284
241.67	307
241.89	279
242.11	289
242.33	261
242.55	308
242.77	275
242.99	290
243.211	302
243.431	258
243.651	296
243.871	262
244.091	268
244.311	275
244.531	310
244.751	287
244.971	296
245.191	275
245.411	262
245.632	315
245.852	273
246.072	297
246.292	304
246.512	271
246.732	269
246.952	252
247.172	282
247.392	282
247.612	302
247.833	291
248.053	245
248.273	283
248.493	273
248.713	295
248.933	279
249.153	264
249.373	268
249.593	277
249.813	262
250.034	257
250.254	248
250.474	255
250.694	267
250.914	244
251.134	251
251.354	246
251.574	261
251.794	252
252.015	273
252.235	273
252.455	275
252.675	265
252.895	256
253.115	254
253.335	276
253.555	265
253.775	284
253.995	271
254.215	240
254.436	276
254.656	262
254.876	257
255.096	256
255.316	281
255.536	245
255.756	237
255.976	257
256.196	249
256.416	255
256.637	259
256.857	251
257.077	262
257.297	260
257.517	231
257.737	270
257.957	259
258.177	215
258.397	240
258.618	240
258.838	239
259.058	248
259.278	251
259.498	261
259.718	265
259.938	233
260.158	255
260.378	253
260.598	234
260.818	249
261.039	252
261.259	244
261.479	234
261.699	232
261.919	236
262.139	247
262.359	238
262.579	270
262.799	230
263.019	235
263.24	244
263.46	247
263.68	224
263.9	262
264.12	236
264.34	246
264.56	256
264.78	248
265	236
265.221	219
265.441	265
265.661	252
265.881	211
266.101	235
266.321	224
266.541	215
266.761	239
266.981	247
267.201	246
267.421	243
267.642	257
267.862	238
268.082	242
268.302	228
268.522	217
268.742	233
268.962	222
269.182	242
269.402	238
269.623	267
269.843	225
270.063	217
270.283	234
270.503	209
270.723	220
270.943	216
271.163	205
271.383	209
271.603	249
271.823	231
272.044	191
272.264	227
272.484	267
272.704	247
272.924	225
273.144	200
273.364	235
273.584	216
273.804	227
274.024	208
274.245	234
274.465	223
274.685	229
274.905	208
275.125	241
275.345	253
275.565	212
275.785	214
276.005	216
276.226	240
276.446	195
276.666	200
276.886	240
277.106	217
277.326	224
277.546	204
277.766	203
277.986	223
278.206	209
278.426	202
278.647	209
278.867	208
279.087	219
279.307	220
279.527	231
279.747	237
279.967	229
280.187	231
280.407	197
280.628	216
280.848	233
281.068	222
281.288	228
281.508	191
281.728	209
281.948	213
282.168	204
282.388	215
282.608	209
282.828	201
283.049	230
283.269	233
283.489	204
283.709	206
283.929	211
284.149	204
284.369	228
284.589	229
284.809	220
285.029	220
285.25	216
285.47	221
285.69	224
285.91	215
286.13	198
286.35	208
286.57	211
286.79	192
287.01	201
287.231	192
287.451	228
287.671	207
287.891	195
288.111	198
288.331	188
288.551	231
288.771	203
288.991	165
289.211	231
289.431	207
289.652	201
289.872	217
290.092	172
290.312	183
290.532	199
290.752	196
290.972	235
291.192	211
291.412	219
291.632	205
291.853	206
292.073	179
292.293	205
292.513	212
292.733	186
292.953	195
293.173	208
293.393	190
293.613	210
293.834	206
294.054	182
294.274	186
294.494	198
294.714	223
294.934	233
295.154	205
295.374	203
295.594	196
295.814	203
296.034	204
296.255	218
296.475	211
296.695	217
296.915	200
297.135	190
297.355	216
297.575	205
297.795	203
298.015	167
298.236	218
298.456	189
298.676	210
298.896	206
299.116	195
299.336	178
299.556	198
299.776	186
299.996	213
300.216	195
300.436	201
300.657	167
300.877	180
301.097	206
301.317	210
301.537	193
301.757	200
301.977	192
302.197	169
302.417	217
302.637	194
302.858	190
303.078	197
303.298	196
303.518	201
303.738	217
303.958	186
304.178	179
304.398	228
304.618	178
304.839	185
305.059	224
305.279	207
305.499	219
305.719	188
305.939	192
306.159	209
306.379	196
306.599	222
306.819	171
307.039	197
307.26	180
307.48	191
307.7	182
307.92	169
308.14	175
308.36	194
308.58	202
308.8	204
309.02	196
309.241	196
309.461	190
309.681	174
309.901	178
310.121	187
310.341	183
310.561	182
310.781	203
311.001	193
311.221	215
311.441	187
311.662	166
311.882	165
312.102	200
312.322	199
312.542	185
312.762	190
312.982	220
313.202	203
313.422	203
313.642	206
313.863	182
314.083	182
314.303	172
314.523	186
314.743	160
314.963	189
315.183	166
315.403	176
315.623	174
315.844	192
316.064	214
316.284	195
316.504	200
316.724	192
316.944	152
317.164	186
317.384	174
317.604	203
317.824	183
318.044	200
318.265	178
318.485	187
318.705	188
318.925	195
319.145	196
319.365	168
319.585	191
319.805	177
320.025	177
320.245	169
320.466	193
320.686	190
320.906	192
321.126	176
321.346	207
321.566	205
321.786	173
322.006	220
322.226	196
322.446	184
322.667	203
322.887	175
323.107	193
323.327	180
323.547	189
323.767	217
323.987	198
324.207	163
324.427	179
324.647	199
324.868	175
325.088	160
325.308	183
325.528	171
325.748	181
325.968	174
326.188	172
326.408	177
326.628	199
326.849	180
327.069	164
327.289	197
327.509	195
327.729	184
327.949	200
328.169	190
328.389	180
328.609	184
328.829	174
329.049	189
329.27	160
329.49	186
329.71	197
329.93	214
330.15	194
330.37	187
330.59	161
330.81	173
331.03	174
331.25	200
331.471	178
331.691	183
331.911	181
332.131	181
332.351	192
332.571	157
332.791	184
333.011	193
333.231	192
333.452	167
333.672	190
333.892	202
334.112	179
334.332	164
334.552	193
334.772	172
334.992	194
335.212	196
335.432	187
335.652	200
335.873	188
336.093	168
336.313	156
336.533	193
336.753	201
336.973	210
337.193	207
337.413	173
337.633	168
337.854	188
338.074	177
338.294	213
338.514	179
338.734	174
338.954	185
339.174	188
339.394	185
339.614	157
339.834	172
340.054	191
340.275	188
340.495	190
340.715	170
340.935	192
341.155	198
341.375	212
341.595	164
341.815	178
342.035	209
342.255	189
342.476	186
342.696	160
342.916	174
343.136	179
343.356	170
343.576	178
343.796	190
344.016	158
344.236	163
344.457	202
344.677	184
344.897	187
345.117	202
345.337	171
345.557	185
345.777	170
345.997	192
346.217	167
346.437	151
346.657	170
346.878	166
347.098	169
347.318	168
347.538	173
347.758	181
347.978	185
348.198	156
348.418	188
348.638	176
348.858	197
349.079	175
349.299	184
349.519	176
349.739	187
349.959	193
350.179	196
350.399	176
350.619	182
350.839	150
351.059	170
351.28	183
351.5	153
351.72	158
351.94	178
352.16	154
352.38	162
352.6	162
352.82	199
353.04	184
353.26	195
353.481	165
353.701	171
353.921	180
354.141	167
354.361	151
354.581	189
354.801	165
355.021	161
355.241	173
355.462	201
355.682	181
355.902	173
356.122	193
356.342	181
356.562	191
356.782	178
357.002	183
357.222	179
357.442	168
357.662	175
357.883	164
358.103	159
358.323	184
358.543	164
358.763	178
358.983	206
359.203	180
359.423	193
359.643	164
359.863	181
360.084	172
360.304	191
360.524	193
360.744	171
360.964	194
361.184	185
361.404	201
361.624	190
361.844	169
362.065	179
362.285	180
362.505	196
362.725	168
362.945	163
363.165	186
363.385	170
363.605	164
363.825	205
364.045	223
364.265	157
364.486	167
364.706	178
364.926	204
365.146	193
365.366	189
365.586	198
365.806	168
366.026	161
366.246	171
366.467	196
366.687	178
366.907	188
367.127	183
367.347	183
367.567	194
367.787	215
368.007	173
368.227	205
368.447	181
368.667	184
368.888	171
369.108	190
369.328	184
369.548	188
369.768	219
369.988	152
370.208	176
370.428	176
370.648	184
370.868	187
371.089	169
371.309	205
371.529	165
371.749	185
371.969	206
372.189	175
372.409	200
372.629	192
372.849	172
373.07	184
373.29	181
373.51	188
373.73	182
373.95	181
374.17	183
374.39	188
374.61	198
374.83	186
375.05	177
375.27	170
375.491	197
375.711	199
375.931	181
376.151	205
376.371	184
376.591	152
376.811	174
377.031	161
377.251	198
377.471	168
377.692	173
377.912	161
378.132	178
378.352	200
378.572	185
378.792	199
379.012	173
379.232	195
379.452	200
379.672	183
379.893	200
380.113	183
380.333	212
380.553	195
380.773	164
380.993	186
381.213	183
381.433	172
381.653	197
381.873	206
382.094	185
382.314	171
382.534	176
382.754	175
382.974	201
383.194	174
383.414	199
383.634	190
383.854	185
384.075	193
384.295	174
384.515	188
384.735	197
384.955	183
385.175	191
385.395	174
385.615	203
385.835	189
386.055	188
386.275	175
386.496	177
386.716	223
386.936	171
387.156	204
387.376	173
387.596	183
387.816	185
388.036	194
388.256	195
388.476	185
388.697	202
388.917	185
389.137	173
389.357	152
389.577	207
389.797	184
390.017	188
390.237	180
390.457	189
390.678	213
390.898	195
391.118	212
391.338	191
391.558	177
391.778	208
391.998	195
392.218	193
392.438	186
392.658	176
392.878	175
393.099	211
393.319	222
393.539	181
393.759	176
393.979	200
394.199	216
394.419	190
394.639	195
394.859	199
395.08	175
395.3	184
395.52	180
395.74	175
395.96	171
396.18	199
396.4	214
396.62	194
396.84	201
397.06	193
397.28	195
397.501	191
397.721	190
397.941	223
398.161	168
398.381	188
398.601	200
398.821	184
399.041	184
399.261	177
399.481	187
399.702	215
399.922	180
400.142	181
400.362	190
400.582	193
400.802	210
401.022	192
401.242	207
401.462	217
401.683	197
401.903	207
402.123	205
402.343	175
402.563	178
402.783	188
403.003	182
403.223	224
403.443	226
403.663	244
403.883	213
404.104	207
404.324	221
404.544	194
404.764	209
404.984	212
405.204	207
405.424	192
405.644	234
405.864	208
406.084	210
406.305	189
406.525	192
406.745	197
406.965	201
407.185	220
407.405	203
407.625	194
407.845	197
408.065	213
408.285	217
408.506	194
408.726	228
408.946	217
409.166	210
409.386	206
409.606	207
409.826	217
410.046	223
410.266	212
410.486	247
410.707	206
410.927	203
411.147	217
411.367	204
411.587	224
411.807	192
412.027	190
412.247	216
412.467	241
412.688	241
412.908	214
413.128	212
413.348	222
413.568	224
413.788	224
414.008	216
414.228	212
414.448	206
414.668	216
414.888	235
415.109	197
415.329	234
415.549	247
415.769	220
415.989	215
416.209	216
416.429	212
416.649	210
416.869	226
417.089	251
417.31	218
417.53	225
417.75	216
417.97	189
418.19	222
418.41	226
418.63	200
418.85	222
419.07	225
419.291	226
419.511	218
419.731	213
419.951	233
420.171	217
420.391	230
420.611	223
420.831	199
421.051	229
421.271	244
421.491	210
421.712	229
421.932	221
422.152	232
422.372	233
422.592	217
422.812	250
423.032	258
423.252	235
423.472	264
423.693	222
423.913	225
424.133	204
424.353	222
424.573	243
424.793	254
425.013	232
425.233	225
425.453	260
425.673	223
425.893	218
426.114	226
426.334	209
426.554	239
426.774	240
426.994	213
427.214	235
427.434	262
427.654	192
427.874	232
428.094	232
428.315	247
428.535	221
428.755	257
428.975	263
429.195	239
429.415	234
429.635	242
429.855	241
430.075	264
430.296	253
430.516	228
430.736	236
430.956	229
431.176	238
431.396	252
431.616	260
431.836	247
432.056	217
432.276	223
432.496	218
432.717	245
432.937	254
433.157	231
433.377	254
433.597	261
433.817	224
434.037	248
434.257	239
434.477	249
434.697	226
434.918	226
435.138	235
435.358	241
435.578	242
435.798	244
436.018	273
436.238	243
436.458	266
436.678	241
436.898	261
437.119	261
437.339	239
437.559	223
437.779	226
437.999	243
438.219	260
438.439	253
438.659	278
438.879	293
439.099	289
439.32	237
439.54	258
439.76	229
439.98	282
440.2	286
440.42	253
440.64	265
440.86	225
441.08	289
441.301	275
441.521	297
441.741	286
441.961	265
442.181	273
442.401	289
442.621	291
442.841	255
443.061	281
443.281	266
443.501	272
443.722	293
443.942	291
444.162	266
444.382	307
444.602	259
444.822	274
445.042	254
445.262	271
445.482	285
445.702	280
445.923	257
446.143	275
446.363	283
446.583	276
446.803	260
447.023	313
447.243	274
447.463	273
447.683	270
447.904	296
448.124	299
448.344	293
448.564	279
448.784	268
449.004	284
449.224	286
449.444	298
449.664	286
449.884	271
450.104	278
450.325	282
450.545	298
450.765	278
450.985	286
451.205	288
451.425	303
451.645	253
451.865	295
452.085	295
452.305	313
452.526	283
452.746	315
452.966	313
453.186	307
453.406	306
453.626	299
453.846	281
454.066	279
454.286	259
454.506	299
454.727	286
454.947	288
455.167	296
455.387	317
455.607	277
455.827	301
456.047	291
456.267	306
456.487	301
456.707	277
456.928	281
457.148	302
457.368	306
457.588	336
457.808	277
458.028	298
458.248	290
458.468	320
458.688	296
458.909	310
459.129	302
459.349	287
459.569	323
459.789	293
460.009	298
460.229	292
460.449	286
460.669	291
460.889	279
461.109	304
461.33	287
461.55	279
461.77	309
461.99	288
462.21	297
462.43	305
462.65	296
462.87	298
463.09	288
463.31	311
463.531	292
463.751	331
463.971	288
464.191	311
464.411	284
464.631	274
464.851	301
465.071	338
465.291	299
465.511	311
465.732	303
465.952	311
466.172	325
466.392	283
466.612	313
466.832	297
467.052	300
467.272	307
467.492	331
467.712	312
467.933	278
468.153	332
468.373	341
468.593	314
468.813	313
469.033	303
469.253	323
469.473	318
469.693	315
469.914	291
470.134	316
470.354	297
470.574	288
470.794	304
471.014	293
471.234	306
471.454	298
471.674	314
471.894	337
472.114	283
472.335	302
472.555	272
472.775	296
472.995	280
473.215	285
473.435	290
473.655	298
473.875	282
474.095	285
474.315	303
474.536	322
474.756	301
474.976	251
475.196	284
475.416	277
475.636	251
475.856	261
476.076	229
476.296	269
476.516	237
476.737	251
476.957	241
477.177	248
477.397	244
477.617	219
477.837	234
478.057	207
478.277	210
478.497	182
478.717	196
478.938	194
479.158	211
479.378	224
479.598	187
479.818	192
480.038	208
480.258	196
480.478	224
480.698	178
480.918	191
481.139	193
481.359	165
481.579	190
481.799	187
482.019	169
482.239	169
482.459	185
482.679	142
482.899	162
483.119	167
483.34	164
483.56	137
483.78	172
484	155
484.22	173
484.44	164
484.66	173
484.88	149
485.1	156
485.32	168
485.541	160
485.761	167
485.981	134
486.201	158
486.421	157
486.641	158
486.861	155
487.081	149
487.301	140
487.522	176
487.742	137
487.962	157
488.182	151
488.402	166
488.622	161
488.842	151
489.062	138
489.282	137
489.502	161
489.722	148
489.943	131
490.163	133
490.383	136
490.603	135
490.823	137
491.043	146
491.263	134
491.483	144
491.703	143
491.923	157
492.144	173
492.364	135
492.584	173
492.804	133
493.024	145
493.244	142
493.464	155
493.684	135
493.904	133
494.124	151
494.345	122
494.565	135
494.785	145
495.005	137
495.225	132
495.445	150
495.665	128
495.885	117
496.105	127
496.325	123
496.546	148
496.766	126
496.986	133
497.206	138
497.426	127
497.646	112
497.866	146
498.086	115
498.306	125
498.527	139
498.747	121
498.967	118
499.187	128
499.407	142
499.627	133
499.847	119
500.067	120
500.287	113
500.507	121
500.727	130
500.948	142
501.168	126
501.388	135
501.608	103
501.828	139
502.048	133
502.268	145
502.488	127
502.708	135
502.928	128
503.149	128
503.369	127
503.589	122
503.809	137
504.029	131
504.249	136
504.469	108
504.689	103
504.909	103
505.129	130
505.35	114
505.57	100
505.79	124
506.01	104
506.23	125
506.45	104
506.67	125
506.89	109
507.11	116
507.33	109
507.551	137
507.771	120
507.991	113
508.211	108
508.431	115
508.651	122
508.871	119
509.091	102
509.311	127
509.531	111
509.752	102
509.972	117
510.192	109
510.412	125
510.632	105
510.852	95
511.072	95
511.292	113
511.512	114
511.732	112
511.953	115
512.173	95
512.393	120
512.613	109
512.833	102
513.053	92
513.273	88
513.493	102
513.713	103
513.933	107
514.154	98
514.374	112
514.594	96
514.814	108
515.034	120
515.254	91
515.474	115
515.694	95
515.914	97
516.135	105
516.355	106
516.575	97
516.795	89
517.015	106
517.235	92
517.455	87
517.675	84
517.895	93
518.115	104
518.336	104
518.556	100
518.776	90
518.996	112
519.216	109
519.436	101
519.656	94
519.876	87
520.096	86
520.316	83
520.536	88
520.757	103
520.977	89
521.197	86
521.417	74
521.637	92
521.857	86
522.077	83
522.297	88
522.517	95
522.737	75
522.958	79
523.178	83
523.398	109
523.618	95
523.838	91
524.058	87
524.278	82
524.498	69
524.718	75
524.938	98
525.159	82
525.379	69
525.599	76
525.819	72
526.039	69
526.259	83
526.479	95
526.699	99
526.919	111
527.14	87
527.36	86
527.58	73
527.8	69
528.02	69
528.24	89
528.46	84
528.68	69
528.9	75
529.12	72
529.341	74
529.561	77
529.781	68
530.001	86
530.221	67
530.441	85
530.661	69
530.881	65
531.101	60
531.321	79
531.541	100
531.762	74
531.982	94
532.202	69
532.422	80
532.642	70
532.862	80
533.082	75
533.302	57
533.522	68
533.742	65
533.963	80
534.183	56
534.403	65
534.623	68
534.843	66
535.063	71
535.283	58
535.503	70
535.723	71
535.943	62
536.164	57
536.384	72
536.604	69
536.824	69
537.044	68
537.264	60
537.484	66
537.704	66
537.924	57
538.144	68
538.365	63
538.585	52
538.805	62
539.025	70
539.245	58
539.465	66
539.685	62
539.905	60
540.125	66
540.346	51
540.566	59
540.786	64
541.006	57
541.226	60
541.446	56
541.666	78
541.886	63
542.106	51
542.326	41
542.546	62
542.767	57
542.987	74
543.207	55
543.427	44
543.647	75
543.867	53
544.087	57
544.307	59
544.527	57
544.747	51
544.968	52
545.188	44
545.408	57
545.628	52
545.848	67
546.068	64
546.288	60
546.508	53
546.728	57
546.948	49
547.169	43
547.389	60
547.609	50
547.829	44
548.049	52
548.269	49
548.489	55
548.709	41
548.929	62
549.149	56
549.37	44
549.59	48
549.81	48
550.03	54
550.25	45
550.47	50
550.69	53
550.91	54
551.13	54
551.351	42
551.571	30
551.791	49
552.011	47
552.231	57
552.451	37
552.671	47
552.891	37
553.111	47
553.331	37
553.551	45
553.772	50
553.992	58
554.212	42
554.432	46
554.652	56
554.872	59
555.092	49
555.312	45
555.532	50
555.752	39
555.973	33
556.193	32
556.413	41
556.633	37
556.853	42
557.073	55
557.293	34
557.513	54
557.733	52
557.953	46
558.174	34
558.394	49
558.614	41
558.834	48
559.054	40
559.274	41
559.494	54
559.714	41
559.934	49
560.154	47
560.375	35
560.595	42
560.815	40
561.035	46
561.255	34
561.475	31
561.695	31
561.915	36
562.135	47
562.356	39
562.576	27
562.796	35
563.016	26
563.236	39
563.456	36
563.676	37
563.896	42
564.116	34
564.336	39
564.557	27
564.777	33
564.997	34
565.217	34
565.437	43
565.657	33
565.877	34
566.097	44
566.317	32
566.537	29
566.757	34
566.978	39
567.198	33
567.418	49
567.638	44
567.858	37
568.078	36
568.298	35
568.518	31
568.738	27
568.958	36
569.179	39
569.399	33
569.619	37
569.839	38
570.059	33
570.279	37
570.499	30
570.719	32
570.939	36
571.159	37
571.38	32
571.6	37
571.82	40
572.04	37
572.26	30
572.48	30
572.7	32
572.92	42
573.14	43
573.361	29
573.581	35
573.801	26
574.021	37
574.241	29
574.461	43
574.681	30
574.901	39
575.121	33
575.341	34
575.562	42
575.782	35
576.002	30
576.222	29
576.442	30
576.662	30
576.882	34
577.102	31
577.322	37
577.542	32
577.762	33
577.983	33
578.203	32
578.423	37
578.643	40
578.863	40
579.083	37
579.303	24
579.523	30
579.743	37
579.963	35
580.184	32
580.404	37
580.624	22
580.844	29
581.064	25
581.284	33
581.504	31
581.724	28
581.944	42
582.164	36
582.385	31
582.605	31
582.825	31
583.045	36
583.265	30
583.485	31
583.705	25
583.925	26
584.145	20
584.366	31
584.586	30
584.806	26
585.026	28
585.246	21
585.466	35
585.686	24
585.906	20
586.126	24
586.346	22
586.567	29
586.787	28
587.007	33
587.227	30
587.447	33
587.667	31
587.887	30
588.107	31
588.327	32
588.547	29
588.767	33
588.988	23
589.208	28
589.428	31
589.648	31
589.868	24
590.088	39
590.308	28
590.528	24
590.748	23
590.968	28
591.189	24
591.409	17
591.629	37
591.849	28
592.069	24
592.289	24
592.509	26
592.729	34
592.949	31
593.169	30
593.39	41
593.61	35
593.83	31
594.05	29
594.27	25
594.49	28
594.71	35
594.93	28
595.15	26
595.37	29
595.591	26
595.811	23
596.031	24
596.251	24
596.471	21
596.691	31
596.911	27
597.131	25
597.351	22
597.572	25
597.792	23
598.012	26
598.232	18
598.452	21
598.672	17
598.892	22
599.112	28
599.332	26
599.552	33
599.772	24
599.993	30
600.213	23
600.433	19
600.653	36
600.873	24
601.093	27
601.313	24
601.533	27
601.753	34
601.973	19
602.194	27
602.414	24
602.634	21
602.854	20
603.074	26
603.294	21
603.514	24
603.734	13
603.954	22
604.174	33
604.395	19
604.615	26
604.835	26
605.055	37
605.275	27
605.495	19
605.715	20
605.935	20
606.155	18
606.375	23
606.596	29
606.816	26
607.036	24
607.256	26
607.476	33
607.696	28
607.916	20
608.136	25
608.356	27
608.577	27
608.797	21
609.017	26
609.237	35
609.457	30
609.677	31
609.897	24
610.117	26
610.337	20
610.557	29
610.777	23
610.998	27
611.218	20
611.438	14
611.658	20
611.878	22
612.098	22
612.318	29
612.538	30
612.758	28
612.978	26
613.199	30
613.419	31
613.639	24
613.859	20
614.079	23
614.299	23
614.519	16
614.739	31
614.959	19
615.179	23
615.4	18
615.62	24
615.84	29
616.06	27
616.28	33
616.5	21
616.72	30
616.94	27
617.16	22
617.38	27
617.601	26
617.821	17
618.041	22
618.261	29
618.481	18
618.701	30
618.921	34
619.141	17
619.361	29
619.582	31
619.802	28
620.022	28
620.242	27
620.462	32
620.682	23
620.902	27
621.122	15
621.342	33
621.562	18
621.783	21
622.003	22
622.223	20
622.443	24
622.663	18
622.883	18
623.103	23
623.323	25
623.543	17
623.763	21
623.983	23
624.204	24
624.424	16
624.644	27
624.864	14
625.084	26
625.304	24
625.524	23
625.744	22
625.964	26
626.184	25
626.405	30
626.625	31
626.845	19
627.065	26
627.285	28
627.505	27
627.725	18
627.945	28
628.165	25
628.385	25
628.606	19
628.826	23
629.046	23
629.266	25
629.486	21
629.706	17
629.926	23
630.146	17
630.366	28
630.587	15
630.807	19
631.027	27
631.247	20
631.467	17
631.687	26
631.907	20
632.127	29
632.347	17
632.567	17
632.788	14
633.008	16
633.228	19
633.448	19
633.668	18
633.888	19
634.108	16
634.328	16
634.548	18
634.768	19
634.988	18
635.209	18
635.429	30
635.649	18
635.869	24
636.089	24
636.309	15
636.529	13
636.749	20
636.969	17
637.189	19
637.41	25
637.63	18
637.85	23
638.07	24
638.29	20
638.51	26
638.73	23
638.95	27
639.17	24
639.39	18
639.611	24
639.831	22
640.051	34
640.271	22
640.491	18
640.711	27
640.931	28
641.151	33
641.371	22
641.592	25
641.812	22
642.032	28
642.252	14
642.472	23
642.692	14
642.912	19
643.132	26
643.352	31
643.572	16
643.793	20
644.013	25
644.233	24
644.453	18
644.673	28
644.893	23
645.113	22
645.333	22
645.553	13
645.773	24
645.993	20
646.214	20
646.434	22
646.654	22
646.874	18
647.094	22
647.314	21
647.534	21
647.754	26
647.974	24
648.194	18
648.415	26
648.635	7
648.855	21
649.075	24
649.295	27
649.515	32
649.735	32
649.955	28
650.175	22
650.395	30
650.616	19
650.836	20
651.056	13
651.276	21
651.496	26
651.716	26
651.936	37
652.156	30
652.376	21
652.596	24
652.817	33
653.037	26
653.257	17
653.477	29
653.697	29
653.917	21
654.137	34
654.357	23
654.577	19
654.798	30
655.018	23
655.238	23
655.458	27
655.678	25
655.898	33
656.118	25
656.338	23
656.558	25
656.778	36
656.998	34
657.219	28
657.439	26
657.659	27
657.879	30
658.099	32
658.319	36
658.539	40
658.759	37
658.979	41
659.199	37
659.42	60
659.64	93
659.86	156
660.08	268
660.3	564
660.52	1168
660.74	2450
660.96	4807
661.18	8016
661.4	11983
661.621	15845
661.841	18357
662.061	18339
662.281	15958
662.501	12355
662.721	8045
662.941	4728
663.161	2359
663.381	970
663.601	364
663.822	178
664.042	50
664.262	21
664.482	14
664.702	11
664.922	8
665.142	18
665.362	17
665.582	11
665.803	14
666.023	9
666.243	12
666.463	20
666.683	11
666.903	12
667.123	13
667.343	13
667.563	13
667.783	5
668.003	10
668.224	8
668.444	10
668.664	11
668.884	4
669.104	15
669.324	5
669.544	9
669.764	9
669.984	10
670.204	8
670.425	14
670.645	6
670.865	6
671.085	9
671.305	12
671.525	13
671.745	15
671.965	6
672.185	8
672.405	5
672.626	10
672.846	11
673.066	8
673.286	8
673.506	4
673.726	7
673.946	8
674.166	9
674.386	5
674.606	2
674.827	11
675.047	4
675.267	8
675.487	8
675.707	8
675.927	4
676.147	10
676.367	11
676.587	13
676.808	11
677.028	10
677.248	10
677.468	5
677.688	5
677.908	8
678.128	12
678.348	5
678.568	4
678.788	9
679.008	8
679.229	4
679.449	6
679.669	3
679.889	8
680.109	12
680.329	13
680.549	7
680.769	9
680.989	2
681.209	10
681.43	8
681.65	6
681.87	11
682.09	9
682.31	7
682.53	11
682.75	10
682.97	8
683.19	5
683.41	7
683.631	8
683.851	15
684.071	5
684.291	4
684.511	9
684.731	7
684.951	9
685.171	9
685.391	7
685.611	9
685.832	6
686.052	7
686.272	8
686.492	4
686.712	6
686.932	8
687.152	4
687.372	4
687.592	13
687.813	6
688.033	7
688.253	4
688.473	11
688.693	6
688.913	10
689.133	5
689.353	7
689.573	6
689.793	6
690.014	2
690.234	9
690.454	6
690.674	4
690.894	4
691.114	7
691.334	9
691.554	4
691.774	8
691.994	10
692.214	10
692.435	11
692.655	8
692.875	6
693.095	9
693.315	5
693.535	4
693.755	5
693.975	10
694.195	7
694.415	9
694.636	8
694.856	6
695.076	10
695.296	6
695.516	1
695.736	6
695.956	4
696.176	5
696.396	5
696.616	3
696.837	3
697.057	5
697.277	4
697.497	3
697.717	6
697.937	2
698.157	8
698.377	1
698.597	5
698.818	4
699.038	3
699.258	3
699.478	7
699.698	3
699.918	3
700.138	6
700.358	4
700.578	2
700.798	10
701.019	2
701.239	8
701.459	8
701.679	4
701.899	5
702.119	3
702.339	3
702.559	8
702.779	6
702.999	4
703.219	8
703.44	2
703.66	2
703.88	8
704.1	4
704.32	6
704.54	1
704.76	6
704.98	3
705.2	7
705.42	5
705.641	2
705.861	4
706.081	4
706.301	6
706.521	3
706.741	4
706.961	4
707.181	1
707.401	2
707.621	4
707.842	2
708.062	5
708.282	5
708.502	4
708.722	4
708.942	4
709.162	5
709.382	6
709.602	4
709.822	3
710.043	4
710.263	7
710.483	2
710.703	3
710.923	3
711.143	2
711.363	6
711.583	2
711.803	9
712.024	7
712.244	4
712.464	3
712.684	3
712.904	4
713.124	3
713.344	3
713.564	4
713.784	5
714.004	3
714.224	3
714.445	7
714.665	7
714.885	0
715.105	3
715.325	0
715.545	5
715.765	4
715.985	1
716.205	4
716.425	5
716.646	3
716.866	3
717.086	2
717.306	6
717.526	5
717.746	3
717.966	3
718.186	5
718.406	5
718.626	3
718.847	4
719.067	3
719.287	5
719.507	2
719.727	4
719.947	2
720.167	3
720.387	1
720.607	4
720.827	3
721.048	5
721.268	4
721.488	4
721.708	6
721.928	2
722.148	3
722.368	1
722.588	7
722.808	3
723.029	7
723.249	3
723.469	7
723.689	3
723.909	1
724.129	3
724.349	5
724.569	4
724.789	8
725.009	3
725.229	5
725.45	4
725.67	3
725.89	6
726.11	2
726.33	3
726.55	4
726.77	4
726.99	4
727.21	4
727.43	1
727.651	2
727.871	2
728.091	1
728.311	4
728.531	2
728.751	1
728.971	5
729.191	2
729.411	6
729.631	4
729.852	4
730.072	8
730.292	4
730.512	4
730.732	5
730.952	7
731.172	6
731.392	1
731.612	3
731.832	3
732.053	3
732.273	5
732.493	4
732.713	0
732.933	4
733.153	3
733.373	1
733.593	5
733.813	2
734.034	1
734.254	3
734.474	8
734.694	5
734.914	3
735.134	3
735.354	4
735.574	4
735.794	2
736.014	2
736.234	3
736.455	5
736.675	1
736.895	3
737.115	1
737.335	3
737.555	4
737.775	4
737.995	0
738.215	1
738.435	3
738.656	3
738.876	4
739.096	4
739.316	6
739.536	7
739.756	2
739.976	1
740.196	2
740.416	3
740.636	5
740.857	3
741.077	1
741.297	4
741.517	5
741.737	5
741.957	0
742.177	3
742.397	3
742.617	2
742.837	1
743.058	4
743.278	1
743.498	6
743.718	4
743.938	3
744.158	2
744.378	3
744.598	1
744.818	5
745.039	2
745.259	2
745.479	2
745.699	5
745.919	1
746.139	2
746.359	4
746.579	4
746.799	7
747.019	8
747.24	2
747.46	7
747.68	1
747.9	2
748.12	5
748.34	2
748.56	3
748.78	0
749	3
749.22	3
749.44	3
749.661	0
749.881	5
750.101	2
750.321	4
750.541	3
750.761	1
750.981	5
751.201	1
751.421	4
751.641	3
751.862	2
752.082	1
752.302	1
752.522	9
752.742	3
752.962	7
753.182	8
753.402	1
753.622	2
753.842	8
754.063	2
754.283	1
754.503	0
754.723	2
754.943	4
755.163	1
755.383	2
755.603	2
755.823	2
756.043	0
756.264	3
756.484	4
756.704	2
756.924	1
757.144	1
757.364	1
757.584	4
757.804	1
758.024	1
758.245	4
758.465	6
758.685	3
758.905	2
759.125	2
759.345	4
759.565	0
759.785	2
760.005	2
760.225	0
760.445	2
760.666	6
760.886	0
761.106	2
761.326	1
761.546	2
761.766	2
761.986	2
762.206	1
762.426	2
762.646	1
762.867	0
763.087	4
763.307	1
763.527	3
763.747	3
763.967	4
764.187	3
764.407	3
764.627	2
764.847	2
765.068	2
765.288	4
765.508	1
765.728	2
765.948	4
766.168	2
766.388	5
766.608	0
766.828	1
767.048	4
767.269	2
767.489	3
767.709	3
767.929	1
768.149	1
768.369	2
768.589	2
768.809	2
769.029	2
769.25	4
769.47	2
769.69	1
769.91	2
770.13	1
770.35	1
770.57	3
770.79	4
771.01	0
771.23	2
771.45	4
771.671	8
771.891	5
772.111	0
772.331	1
772.551	3
772.771	1
772.991	0
773.211	2
773.431	0
773.651	2
773.872	0
774.092	1
774.312	2
774.532	0
774.752	1
774.972	2
775.192	2
775.412	5
775.632	2
775.852	1
776.073	4
776.293	1
776.513	1
776.733	2
776.953	2
777.173	1
777.393	1
777.613	3
777.833	4
778.053	2
778.274	3
778.494	2
778.714	1
778.934	3
779.154	2
779.374	1
779.594	5
779.814	5
780.034	1
780.255	1
780.475	2
780.695	4
780.915	1
781.135	2
781.355	3
781.575	1
781.795	0
782.015	3
782.235	1
782.455	1
782.676	1
782.896	1
783.116	2
783.336	6
783.556	1
783.776	4
783.996	3
784.216	2
784.436	4
784.656	2
784.877	4
785.097	1
785.317	2
785.537	0
785.757	3
785.977	5
786.197	2
786.417	2
786.637	4
786.857	3
787.078	2
787.298	3
787.518	0
787.738	1
787.958	4
788.178	1
788.398	0
788.618	1
788.838	3
789.058	2
789.279	3
789.499	2
789.719	3
789.939	6
790.159	1
790.379	1
790.599	1
790.819	3
791.039	3
791.26	4
791.48	2
791.7	5
791.92	1
792.14	2
792.36	3
792.58	4
792.8	0
793.02	3
793.24	2
793.46	3
793.681	1
793.901	3
794.121	4
794.341	3
794.561	0
794.781	1
795.001	3
795.221	3
795.441	2
795.661	0
795.882	3
796.102	5
796.322	2
796.542	3
796.762	1
796.982	3
797.202	2
797.422	1
797.642	2
797.862	2
798.083	2
798.303	1
798.523	2
798.743	2
798.963	3
799.183	4
799.403	2
799.623	2
799.843	2
800.063	0
800.284	2
800.504	1
800.724	3
800.944	1
801.164	2
801.384	0
801.604	0
801.824	1
802.044	2
802.265	2
802.485	1
802.705	1
802.925	4
803.145	1
803.365	1
803.585	3
803.805	1
804.025	2
804.245	0
804.466	2
804.686	0
804.906	2
805.126	2
805.346	4
805.566	4
805.786	3
806.006	0
806.226	4
806.446	2
806.666	2
806.887	0
807.107	2
807.327	3
807.547	4
807.767	2
807.987	0
808.207	1
808.427	0
808.647	3
808.867	2
809.088	2
809.308	5
809.528	6
809.748	2
809.968	4
810.188	1
810.408	1
810.628	2
810.848	3
811.068	1
811.289	2
811.509	3
811.729	1
811.949	3
812.169	1
812.389	2
812.609	1
812.829	2
813.049	3
813.269	2
813.49	2
813.71	4
813.93	0
814.15	4
814.37	2
814.59	2
814.81	2
815.03	3
815.25	1
815.471	3
815.691	2
815.911	3
816.131	0
816.351	2
816.571	5
816.791	2
817.011	1
817.231	2
817.451	2
817.671	2
817.892	3
818.112	0
818.332	3
818.552	4
818.772	1
818.992	2
819.212	1
819.432	2
819.652	2
819.872	4
820.093	4
820.313	1
820.533	4
820.753	1
820.973	2
821.193	2
821.413	2
821.633	1
821.853	2
822.073	1
822.294	3
822.514	1
822.734	1
822.954	0
823.174	3
823.394	1
823.614	1
823.834	1
824.054	4
824.274	3
824.495	2
824.715	3
824.935	0
825.155	2
825.375	2
825.595	2
825.815	0
826.035	2
826.255	0
826.476	2
826.696	2
826.916	2
827.136	2
827.356	2
827.576	1
827.796	2
828.016	3
828.236	3
828.456	2
828.676	2
828.897	1
829.117	1
829.337	4
829.557	6
829.777	4
829.997	2
830.217	1
830.437	2
830.657	7
830.877	2
831.098	2
831.318	1
831.538	3
831.758	1
831.978	3
832.198	0
832.418	3
832.638	3
832.858	3
833.078	3
833.299	2
833.519	0
833.739	3
833.959	1
834.179	1
834.399	3
834.619	3
834.839	1
835.059	1
835.279	4
835.5	1
835.72	1
835.94	0
836.16	1
836.38	4
836.6	1
836.82	4
837.04	3
837.26	1
837.481	0
837.701	2
837.921	1
838.141	3
838.361	4
838.581	1
838.801	1
839.021	2
839.241	1
839.461	3
839.681	2
839.902	1
840.122	1
840.342	1
840.562	2
840.782	3
841.002	0
841.222	3
841.442	0
841.662	2
841.882	2
842.103	0
842.323	0
842.543	3
842.763	2
842.983	1
843.203	1
843.423	1
843.643	3
843.863	1
844.083	1
844.304	0
844.524	3
844.744	2
844.964	2
845.184	2
845.404	3
845.624	0
845.844	2
846.064	2
846.284	0
846.505	4
846.725	1
846.945	1
847.165	0
847.385	2
847.605	3
847.825	2
848.045	1
848.265	2
848.486	1
848.706	0
848.926	3
849.146	3
849.366	1
849.586	5
849.806	1
850.026	2
850.246	2
850.466	2
850.686	0
850.907	1
851.127	1
851.347	0
851.567	2
851.787	3
852.007	3
852.227	1
852.447	1
852.667	6
852.887	4
853.108	0
853.328	1
853.548	1
853.768	0
853.988	4
854.208	0
854.428	4
854.648	2
854.868	2
855.088	3
855.309	4
855.529	1
855.749	2
855.969	1
856.189	0
856.409	0
856.629	1
856.849	1
857.069	2
857.289	1
857.51	0
857.73	1
857.95	1
858.17	3
858.39	1
858.61	4
858.83	2
859.05	1
859.27	2
859.491	1
859.711	2
859.931	4
860.151	4
860.371	2
860.591	1
860.811	3
861.031	0
861.251	1
861.471	1
861.691	1
861.912	0
862.132	1
862.352	1
862.572	3
862.792	2
863.012	4
863.232	1
863.452	2
863.672	1
863.892	3
864.113	6
864.333	0
864.553	0
864.773	2
864.993	2
865.213	2
865.433	3
865.653	1
865.873	1
866.093	0
866.314	2
866.534	1
866.754	1
866.974	2
867.194	0
867.414	1
867.634	0
867.854	1
868.074	2
868.294	0
868.515	2
868.735	0
868.955	1
869.175	0
869.395	2
869.615	2
869.835	4
870.055	1
870.275	0
870.495	1
870.716	3
870.936	1
871.156	1
871.376	0
871.596	3
871.816	0
872.036	1
872.256	1
872.476	0
872.697	3
872.917	4
873.137	1
873.357	2
873.577	2
873.797	2
874.017	1
874.237	3
874.457	1
874.677	1
874.897	3
875.118	3
875.338	1
875.558	1
875.778	1
875.998	0
876.218	0
876.438	2
876.658	1
876.878	1
877.098	2
877.319	1
877.539	0
877.759	3
877.979	0
878.199	2
878.419	1
878.639	0
878.859	2
879.079	1
879.299	2
879.52	0
879.74	0
879.96	0
880.18	0
880.4	0
880.62	2
880.84	4
881.06	2
881.28	0
881.5	0
881.721	1
881.941	0
882.161	2
882.381	2
882.601	1
882.821	1
883.041	0
883.261	2
883.481	1
883.702	1
883.922	3
884.142	1
884.362	2
884.582	0
884.802	2
885.022	1
885.242	1
885.462	1
885.682	1
885.902	1
886.123	1
886.343	0
886.563	1
886.783	1
887.003	1
887.223	2
887.443	4
887.663	5
887.883	0
888.103	4
888.324	1
888.544	0
888.764	1
888.984	1
889.204	0
889.424	2
889.644	0
889.864	0
890.084	0
890.304	3
890.525	1
890.745	3
890.965	3
891.185	1
891.405	1
891.625	1
891.845	1
892.065	0
892.285	0
892.505	4
892.726	3
892.946	2
893.166	2
893.386	1
893.606	0
893.826	2
894.046	3
894.266	2
894.486	2
894.707	0
894.927	0
895.147	1
895.367	1
895.587	1
895.807	1
896.027	3
896.247	0
896.467	3
896.687	0
896.907	0
897.128	1
897.348	1
897.568	0
897.788	0
898.008	0
898.228	1
898.448	0
898.668	3
898.888	0
899.108	2
899.329	1
899.549	2
899.769	3
899.989	3
900.209	3
900.429	0
900.649	1
900.869	1
901.089	5
901.309	2
901.53	1
901.75	4
901.97	1
902.19	2
902.41	0
902.63	1
902.85	1
903.07	3
903.29	0
903.51	3
903.731	0
903.951	2
904.171	1
904.391	2
904.611	4
904.831	2
905.051	1
905.271	2
905.491	1
905.712	2
905.932	0
906.152	1
906.372	0
906.592	3
906.812	0
907.032	2
907.252	1
907.472	1
907.692	1
907.912	1
908.133	2
908.353	1
908.573	1
908.793	1
909.013	1
909.233	0
909.453	0
909.673	1
909.893	2
910.113	3
910.334	2
910.554	2
910.774	1
910.994	0
911.214	1
911.434	0
911.654	1
911.874	2
912.094	4
912.314	0
912.535	1
912.755	2
912.975	3
913.195	2
913.415	1
913.635	1
913.855	0
914.075	2
914.295	1
914.515	0
914.736	2
914.956	4
915.176	2
915.396	0
915.616	2
915.836	0
916.056	2
916.276	0
916.496	0
916.717	2
916.937	3
917.157	1
917.377	0
917.597	1
917.817	2
918.037	1
918.257	4
918.477	1
918.697	3
918.917	2
919.138	2
919.358	2
919.578	0
919.798	1
920.018	1
920.238	3
920.458	2
920.678	2
920.898	0
921.118	1
921.339	3
921.559	0
921.779	3
921.999	2
922.219	0
922.439	2
922.659	2
922.879	0
923.099	2
923.319	2
923.54	1
923.76	1
923.98	1
924.2	3
924.42	1
924.64	2
924.86	1
925.08	2
925.3	0
925.52	0
925.741	2
925.961	3
926.181	6
926.401	1
926.621	0
926.841	0
927.061	2
927.281	0
927.501	1
927.721	0
927.942	0
928.162	0
928.382	2
928.602	0
928.822	3
929.042	3
929.262	0
929.482	2
929.702	1
929.923	2
930.143	1
930.363	3
930.583	1
930.803	2
931.023	1
931.243	0
931.463	1
931.683	2
931.903	0
932.123	1
932.344	1
932.564	1
932.784	1
933.004	1
933.224	0
933.444	0
933.664	3
933.884	1
934.104	3
934.324	0
934.545	1
934.765	1
934.985	0
935.205	1
935.425	0
935.645	1
935.865	1
936.085	1
936.305	2
936.525	1
936.746	1
936.966	3
937.186	2
937.406	3
937.626	0
937.846	0
938.066	3
938.286	1
938.506	2
938.726	3
938.947	3
939.167	2
939.387	1
939.607	2
939.827	2
940.047	3
940.267	0
940.487	0
940.707	2
940.928	2
941.148	1
941.368	1
941.588	2
941.808	1
942.028	1
942.248	0
942.468	0
942.688	0
942.908	1
943.128	0
943.349	1
943.569	1
943.789	2
944.009	1
944.229	3
944.449	5
944.669	2
944.889	2
945.109	2
945.329	2
945.55	1
945.77	4
945.99	1
946.21	0
946.43	0
946.65	1
946.87	1
947.09	1
947.31	1
947.53	2
947.751	2
947.971	2
948.191	1
948.411	2
948.631	1
948.851	0
949.071	1
949.291	3
949.511	3
949.731	0
949.952	2
950.172	2
950.392	2
950.612	0
950.832	0
951.052	0
951.272	1
951.492	2
951.712	2
951.933	0
952.153	0
952.373	2
952.593	1
952.813	0
953.033	0
953.253	1
953.473	1
953.693	1
953.913	0
954.133	2
954.354	1
954.574	4
954.794	3
955.014	3
955.234	0
955.454	0
955.674	1
955.894	0
956.114	1
956.334	2
956.555	0
956.775	0
956.995	1
957.215	1
957.435	2
957.655	0
957.875	1
958.095	0
958.315	1
958.535	0
958.756	2
958.976	0
959.196	3
959.416	0
959.636	1
959.856	1
960.076	0
960.296	1
960.516	2
960.736	0
960.957	1
961.177	1
961.397	5
961.617	2
961.837	1
962.057	0
962.277	3
962.497	0
962.717	2
962.938	2
963.158	1
963.378	1
963.598	2
963.818	0
964.038	0
964.258	1
964.478	0
964.698	2
964.918	1
965.138	0
965.359	3
965.579	0
965.799	0
966.019	3
966.239	0
966.459	1
966.679	0
966.899	3
967.119	2
967.339	0
967.56	1
967.78	2
968	1
968.22	1
968.44	2
968.66	0
968.88	1
969.1	0
969.32	1
969.54	0
969.761	0
969.981	3
970.201	1
970.421	1
970.641	0
970.861	0
971.081	0
971.301	1
971.521	2
971.741	3
971.962	2
972.182	0
972.402	1
972.622	1
972.842	1
973.062	2
973.282	0
973.502	1
973.722	2
973.943	0
974.163	0
974.383	1
974.603	0
974.823	1
975.043	0
975.263	1
975.483	1
975.703	1
975.923	0
976.143	0
976.364	0
976.584	0
976.804	0
977.024	0
977.244	0
977.464	0
977.684	1
977.904	1
978.124	2
978.344	2
978.565	2
978.785	2
979.005	0
979.225	1
979.445	1
979.665	1
979.885	1
980.105	0
980.325	3
980.545	0
980.766	2
980.986	0
981.206	0
981.426	2
981.646	3
981.866	2
982.086	0
982.306	2
982.526	0
982.746	1
982.967	0
983.187	0
983.407	0
983.627	0
983.847	1
984.067	2
984.287	1
984.507	0
984.727	1
984.947	1
985.168	0
985.388	1
985.608	0
985.828	2
986.048	1
986.268	2
986.488	1
986.708	0
986.928	0
987.148	3
987.369	2
987.589	1
987.809	1
988.029	2
988.249	0
988.469	1
988.689	1
988.909	1
989.129	0
989.349	2
989.57	1
989.79	1
990.01	0
990.23	0
990.45	0
990.67	1
990.89	2
991.11	2
991.33	3
991.55	0
991.771	0
991.991	3
992.211	1
992.431	1
992.651	0
992.871	1
993.091	1
993.311	2
993.531	2
993.751	0
993.972	2
994.192	2
994.412	0
994.632	0
994.852	0
995.072	1
995.292	2
995.512	3
995.732	2
995.952	0
996.173	0
996.393	0
996.613	0
996.833	0
997.053	2
997.273	3
997.493	2
997.713	0
997.933	0
998.154	1
998.374	0
998.594	0
998.814	0
999.034	2
999.254	0
999.474	0
999.694	0
999.914	2
1000.13	0
1000.35	0
1000.57	2
1000.79	0
1001.01	2
1001.23	1
1001.45	1
1001.68	1
1001.9	1
1002.12	2
1002.34	1
1002.56	0
1002.78	4
1003	2
1003.22	0
1003.44	2
1003.66	0
1003.88	1
1004.1	2
1004.32	0
1004.54	0
1004.76	1
1004.98	2
1005.2	2
1005.42	5
1005.64	0
1005.86	2
1006.08	1
1006.3	1
1006.52	0
1006.74	0
1006.96	0
1007.18	1
1007.4	2
1007.62	0
1007.84	1
1008.06	1
1008.28	1
1008.5	1
1008.72	0
1008.94	2
1009.16	2
1009.38	1
1009.6	1
1009.82	0
1010.04	1
1010.26	2
1010.48	0
1010.7	0
1010.92	0
1011.14	0
1011.36	1
1011.58	0
1011.8	0
1012.02	0
1012.24	1
1012.46	0
1012.68	0
1012.9	2
1013.12	2
1013.34	0
1013.56	0
1013.78	1
1014	1
1014.22	2
1014.44	2
1014.66	2
1014.88	1
1015.1	0
1015.32	0
1015.54	1
1015.76	0
1015.98	1
1016.2	0
1016.42	1
1016.64	1
1016.86	0
1017.08	1
1017.3	2
1017.52	2
1017.74	1
1017.96	0
1018.18	3
1018.4	0
1018.62	0
1018.84	0
1019.06	4
1019.28	0
1019.5	1
1019.72	2
1019.94	2
1020.16	0
1020.38	2
1020.6	0
1020.82	1
1021.04	0
1021.26	0
1021.48	2
1021.7	3
1021.92	1
1022.14	2
1022.36	1
1022.58	0
1022.8	1
1023.02	1
1023.24	1
1023.46	1
1023.69	1
1023.91	0
1024.13	0
1024.35	2
1024.57	1
1024.79	0
1025.01	0
1025.23	2
1025.45	0
1025.67	1
1025.89	1
1026.11	1
1026.33	1
1026.55	2
1026.77	1
1026.99	0
1027.21	0
1027.43	1
1027.65	2
1027.87	0
1028.09	0
1028.31	0
1028.53	1
1028.75	1
1028.97	0
1029.19	2
1029.41	0
1029.63	0
1029.85	1
1030.07	0
1030.29	2
1030.51	0
1030.73	1
1030.95	1
1031.17	1
1031.39	0
1031.61	0
1031.83	0
1032.05	1
1032.27	3
1032.49	0
1032.71	1
1032.93	1
1033.15	2
1033.37	1
1033.59	0
1033.81	3
1034.03	1
1034.25	1
1034.47	1
1034.69	0
1034.91	1
1035.13	1
1035.35	1
1035.57	1
1035.79	0
1036.01	0
1036.23	2
1036.45	2
1036.67	0
1036.89	3
1037.11	1
1037.33	0
1037.55	1
1037.77	0
1037.99	0
1038.21	1
1038.43	1
1038.65	0
1038.87	1
1039.09	2
1039.31	0
1039.53	0
1039.75	3
1039.97	1
1040.19	1
1040.41	1
1040.63	1
1040.85	1
1041.07	0
1041.29	0
1041.51	0
1041.73	2
1041.95	0
1042.17	0
1042.39	2
1042.61	1
1042.83	1
1043.05	0
1043.27	2
1043.49	1
1043.71	0
1043.93	1
1044.15	1
1044.37	0
1044.59	0
1044.81	1
1045.03	0
1045.25	0
1045.47	2
1045.7	1
1045.92	0
1046.14	1
1046.36	0
1046.58	1
1046.8	1
1047.02	0
1047.24	1
1047.46	0
1047.68	1
1047.9	0
1048.12	0
1048.34	1
1048.56	0
1048.78	1
1049	4
1049.22	2
1049.44	1
1049.66	0
1049.88	0
1050.1	2
1050.32	1
1050.54	1
1050.76	0
1050.98	1
1051.2	0
1051.42	1
1051.64	0
1051.86	1
1052.08	1
1052.3	1
1052.52	1
1052.74	0
1052.96	0
1053.18	0
1053.4	0
1053.62	0
1053.84	0
1054.06	0
1054.28	0
1054.5	1
1054.72	0
1054.94	0
1055.16	1
1055.38	2
1055.6	0
1055.82	0
1056.04	2
1056.26	1
1056.48	0
1056.7	1
1056.92	0
1057.14	0
1057.36	1
1057.58	2
1057.8	1
1058.02	0
1058.24	0
1058.46	0
1058.68	0
1058.9	0
1059.12	1
1059.34	1
1059.56	2
1059.78	0
1060	1
1060.22	1
1060.44	0
1060.66	0
1060.88	1
1061.1	0
1061.32	0
1061.54	1
1061.76	1
1061.98	1
1062.2	0
1062.42	0
1062.64	1
1062.86	2
1063.08	2
1063.3	0
1063.52	2
1063.74	0
1063.96	0
1064.18	2
1064.4	0
1064.62	1
1064.84	0
1065.06	2
1065.28	1
1065.5	1
1065.72	1
1065.94	0
1066.16	0
1066.38	0
1066.6	0
1066.82	1
1067.04	0
1067.26	0
1067.48	3
1067.71	1
1067.93	0
1068.15	1
1068.37	0
1068.59	3
1068.81	2
1069.03	1
1069.25	0
1069.47	3
1069.69	0
1069.91	0
1070.13	1
1070.35	2
1070.57	0
1070.79	0
1071.01	0
1071.23	1
1071.45	1
1071.67	1
1071.89	2
1072.11	1
1072.33	1
1072.55	2
1072.77	1
1072.99	0
1073.21	0
1073.43	1
1073.65	2
1073.87	3
1074.09	0
1074.31	1
1074.53	0
1074.75	0
1074.97	1
1075.19	0
1075.41	0
1075.63	0
1075.85	0
1076.07	0
1076.29	2
1076.51	1
1076.73	0
1076.95	2
1077.17	0
1077.39	0
1077.61	0
1077.83	1
1078.05	0
1078.27	1
1078.49	0
1078.71	1
1078.93	0
1079.15	1
1079.37	1
1079.59	0
1079.81	0
1080.03	1
1080.25	1
1080.47	3
1080.69	0
1080.91	0
1081.13	0
1081.35	1
1081.57	0
1081.79	0
1082.01	1
1082.23	2
1082.45	0
1082.67	1
1082.89	0
1083.11	0
1083.33	0
1083.55	1
1083.77	2
1083.99	1
1084.21	1
1084.43	0
1084.65	0
1084.87	2
1085.09	0
1085.31	0
1085.53	0
1085.75	0
1085.97	0
1086.19	0
1086.41	1
1086.63	0
1086.85	1
1087.07	0
1087.29	0
1087.51	3
1087.73	0
1087.95	0
1088.17	0
1088.39	0
1088.61	0
1088.83	0
1089.05	1
1089.27	1
1089.49	1
1089.72	3
1089.94	3
1090.16	0
1090.38	1
1090.6	1
1090.82	0
1091.04	2
1091.26	3
1091.48	1
1091.7	0
1091.92	1
1092.14	2
1092.36	1
1092.58	1
1092.8	1
1093.02	0
1093.24	0
1093.46	2
1093.68	0
1093.9	1
1094.12	0
1094.34	0
1094.56	3
1094.78	1
1095	0
1095.22	1
1095.44	2
1095.66	0
1095.88	3
1096.1	0
1096.32	1
1096.54	1
1096.76	0
1096.98	0
1097.2	0
1097.42	3
1097.64	0
1097.86	1
1098.08	0
1098.3	0
1098.52	2
1098.74	1
1098.96	0
1099.18	1
1099.4	0
1099.62	0
1099.84	0
1100.06	0
1100.28	1
1100.5	4
1100.72	2
1100.94	0
1101.16	1
1101.38	1
1101.6	0
1101.82	0
1102.04	0
1102.26	1
1102.48	0
1102.7	0
1102.92	0
1103.14	4
1103.36	1
1103.58	0
1103.8	1
1104.02	2
1104.24	2
1104.46	1
1104.68	2
1104.9	0
1105.12	0
1105.34	0
1105.56	1
1105.78	0
1106	0
1106.22	2
1106.44	1
1106.66	0
1106.88	1
1107.1	2
1107.32	1
1107.54	1
1107.76	0
1107.98	1
1108.2	1
1108.42	0
1108.64	1
1108.86	0
1109.08	1
1109.3	0
1109.52	0
1109.74	1
1109.96	0
1110.18	0
1110.4	0
1110.62	1
1110.84	2
1111.06	0
1111.28	0
1111.5	2
1111.73	0
1111.95	0
1112.17	0
1112.39	1
1112.61	0
1112.83	2
1113.05	0
1113.27	0
1113.49	0
1113.71	0
1113.93	1
1114.15	0
1114.37	1
1114.59	1
1114.81	1
1115.03	1
1115.25	1
1115.47	0
1115.69	0
1115.91	1
1116.13	1
1116.35	2
1116.57	1
1116.79	0
1117.01	1
1117.23	0
1117.45	0
1117.67	0
1117.89	2
1118.11	0
1118.33	0
1118.55	0
1118.77	1
1118.99	0
1119.21	1
1119.43	0
1119.65	1
1119.87	2
1120.09	1
1120.31	0
1120.53	1
1120.75	0
1120.97	0
1121.19	1
1121.41	1
1121.63	1
1121.85	2
1122.07	1
1122.29	2
1122.51	3
1122.73	2
1122.95	0
1123.17	1
1123.39	0
1123.61	2
1123.83	0
1124.05	1
1124.27	2
1124.49	0
1124.71	0
1124.93	0
1125.15	0
1125.37	1
1125.59	0
1125.81	2
1126.03	1
1126.25	2
1126.47	0
1126.69	0
1126.91	3
1127.13	0
1127.35	1
1127.57	0
1127.79	1
1128.01	1
1128.23	1
1128.45	2
1128.67	0
1128.89	0
1129.11	0
1129.33	0
1129.55	0
1129.77	0
1129.99	1
1130.21	0
1130.43	1
1130.65	1
1130.87	1
1131.09	0
1131.31	0
1131.53	1
1131.75	0
1131.97	0
1132.19	0
1132.41	2
1132.63	1
1132.85	1
1133.07	2
1133.29	2
1133.51	1
1133.74	0
1133.96	1
1134.18	1
1134.4	0
1134.62	0
1134.84	0
1135.06	0
1135.28	1
1135.5	1
1135.72	0
1135.94	0
1136.16	2
1136.38	0
1136.6	0
1136.82	0
1137.04	0
1137.26	0
1137.48	0
1137.7	0
1137.92	1
1138.14	0
1138.36	0
1138.58	0
1138.8	1
1139.02	0
1139.24	0
1139.46	0
1139.68	1
1139.9	1
1140.12	0
1140.34	0
1140.56	0
1140.78	0
1141	1
1141.22	1
1141.44	0
1141.66	0
1141.88	0
1142.1	0
1142.32	1
1142.54	0
1142.76	0
1142.98	1
1143.2	0
1143.42	0
1143.64	2
1143.86	0
1144.08	1
1144.3	2
1144.52	0
1144.74	0
1144.96	2
1145.18	1
1145.4	0
1145.62	1
1145.84	1
1146.06	1
1146.28	1
1146.5	0
1146.72	0
1146.94	0
1147.16	1
1147.38	0
1147.6	1
1147.82	0
1148.04	1
1148.26	0
1148.48	0
1148.7	0
1148.92	0
1149.14	0
1149.36	1
1149.58	0
1149.8	0
1150.02	1
1150.24	0
1150.46	1
1150.68	0
1150.9	2
1151.12	0
1151.34	0
1151.56	0
1151.78	1
1152	1
1152.22	0
1152.44	0
1152.66	0
1152.88	1
1153.1	0
1153.32	0
1153.54	1
1153.76	1
1153.98	1
1154.2	1
1154.42	0
1154.64	0
1154.86	1
1155.08	0
1155.3	0
1155.52	0
1155.75	0
1155.97	0
1156.19	0
1156.41	1
1156.63	0
1156.85	0
1157.07	1
1157.29	1
1157.51	0
1157.73	0
1157.95	0
1158.17	0
1158.39	0
1158.61	0
1158.83	1
1159.05	1
1159.27	1
1159.49	1
1159.71	0
1159.93	0
1160.15	0
1160.37	0
1160.59	0
1160.81	3
1161.03	0
1161.25	0
1161.47	0
1161.69	0
1161.91	0
1162.13	1
1162.35	1
1162.57	1
1162.79	1
1163.01	0
1163.23	0
1163.45	2
1163.67	0
1163.89	2
1164.11	1
1164.33	1
1164.55	0
1164.77	0
1164.99	0
1165.21	0
1165.43	0
1165.65	0
1165.87	1
1166.09	1
1166.31	0
1166.53	0
1166.75	0
1166.97	0
1167.19	2
1167.41	1
1167.63	0
1167.85	0
1168.07	0
1168.29	2
1168.51	3
1168.73	0
1168.95	0
1169.17	1
1169.39	0
1169.61	1
1169.83	0
1170.05	1
1170.27	0
1170.49	1
1170.71	0
1170.93	1
1171.15	0
1171.37	0
1171.59	0
1171.81	1
1172.03	0
1172.25	0
1172.47	0
1172.69	0
1172.91	2
1173.13	1
1173.35	0
1173.57	0
1173.79	1
1174.01	2
1174.23	2
1174.45	3
1174.67	2
1174.89	0
1175.11	2
1175.33	3
1175.55	4
1175.77	4
1175.99	10
1176.21	9
1176.43	9
1176.65	8
1176.87	9
1177.09	10
1177.31	2
1177.53	5
1177.76	5
1177.98	0
1178.2	0
1178.42	0
1178.64	0
1178.86	0
1179.08	0
1179.3	1
1179.52	0
1179.74	0
1179.96	0
1180.18	0
1180.4	0
1180.62	0
1180.84	0
1181.06	1
1181.28	0
1181.5	0
1181.72	0
1181.94	0
1182.16	1
1182.38	0
1182.6	0
1182.82	0
1183.04	0
1183.26	1
1183.48	0
1183.7	0
1183.92	0
1184.14	0
1184.36	0
1184.58	0
1184.8	0
1185.02	0
1185.24	0
1185.46	2
1185.68	0
1185.9	0
1186.12	0
1186.34	1
1186.56	1
1186.78	0
1187	0
1187.22	0
1187.44	0
1187.66	1
1187.88	0
1188.1	0
1188.32	1
1188.54	0
1188.76	0
1188.98	0
1189.2	1
1189.42	1
1189.64	0
1189.86	0
1190.08	0
1190.3	1
1190.52	0
1190.74	2
1190.96	1
1191.18	0
1191.4	0
1191.62	0
1191.84	0
1192.06	0
1192.28	0
1192.5	0
1192.72	0
1192.94	1
1193.16	0
1193.38	0
1193.6	0
1193.82	0
1194.04	0
1194.26	0
1194.48	1
1194.7	0
1194.92	0
1195.14	0
1195.36	0
1195.58	0
1195.8	0
1196.02	1
1196.24	0
1196.46	0
1196.68	0
1196.9	0
1197.12	0
1197.34	0
1197.56	0
1197.78	0
1198	0
1198.22	0
1198.44	0
1198.66	0
1198.88	0
1199.1	0
1199.32	1
1199.54	0
1199.77	1
1199.99	0
1200.21	0
1200.43	0
1200.65	0
1200.87	0
1201.09	0
1201.31	0
1201.53	1
1201.75	1
1201.97	0
1202.19	1
1202.41	0
1202.63	0
1202.85	0
1203.07	0
1203.29	0
1203.51	0
1203.73	2
1203.95	0
1204.17	1
1204.39	1
1204.61	0
1204.83	1
1205.05	0
1205.27	0
1205.49	0
1205.71	0
1205.93	2
1206.15	0
1206.37	0
1206.59	0
1206.81	0
1207.03	0
1207.25	0
1207.47	0
1207.69	0
1207.91	1
1208.13	0
1208.35	1
1208.57	0
1208.79	0
1209.01	0
1209.23	1
1209.45	0
1209.67	0
1209.89	1
1210.11	0
1210.33	0
1210.55	1
1210.77	0
1210.99	0
1211.21	1
1211.43	0
1211.65	1
1211.87	0
1212.09	0
1212.31	1
1212.53	1
1212.75	0
1212.97	0
1213.19	0
1213.41	0
1213.63	0
1213.85	0
1214.07	0
1214.29	1
1214.51	0
1214.73	0
1214.95	0
1215.17	0
1215.39	0
1215.61	0
1215.83	0
1216.05	0
1216.27	1
1216.49	0
1216.71	1
1216.93	0
1217.15	0
1217.37	1
1217.59	1
1217.81	0
1218.03	0
1218.25	2
1218.47	1
1218.69	0
1218.91	0
1219.13	0
1219.35	0
1219.57	0
1219.79	0
1220.01	0
1220.23	1
1220.45	1
1220.67	0
1220.89	0
1221.11	0
1221.33	0
1221.55	0
1221.78	0
1222	0
1222.22	0
1222.44	0
1222.66	0
1222.88	1
1223.1	0
1223.32	1
1223.54	0
1223.76	0
1223.98	0
1224.2	0
1224.42	0
1224.64	0
1224.86	0
1225.08	1
1225.3	0
1225.52	1
1225.74	0
1225.96	1
1226.18	0
1226.4	0
1226.62	1
1226.84	0
1227.06	0
1227.28	0
1227.5	0
1227.72	0
1227.94	0
1228.16	0
1228.38	1
1228.6	0
1228.82	0
1229.04	0
1229.26	0
1229.48	0
1229.7	0
1229.92	0
1230.14	2
1230.36	2
1230.58	0
1230.8	0
1231.02	0
1231.24	0
1231.46	0
1231.68	1
1231.9	0
1232.12	0
1232.34	0
1232.56	0
1232.78	1
1233	1
1233.22	0
1233.44	0
1233.66	3
1233.88	0
1234.1	1
1234.32	0
1234.54	0
1234.76	0
1234.98	0
1235.2	0
1235.42	0
1235.64	0
1235.86	0
1236.08	0
1236.3	0
1236.52	1
1236.74	0
1236.96	1
1237.18	0
1237.4	0
1237.62	0
1237.84	0
1238.06	0
1238.28	0
1238.5	0
1238.72	0
1238.94	0
1239.16	0
1239.38	0
1239.6	0
1239.82	0
1240.04	0
1240.26	0
1240.48	0
1240.7	1
1240.92	1
1241.14	0
1241.36	0
1241.58	0
1241.8	0
1242.02	0
1242.24	1
1242.46	0
1242.68	2
1242.9	1
1243.12	0
1243.34	0
1243.57	0
1243.79	0
1244.01	0
1244.23	0
1244.45	0
1244.67	0
1244.89	0
1245.11	0
1245.33	0
1245.55	1
1245.77	0
1245.99	0
1246.21	1
1246.43	0
1246.65	0
1246.87	1
1247.09	0
1247.31	0
1247.53	0
1247.75	0
1247.97	0
1248.19	0
1248.41	0
1248.63	0
1248.85	0
1249.07	0
1249.29	1
1249.51	0
1249.73	0
1249.95	0
1250.17	0
1250.39	0
1250.61	1
1250.83	1
1251.05	0
1251.27	0
1251.49	0
1251.71	0
1251.93	0
1252.15	1
1252.37	0
1252.59	0
1252.81	0
1253.03	2
1253.25	0
1253.47	1
1253.69	0
1253.91	0
1254.13	0
1254.35	0
1254.57	0
1254.79	0
1255.01	1
1255.23	0
1255.45	1
1255.67	1
1255.89	0
1256.11	0
1256.33	1
1256.55	0
1256.77	0
1256.99	0
1257.21	0
1257.43	0
1257.65	0
1257.87	0
1258.09	0
1258.31	0
1258.53	1
1258.75	0
1258.97	1
1259.19	1
1259.41	0
1259.63	0
1259.85	0
1260.07	0
1260.29	0
1260.51	0
1260.73	0
1260.95	1
1261.17	0
1261.39	0
1261.61	0
1261.83	0
1262.05	0
1262.27	0
1262.49	0
1262.71	0
1262.93	0
1263.15	0
1263.37	1
1263.59	0
1263.81	0
1264.03	0
1264.25	0
1264.47	0
1264.69	0
1264.91	0
1265.13	0
1265.35	0
1265.58	1
1265.8	0
1266.02	0
1266.24	0
1266.46	1
1266.68	0
1266.9	0
1267.12	0
1267.34	0
1267.56	0
1267.78	0
1268	0
1268.22	0
1268.44	0
1268.66	1
1268.88	0
1269.1	0
1269.32	0
1269.54	0
1269.76	2
1269.98	0
1270.2	0
1270.42	0
1270.64	0
1270.86	0
1271.08	0
1271.3	0
1271.52	1
1271.74	0
1271.96	0
1272.18	0
1272.4	1
1272.62	0
1272.84	0
1273.06	0
1273.28	0
1273.5	0
1273.72	0
1273.94	0
1274.16	0
1274.38	0
1274.6	0
1274.82	1
1275.04	1
1275.26	0
1275.48	0
1275.7	0
1275.92	0
1276.14	0
1276.36	0
1276.58	0
1276.8	0
1277.02	0
1277.24	0
1277.46	0
1277.68	0
1277.9	2
1278.12	1
1278.34	0
1278.56	1
1278.78	0
1279	0
1279.22	0
1279.44	0
1279.66	0
1279.88	0
1280.1	0
1280.32	0
1280.54	1
1280.76	0
1280.98	1
1281.2	0
1281.42	0
1281.64	0
1281.86	0
1282.08	0
1282.3	0
1282.52	0
1282.74	0
1282.96	0
1283.18	0
1283.4	0
1283.62	0
1283.84	0
1284.06	0
1284.28	1
1284.5	1
1284.72	0
1284.94	0
1285.16	1
1285.38	0
1285.6	0
1285.82	0
1286.04	0
1286.26	1
1286.48	1
1286.7	0
1286.92	0
1287.14	0
1287.36	1
1287.59	0
1287.81	0
1288.03	0
1288.25	0
1288.47	0
1288.69	1
1288.91	0
1289.13	1
1289.35	0
1289.57	0
1289.79	0
1290.01	0
1290.23	0
1290.45	1
1290.67	0
1290.89	0
1291.11	0
1291.33	1
1291.55	0
1291.77	0
1291.99	0
1292.21	0
1292.43	0
1292.65	0
1292.87	1
1293.09	1
1293.31	0
1293.53	0
1293.75	0
1293.97	0
1294.19	0
1294.41	0
1294.63	0
1294.85	0
1295.07	0
1295.29	0
1295.51	1
1295.73	0
1295.95	1
1296.17	0
1296.39	0
1296.61	0
1296.83	0
1297.05	0
1297.27	1
1297.49	0
1297.71	0
1297.93	0
1298.15	1
1298.37	1
1298.59	0
1298.81	1
1299.03	0
1299.25	0
1299.47	0
1299.69	0
1299.91	0
1300.13	0
1300.35	0
1300.57	1
1300.79	0
1301.01	0
1301.23	1
1301.45	0
1301.67	0
1301.89	0
1302.11	1
1302.33	0
1302.55	1
1302.77	0
1302.99	0
1303.21	0
1303.43	0
1303.65	0
1303.87	0
1304.09	0
1304.31	1
1304.53	0
1304.75	1
1304.97	0
1305.19	1
1305.41	0
1305.63	0
1305.85	0
1306.07	0
1306.29	1
1306.51	0
1306.73	0
1306.95	0
1307.17	1
1307.39	0
1307.61	0
1307.83	0
1308.05	1
1308.27	0
1308.49	0
1308.71	1
1308.93	0
1309.15	0
1309.37	0
1309.6	1
1309.82	0
1310.04	0
1310.26	1
1310.48	0
1310.7	1
1310.92	0
1311.14	0
1311.36	0
1311.58	1
1311.8	0
1312.02	0
1312.24	0
1312.46	1
1312.68	0
1312.9	0
1313.12	1
1313.34	0
1313.56	1
1313.78	1
1314	1
1314.22	1
1314.44	0
1314.66	0
1314.88	0
1315.1	0
1315.32	0
1315.54	0
1315.76	2
1315.98	0
1316.2	0
1316.42	0
1316.64	1
1316.86	1
1317.08	1
1317.3	0
1317.52	2
1317.74	1
1317.96	0
1318.18	0
1318.4	0
1318.62	0
1318.84	0
1319.06	1
1319.28	0
1319.5	0
1319.72	0
1319.94	1
1320.16	1
1320.38	0
1320.6	0
1320.82	0
1321.04	0
1321.26	1
1321.48	1
1321.7	0
1321.92	0
1322.14	1
1322.36	1
1322.58	0
1322.8	1
1323.02	0
1323.24	1
1323.46	1
1323.68	1
1323.9	0
1324.12	0
1324.34	0
1324.56	1
1324.78	2
1325	0
1325.22	2
1325.44	2
1325.66	1
1325.88	0
1326.1	0
1326.32	0
1326.54	1
1326.76	2
1326.98	0
1327.2	0
1327.42	0
1327.64	1
1327.86	0
1328.08	1
1328.3	1
1328.52	0
1328.74	0
1328.96	0
1329.18	0
1329.4	0
1329.62	0
1329.84	0
1330.06	0
1330.28	0
1330.5	0
1330.72	0
1330.94	0
1331.16	0
1331.38	0
1331.61	0
1331.83	0
1332.05	0
1332.27	0
1332.49	0
1332.71	0
1332.93	0
1333.15	0
1333.37	0
1333.59	0
1333.81	0
1334.03	1
1334.25	0
1334.47	1
1334.69	0
1334.91	0
1335.13	0
1335.35	5
1335.57	5
1335.79	5
1336.01	5
1336.23	11
1336.45	13
1336.67	12
1336.89	5
1337.11	9
1337.33	6
1337.55	1
1337.77	3
1337.99	1
1338.21	1
1338.43	1
1338.65	0
1338.87	0
1339.09	0
1339.31	0
1339.53	0
1339.75	0
1339.97	0
1340.19	0
1340.41	0
1340.63	0
1340.85	0
1341.07	0
1341.29	1
1341.51	0
1341.73	0
1341.95	0
1342.17	0
1342.39	0
1342.61	0
1342.83	0
1343.05	0
1343.27	0
1343.49	0
1343.71	0
1343.93	0
1344.15	1
1344.37	0
1344.59	0
1344.81	0
1345.03	0
1345.25	0
1345.47	0
1345.69	0
1345.91	1
1346.13	0
1346.35	0
1346.57	0
1346.79	0
1347.01	0
1347.23	0
1347.45	0
1347.67	0
1347.89	0
1348.11	0
1348.33	0
1348.55	0
1348.77	0
1348.99	0
1349.21	0
1349.43	0
1349.65	0
1349.87	0
1350.09	0
1350.31	0
1350.53	0
1350.75	0
1350.97	0
1351.19	0
1351.41	0
1351.63	0
1351.85	0
1352.07	0
1352.29	0
1352.51	0
1352.73	0
1352.95	0
1353.17	0
1353.39	0
1353.62	0
1353.84	0
1354.06	0
1354.28	0
1354.5	0
1354.72	0
1354.94	0
1355.16	0
1355.38	0
1355.6	0
1355.82	0
1356.04	0
1356.26	0
1356.48	0
1356.7	0
1356.92	0
1357.14	0
1357.36	2
1357.58	1
1357.8	0
1358.02	0
1358.24	0
1358.46	0
1358.68	0
1358.9	0
1359.12	0
1359.34	0
1359.56	0
1359.78	0
1360	0
1360.22	0
1360.44	0
1360.66	0
1360.88	1
1361.1	0
1361.32	0
1361.54	0
1361.76	0
1361.98	0
1362.2	0
1362.42	0
1362.64	1
1362.86	0
1363.08	0
1363.3	0
1363.52	0
1363.74	0
1363.96	0
1364.18	0
1364.4	0
1364.62	0
1364.84	0
1365.06	0
1365.28	0
1365.5	0
1365.72	0
1365.94	0
1366.16	0
1366.38	0
1366.6	0
1366.82	1
1367.04	0
1367.26	0
1367.48	0
1367.7	0
1367.92	0
1368.14	0
1368.36	0
1368.58	0
1368.8	0
1369.02	1
1369.24	0
1369.46	0
1369.68	0
1369.9	0
1370.12	0
1370.34	0
1370.56	0
1370.78	0
1371	0
1371.22	0
1371.44	0
1371.66	0
1371.88	0
1372.1	0
1372.32	0
1372.54	0
1372.76	0
1372.98	0
1373.2	1
1373.42	0
1373.64	0
1373.86	0
1374.08	0
1374.3	0
1374.52	0
1374.74	0
1374.96	0
1375.18	0
1375.4	0
1375.63	0
1375.85	0
1376.07	0
1376.29	0
1376.51	0
1376.73	1
1376.95	0
1377.17	0
1377.39	0
1377.61	0
1377.83	0
1378.05	0
1378.27	0
1378.49	0
1378.71	0
1378.93	0
1379.15	0
1379.37	0
1379.59	0
1379.81	0
1380.03	0
1380.25	0
1380.47	1
1380.69	0
1380.91	0
1381.13	0
1381.35	0
1381.57	0
1381.79	0
1382.01	0
1382.23	0
1382.45	0
1382.67	0
1382.89	0
1383.11	0
1383.33	1
1383.55	1
1383.77	0
1383.99	0
1384.21	0
1384.43	0
1384.65	0
1384.87	0
1385.09	0
1385.31	0
1385.53	1
1385.75	0
1385.97	0
1386.19	0
1386.41	0
1386.63	1
1386.85	0
1387.07	0
1387.29	0
1387.51	0
1387.73	0
1387.95	0
1388.17	0
1388.39	0
1388.61	0
1388.83	0
1389.05	0
1389.27	1
1389.49	0
1389.71	0
1389.93	0
1390.15	0
1390.37	0
1390.59	0
1390.81	0
1391.03	0
1391.25	0
1391.47	0
1391.69	0
1391.91	0
1392.13	0
1392.35	0
1392.57	0
1392.79	0
1393.01	0
1393.23	0
1393.45	0
1393.67	0
1393.89	0
1394.11	0
1394.33	0
1394.55	0
1394.77	0
1394.99	0
1395.21	0
1395.43	0
1395.65	0
1395.87	0
1396.09	0
1396.31	0
1396.53	1
1396.75	0
1396.97	0
1397.19	0
1397.41	0
1397.64	0
1397.86	0
1398.08	0
1398.3	0
1398.52	0
1398.74	0
1398.96	0
1399.18	0
1399.4	0
1399.62	0
1399.84	0
1400.06	0
1400.28	0
1400.5	0
1400.72	0
1400.94	0
1401.16	0
1401.38	0
1401.6	0
1401.82	0
1402.04	0
1402.26	0
1402.48	0
1402.7	0
1402.92	0
1403.14	0
1403.36	0
1403.58	0
1403.8	0
1404.02	0
1404.24	0
1404.46	0
1404.68	0
1404.9	0
1405.12	0
1405.34	0
1405.56	0
1405.78	0
1406	0
1406.22	0
1406.44	0
1406.66	0
1406.88	0
1407.1	0
1407.32	0
1407.54	0
1407.76	0
1407.98	0
1408.2	0
1408.42	0
1408.64	0
1408.86	0
1409.08	0
1409.3	1
1409.52	0
1409.74	0
1409.96	0
1410.18	0
1410.4	0
1410.62	0
1410.84	0
1411.06	0
1411.28	0
1411.5	1
1411.72	0
1411.94	0
1412.16	1
1412.38	1
1412.6	0
1412.82	0
1413.04	0
1413.26	0
1413.48	0
1413.7	0
1413.92	0
1414.14	0
1414.36	0
1414.58	0
1414.8	1
1415.02	0
1415.24	0
1415.46	0
1415.68	0
1415.9	0
1416.12	0
1416.34	0
1416.56	0
1416.78	0
1417	0
1417.22	0
1417.44	0
1417.66	0
1417.88	0
1418.1	0
1418.32	0
1418.54	0
1418.76	0
1418.98	0
1419.2	0
1419.42	1
1419.65	0
1419.87	0
1420.09	0
1420.31	0
1420.53	0
1420.75	0
1420.97	0
1421.19	0
1421.41	0
1421.63	0
1421.85	0
1422.07	0
1422.29	0
1422.51	0
1422.73	0
1422.95	0
1423.17	0
1423.39	0
1423.61	0
1423.83	0
1424.05	0
1424.27	0
1424.49	0
1424.71	0
1424.93	0
1425.15	0
1425.37	1
1425.59	0
1425.81	0
1426.03	0
1426.25	0
1426.47	0
1426.69	0
1426.91	0
1427.13	0
1427.35	0
1427.57	0
1427.79	0
1428.01	0
1428.23	0
1428.45	0
1428.67	0
1428.89	0
1429.11	0
1429.33	0
1429.55	0
1429.77	0
1429.99	0
1430.21	0
1430.43	0
1430.65	0
1430.87	0
1431.09	0
1431.31	0
1431.53	0
1431.75	0
1431.97	0
1432.19	0
1432.41	0
1432.63	0
1432.85	0
1433.07	0
1433.29	0
1433.51	0
1433.73	0
1433.95	0
1434.17	0
1434.39	0
1434.61	0
1434.83	1
1435.05	0
1435.27	0
1435.49	0
1435.71	0
1435.93	0
1436.15	0
1436.37	0
1436.59	0
1436.81	0
1437.03	0
1437.25	0
1437.47	0
1437.69	0
1437.91	0
1438.13	0
1438.35	0
1438.57	0
1438.79	0
1439.01	0
1439.23	1
1439.45	0
1439.67	0
1439.89	0
1440.11	0
1440.33	0
1440.55	0
1440.77	0
1440.99	0
1441.21	0
1441.43	0
1441.66	0
1441.88	0
1442.1	0
1442.32	0
1442.54	0
1442.76	0
1442.98	0
1443.2	1
1443.42	0
1443.64	0
1443.86	0
1444.08	0
1444.3	0
1444.52	2
1444.74	0
1444.96	0
1445.18	1
1445.4	0
1445.62	1
1445.84	0
1446.06	0
1446.28	0
1446.5	0
1446.72	0
1446.94	0
1447.16	0
1447.38	0
1447.6	0
1447.82	0
1448.04	0
1448.26	0
1448.48	0
1448.7	0
1448.92	0
1449.14	0
1449.36	0
1449.58	0
1449.8	0
1450.02	0
1450.24	0
1450.46	0
1450.68	0
1450.9	0
1451.12	0
1451.34	0
1451.56	0
1451.78	0
1452	0
1452.22	0
1452.44	0
1452.66	1
1452.88	0
1453.1	0
1453.32	0
1453.54	0
1453.76	0
1453.98	0
1454.2	0
1454.42	0
1454.64	0
1454.86	0
1455.08	0
1455.3	0
1455.52	0
1455.74	0
1455.96	0
1456.18	0
1456.4	0
1456.62	0
1456.84	0
1457.06	0
1457.28	0
1457.5	0
1457.72	0
1457.94	0
1458.16	0
1458.38	0
1458.6	0
1458.82	0
1459.04	0
1459.26	0
1459.48	0
1459.7	0
1459.92	0
1460.14	0
1460.36	0
1460.58	0
1460.8	0
1461.02	0
1461.24	0
1461.46	0
1461.68	0
1461.9	0
1462.12	0
1462.34	0
1462.56	0
1462.78	0
1463	0
1463.22	0
1463.44	1
1463.67	1
1463.89	0
1464.11	0
1464.33	2
1464.55	1
1464.77	2
1464.99	1
1465.21	1
1465.43	1
1465.65	2
1465.87	3
1466.09	1
1466.31	0
1466.53	1
1466.75	0
1466.97	1
1467.19	0
1467.41	0
1467.63	0
1467.85	0
1468.07	0
1468.29	0
1468.51	0
1468.73	0
1468.95	0
1469.17	0
1469.39	0
1469.61	0
1469.83	0
1470.05	0
1470.27	0
1470.49	0
1470.71	0
1470.93	0
1471.15	0
1471.37	0
1471.59	0
1471.81	1
1472.03	0
1472.25	0
1472.47	0
1472.69	0
1472.91	0
1473.13	0
1473.35	0
1473.57	0
1473.79	0
1474.01	0
1474.23	0
1474.45	0
1474.67	1
1474.89	0
1475.11	0
1475.33	0
1475.55	0
1475.77	0
1475.99	0
1476.21	0
1476.43	0
1476.65	0
1476.87	1
1477.09	0
1477.31	0
1477.53	0
1477.75	0
1477.97	0
1478.19	0
1478.41	0
1478.63	0
1478.85	0
1479.07	0
1479.29	0
1479.51	0
1479.73	0
1479.95	0
1480.17	0
1480.39	0
1480.61	0
1480.83	0
1481.05	0
1481.27	0
1481.49	0
1481.71	0
1481.93	0
1482.15	0
1482.37	0
1482.59	0
1482.81	0
1483.03	0
1483.25	0
1483.47	0
1483.69	0
1483.91	0
1484.13	0
1484.35	0
1484.57	0
1484.79	0
1485.01	0
1485.23	0
1485.45	0
1485.68	0
1485.9	0
1486.12	0
1486.34	0
1486.56	0
1486.78	1
1487	0
1487.22	0
1487.44	0
1487.66	0
1487.88	0
1488.1	0
1488.32	0
1488.54	0
1488.76	0
1488.98	0
1489.2	0
1489.42	0
1489.64	0
1489.86	0
1490.08	0
1490.3	0
1490.52	0
1490.74	0
1490.96	0
1491.18	0
1491.4	0
1491.62	0
1491.84	0
1492.06	0
1492.28	0
1492.5	0
1492.72	0
1492.94	0
1493.16	0
1493.38	0
1493.6	0
1493.82	1
1494.04	0
1494.26	0
1494.48	0
1494.7	0
1494.92	0
1495.14	0
1495.36	0
1495.58	0
1495.8	0
1496.02	0
1496.24	0
1496.46	0
1496.68	0
1496.9	0
1497.12	0
1497.34	0
1497.56	0
1497.78	0
1498	0
1498.22	0
1498.44	0
1498.66	0
1498.88	0
1499.1	1
1499.32	0
1499.54	0
1499.76	0
1499.98	0
1500.2	0
1500.42	0
1500.64	0
1500.86	0
1501.08	0
1501.3	0
1501.52	0
1501.74	0
1501.96	0
1502.18	1
1502.4	0
1502.62	0
1502.84	0
1503.06	0
1503.28	0
1503.5	0
1503.72	0
1503.94	0
1504.16	0
1504.38	0
1504.6	0
1504.82	0
1505.04	0
1505.26	0
1505.48	0
1505.7	0
1505.92	0
1506.14	0
1506.36	0
1506.58	0
1506.8	0
1507.02	0
1507.24	0
1507.46	0
1507.68	0
1507.91	0
1508.13	0
1508.35	0
1508.57	0
1508.79	0
1509.01	0
1509.23	0
1509.45	0
1509.67	0
1509.89	0
1510.11	0
1510.33	0
1510.55	0
1510.77	0
1510.99	0
1511.21	0
1511.43	1
1511.65	0
1511.87	0
1512.09	0
1512.31	0
1512.53	0
1512.75	0
1512.97	0
1513.19	0
1513.41	0
1513.63	0
1513.85	0
1514.07	0
1514.29	0
1514.51	0
1514.73	0
1514.95	0
1515.17	0
1515.39	0
1515.61	0
1515.83	0
1516.05	0
1516.27	0
1516.49	0
1516.71	0
1516.93	0
1517.15	0
1517.37	0
1517.59	0
1517.81	0
1518.03	0
1518.25	0
1518.47	0
1518.69	0
1518.91	0
1519.13	0
1519.35	0
1519.57	0
1519.79	0
1520.01	0
1520.23	0
1520.45	0
1520.67	0
1520.89	0
1521.11	0
1521.33	0
1521.55	0
1521.77	0
1521.99	0
1522.21	0
1522.43	0
1522.65	0
1522.87	0
1523.09	0
1523.31	0
1523.53	0
1523.75	0
1523.97	0
1524.19	0
1524.41	0
1524.63	0
1524.85	0
1525.07	0
1525.29	1
1525.51	0
1525.73	0
1525.95	0
1526.17	0
1526.39	0
1526.61	0
1526.83	0
1527.05	0
1527.27	0
1527.49	0
1527.71	0
1527.93	0
1528.15	0
1528.37	0
1528.59	0
1528.81	0
1529.03	0
1529.25	0
1529.47	0
1529.69	0
1529.92	0
1530.14	0
1530.36	0
1530.58	0
1530.8	0
1531.02	0
1531.24	0
1531.46	0
1531.68	0
1531.9	0
1532.12	0
1532.34	0
1532.56	0
1532.78	0
1533	0
1533.22	0
1533.44	0
1533.66	0
1533.88	0
1534.1	0
1534.32	0
1534.54	0
1534.76	0
1534.98	0
1535.2	0
1535.42	0
1535.64	0
1535.86	0
1536.08	0
1536.3	0
1536.52	0
1536.74	0
1536.96	0
1537.18	0
1537.4	0
1537.62	0
1537.84	0
1538.06	0
1538.28	0
1538.5	0
1538.72	0
1538.94	0
1539.16	0
1539.38	0
1539.6	0
1539.82	0
1540.04	0
1540.26	0
1540.48	0
1540.7	0
1540.92	0
1541.14	0
1541.36	0
1541.58	0
1541.8	0
1542.02	0
1542.24	0
1542.46	0
1542.68	0
1542.9	0
1543.12	0
1543.34	0
1543.56	0
1543.78	0
1544	0
1544.22	0
1544.44	0
1544.66	1
1544.88	0
1545.1	0
1545.32	0
1545.54	0
1545.76	0
1545.98	0
1546.2	0
1546.42	0
1546.64	0
1546.86	0
1547.08	0
1547.3	0
1547.52	0
1547.74	0
1547.96	0
1548.18	0
1548.4	0
1548.62	0
1548.84	0
1549.06	0
1549.28	0
1549.5	0
1549.72	0
1549.94	0
1550.16	0
1550.38	0
1550.6	0
1550.82	0
1551.04	0
1551.26	0
1551.48	0
1551.7	0
1551.93	0
1552.15	0
1552.37	0
1552.59	0
1552.81	0
1553.03	0
1553.25	0
1553.47	0
1553.69	0
1553.91	0
1554.13	0
1554.35	0
1554.57	0
1554.79	0
1555.01	0
1555.23	0
1555.45	0
1555.67	0
1555.89	0
1556.11	0
1556.33	0
1556.55	0
1556.77	0
1556.99	0
1557.21	0
1557.43	0
1557.65	0
1557.87	0
1558.09	0
1558.31	0
1558.53	0
1558.75	0
1558.97	0
1559.19	0
1559.41	0
1559.63	0
1559.85	0
1560.07	0
1560.29	0
1560.51	0
1560.73	0
1560.95	0
1561.17	0
1561.39	0
1561.61	0
1561.83	0
1562.05	0
1562.27	0
1562.49	0
1562.71	1
1562.93	0
1563.15	0
1563.37	0
1563.59	0
1563.81	0
1564.03	0
1564.25	0
1564.47	0
1564.69	0
1564.91	0
1565.13	0
1565.35	0
1565.57	0
1565.79	0
1566.01	1
1566.23	0
1566.45	0
1566.67	0
1566.89	0
1567.11	0
1567.33	0
1567.55	0
1567.77	0
1567.99	0
1568.21	0
1568.43	0
1568.65	0
1568.87	0
1569.09	0
1569.31	0
1569.53	0
1569.75	0
1569.97	0
1570.19	0
1570.41	0
1570.63	0
1570.85	0
1571.07	0
1571.29	0
1571.51	0
1571.73	0
1571.95	0
1572.17	0
1572.39	0
1572.61	0
1572.83	1
1573.05	0
1573.27	0
1573.49	0
1573.71	0
1573.94	0
1574.16	0
1574.38	0
1574.6	0
1574.82	0
1575.04	0
1575.26	0
1575.48	0
1575.7	0
1575.92	0
1576.14	0
1576.36	0
1576.58	0
1576.8	0
1577.02	0
1577.24	0
1577.46	0
1577.68	0
1577.9	0
1578.12	0
1578.34	0
1578.56	0
1578.78	0
1579	0
1579.22	0
1579.44	0
1579.66	0
1579.88	0
1580.1	0
1580.32	0
1580.54	0
1580.76	0
1580.98	0
1581.2	0
1581.42	0
1581.64	0
1581.86	0
1582.08	0
1582.3	0
1582.52	0
1582.74	0
1582.96	0
1583.18	0
1583.4	0
1583.62	0
1583.84	0
1584.06	0
1584.28	0
1584.5	0
1584.72	0
1584.94	0
1585.16	0
1585.38	0
1585.6	0
1585.82	0
1586.04	1
1586.26	0
1586.48	1
1586.7	0
1586.92	0
1587.14	0
1587.36	0
1587.58	0
1587.8	0
1588.02	0
1588.24	0
1588.46	0
1588.68	0
1588.9	0
1589.12	0
1589.34	0
1589.56	0
1589.78	0
1590	0
1590.22	0
1590.44	0
1590.66	0
1590.88	0
1591.1	0
1591.32	0
1591.54	0
1591.76	0
1591.98	0
1592.2	0
1592.42	0
1592.64	0
1592.86	0
1593.08	0
1593.3	0
1593.52	0
1593.74	0
1593.96	0
1594.18	1
1594.4	0
1594.62	0
1594.84	0
1595.06	0
1595.28	0
1595.5	0
1595.72	0
1595.95	0
1596.17	0
1596.39	0
1596.61	0
1596.83	0
1597.05	0
1597.27	0
1597.49	0
1597.71	1
1597.93	0
1598.15	0
1598.37	0
1598.59	0
1598.81	0
1599.03	0
1599.25	0
1599.47	0
1599.69	0
1599.91	0
1600.13	0
1600.35	0
1600.57	0
1600.79	0
1601.01	0
1601.23	0
1601.45	0
1601.67	0
1601.89	0
1602.11	0
1602.33	0
1602.55	0
1602.77	1
1602.99	0
1603.21	0
1603.43	0
1603.65	0
1603.87	0
1604.09	0
1604.31	0
1604.53	0
1604.75	0
1604.97	0
1605.19	0
1605.41	0
1605.63	1
1605.85	0
1606.07	0
1606.29	0
1606.51	0
1606.73	0
1606.95	0
1607.17	0
1607.39	0
1607.61	0
1607.83	0
1608.05	0
1608.27	0
1608.49	0
1608.71	0
1608.93	0
1609.15	0
1609.37	0
1609.59	0
1609.81	0
1610.03	0
1610.25	0
1610.47	0
1610.69	0
1610.91	0
1611.13	0
1611.35	0
1611.57	0
1611.79	0
1612.01	0
1612.23	0
1612.45	0
1612.67	0
1612.89	0
1613.11	1
1613.33	0
1613.55	0
1613.77	0
1613.99	0
1614.21	0
1614.43	1
1614.65	0
1614.87	0
1615.09	0
1615.31	0
1615.53	0
1615.75	0
1615.97	0
1616.19	0
1616.41	0
1616.63	0
1616.85	0
1617.07	0
1617.29	0
1617.51	0
1617.73	0
1617.96	0
1618.18	0
1618.4	0
1618.62	0
1618.84	0
1619.06	1
1619.28	0
1619.5	0
1619.72	0
1619.94	0
1620.16	0
1620.38	0
1620.6	0
1620.82	0
1621.04	0
1621.26	0
1621.48	0
1621.7	0
1621.92	0
1622.14	0
1622.36	0
1622.58	0
1622.8	0
1623.02	0
1623.24	0
1623.46	1
1623.68	0
1623.9	0
1624.12	0
1624.34	0
1624.56	0
1624.78	0
1625	0
1625.22	0
1625.44	0
1625.66	0
1625.88	0
1626.1	0
1626.32	0
1626.54	0
1626.76	0
1626.98	0
1627.2	1
1627.42	0
1627.64	0
1627.86	0
1628.08	0
1628.3	0
1628.52	0
1628.74	0
1628.96	0
1629.18	0
1629.4	0
1629.62	0
1629.84	0
1630.06	0
1630.28	0
1630.5	0
1630.72	0
1630.94	0
1631.16	0
1631.38	0
1631.6	0
1631.82	0
1632.04	0
1632.26	0
1632.48	0
1632.7	0
1632.92	0
1633.14	0
1633.36	0
1633.58	0
1633.8	0
1634.02	0
1634.24	1
1634.46	0
1634.68	0
1634.9	0
1635.12	0
1635.34	0
1635.56	0
1635.78	0
1636	1
1636.22	0
1636.44	0
1636.66	0
1636.88	0
1637.1	0
1637.32	0
1637.54	0
1637.76	0
1637.98	0
1638.2	0
1638.42	0
1638.64	0
1638.86	0
1639.08	0
1639.3	0
1639.52	0
1639.74	0
1639.97	0
1640.19	0
1640.41	0
1640.63	0
1640.85	0
1641.07	0
1641.29	0
1641.51	1
1641.73	0
1641.95	0
1642.17	0
1642.39	0
1642.61	0
1642.83	0
1643.05	0
1643.27	0
1643.49	0
1643.71	0
1643.93	0
1644.15	1
1644.37	0
1644.59	0
1644.81	0
1645.03	0
1645.25	0
1645.47	0
1645.69	0
1645.91	0
1646.13	0
1646.35	0
1646.57	0
1646.79	0
1647.01	0
1647.23	0
1647.45	0
1647.67	0
1647.89	0
1648.11	0
1648.33	0
1648.55	0
1648.77	0
1648.99	0
1649.21	0
1649.43	0
1649.65	0
1649.87	0
1650.09	0
1650.31	0
1650.53	0
1650.75	0
1650.97	0
1651.19	0
1651.41	0
1651.63	0
1651.85	0
1652.07	0
1652.29	0
1652.51	0
1652.73	0
1652.95	0
1653.17	1
1653.39	0
1653.61	0
1653.83	0
1654.05	0
1654.27	0
1654.49	0
1654.71	0
1654.93	0
1655.15	0
1655.37	0
1655.59	0
1655.81	0
1656.03	0
1656.25	0
1656.47	0
1656.69	0
1656.91	0
1657.13	0
1657.35	0
1657.57	0
1657.79	0
1658.01	0
1658.23	0
1658.45	0
1658.67	0
1658.89	0
1659.11	0
1659.33	0
1659.55	0
1659.77	0
1659.99	0
1660.21	0
1660.43	0
1660.65	0
1660.87	0
1661.09	0
1661.31	0
1661.53	0
1661.75	1
1661.98	1
1662.2	0
1662.42	0
1662.64	0
1662.86	0
1663.08	0
1663.3	0
1663.52	0
1663.74	0
1663.96	0
1664.18	0
1664.4	0
1664.62	0
1664.84	0
1665.06	0
1665.28	0
1665.5	0
1665.72	0
1665.94	0
1666.16	0
1666.38	0
1666.6	0
1666.82	0
1667.04	0
1667.26	0
1667.48	0
1667.7	0
1667.92	0
1668.14	0
1668.36	0
1668.58	0
1668.8	0
1669.02	0
1669.24	0
1669.46	0
1669.68	0
1669.9	0
1670.12	0
1670.34	0
1670.56	0
1670.78	0
1671	0
1671.22	0
1671.44	0
1671.66	0
1671.88	0
1672.1	0
1672.32	0
1672.54	0
1672.76	0
1672.98	0
1673.2	0
1673.42	0
1673.64	0
1673.86	0
1674.08	0
1674.3	0
1674.52	0
1674.74	0
1674.96	0
1675.18	0
1675.4	0
1675.62	0
1675.84	0
1676.06	1
1676.28	0
1676.5	0
1676.72	0
1676.94	0
1677.16	0
1677.38	0
1677.6	0
1677.82	0
1678.04	0
1678.26	0
1678.48	0
1678.7	0
1678.92	0
1679.14	0
1679.36	0
1679.58	1
1679.8	0
1680.02	0
1680.24	0
1680.46	0
1680.68	0
1680.9	0
1681.12	0
1681.34	0
1681.56	0
1681.78	0
1682	0
1682.22	0
1682.44	0
1682.66	0
1682.88	0
1683.1	0
1683.32	0
1683.54	0
1683.76	0
1683.99	0
1684.21	1
1684.43	0
1684.65	0
1684.87	0
1685.09	0
1685.31	0
1685.53	0
1685.75	0
1685.97	0
1686.19	0
1686.41	0
1686.63	0
1686.85	0
1687.07	0
1687.29	0
1687.51	0
1687.73	0
1687.95	0
1688.17	0
1688.39	0
1688.61	0
1688.83	0
1689.05	0
1689.27	0
1689.49	1
1689.71	0
1689.93	0
1690.15	0
1690.37	0
1690.59	0
1690.81	0
1691.03	0
1691.25	0
1691.47	0
1691.69	0
1691.91	0
1692.13	0
1692.35	0
1692.57	0
1692.79	0
1693.01	0
1693.23	0
1693.45	0
1693.67	0
1693.89	0
1694.11	0
1694.33	0
1694.55	0
1694.77	0
1694.99	0
1695.21	0
1695.43	0
1695.65	1
1695.87	0
1696.09	1
1696.31	0
1696.53	0
1696.75	0
1696.97	0
1697.19	0
1697.41	0
1697.63	0
1697.85	0
1698.07	0
1698.29	0
1698.51	0
1698.73	1
1698.95	0
1699.17	0
1699.39	0
1699.61	0
1699.83	0
1700.05	0
1700.27	0
1700.49	0
1700.71	0
1700.93	0
1701.15	0
1701.37	0
1701.59	0
1701.81	0
1702.03	0
1702.25	0
1702.47	0
1702.69	0
1702.91	0
1703.13	0
1703.35	0
1703.57	0
1703.79	0
1704.01	0
1704.23	0
1704.45	0
1704.67	0
1704.89	0
1705.11	0
1705.33	0
1705.55	0
1705.77	0
1706	0
1706.22	0
1706.44	0
1706.66	0
1706.88	0
1707.1	0
1707.32	0
1707.54	0
1707.76	0
1707.98	0
1708.2	0
1708.42	0
1708.64	0
1708.86	0
1709.08	0
1709.3	0
1709.52	0
1709.74	0
1709.96	0
1710.18	0
1710.4	0
1710.62	0
1710.84	0
1711.06	0
1711.28	0
1711.5	0
1711.72	0
1711.94	0
1712.16	0
1712.38	0
1712.6	0
1712.82	0
1713.04	0
1713.26	0
1713.48	0
1713.7	0
1713.92	0
1714.14	0
1714.36	0
1714.58	0
1714.8	0
1715.02	0
1715.24	0
1715.46	0
1715.68	0
1715.9	0
1716.12	0
1716.34	0
1716.56	0
1716.78	0
1717	0
1717.22	0
1717.44	0
1717.66	0
1717.88	0
1718.1	0
1718.32	0
1718.54	0
1718.76	0
1718.98	0
1719.2	0
1719.42	0
1719.64	0
1719.86	0
1720.08	0
1720.3	0
1720.52	0
1720.74	1
1720.96	0
1721.18	0
1721.4	0
1721.62	0
1721.84	0
1722.06	0
1722.28	0
1722.5	0
1722.72	0
1722.94	0
1723.16	0
1723.38	0
1723.6	0
1723.82	0
1724.04	0
1724.26	0
1724.48	0
1724.7	0
1724.92	0
1725.14	0
1725.36	0
1725.58	0
1725.8	0
1726.02	0
1726.24	0
1726.46	0
1726.68	0
1726.9	0
1727.12	0
1727.34	0
1727.56	0
1727.78	0
1728.01	0
1728.23	0
1728.45	0
1728.67	0
1728.89	0
1729.11	0
1729.33	0
1729.55	0
1729.77	0
1729.99	0
1730.21	0
1730.43	0
1730.65	0
1730.87	0
1731.09	0
1731.31	0
1731.53	0
1731.75	0
1731.97	0
1732.19	0
1732.41	0
1732.63	0
1732.85	0
1733.07	0
1733.29	0
1733.51	0
1733.73	0
1733.95	0
1734.17	0
1734.39	0
1734.61	0
1734.83	0
1735.05	0
1735.27	0
1735.49	0
1735.71	0
1735.93	0
1736.15	0
1736.37	0
1736.59	0
1736.81	0
1737.03	0
1737.25	0
1737.47	0
1737.69	0
1737.91	0
1738.13	0
1738.35	0
1738.57	0
1738.79	0
1739.01	0
1739.23	0
1739.45	0
1739.67	0
1739.89	0
1740.11	0
1740.33	0
1740.55	0
1740.77	0
1740.99	0
1741.21	0
1741.43	0
1741.65	0
1741.87	0
1742.09	0
1742.31	0
1742.53	0
1742.75	0
1742.97	0
1743.19	1
1743.41	0
1743.63	0
1743.85	0
1744.07	0
1744.29	0
1744.51	0
1744.73	0
1744.95	0
1745.17	0
1745.39	0
1745.61	0
1745.83	0
1746.05	0
1746.27	0
1746.49	0
1746.71	0
1746.93	0
1747.15	0
1747.37	0
1747.59	0
1747.81	0
1748.03	0
1748.25	0
1748.47	0
1748.69	0
1748.91	0
1749.13	0
1749.35	0
1749.57	0
1749.79	0
1750.02	0
1750.24	0
1750.46	0
1750.68	0
1750.9	0
1751.12	0
1751.34	0
1751.56	0
1751.78	0
1752	0
1752.22	0
1752.44	0
1752.66	0
1752.88	0
1753.1	0
1753.32	0
1753.54	0
1753.76	0
1753.98	0
1754.2	0
1754.42	0
1754.64	0
1754.86	0
1755.08	0
1755.3	0
1755.52	0
1755.74	0
1755.96	0
1756.18	0
1756.4	0
1756.62	0
1756.84	0
1757.06	0
1757.28	0
1757.5	0
1757.72	0
1757.94	0
1758.16	0
1758.38	1
1758.6	1
1758.82	0
1759.04	0
1759.26	0
1759.48	0
1759.7	0
1759.92	0
1760.14	0
1760.36	0
1760.58	0
1760.8	0
1761.02	0
1761.24	0
1761.46	0
1761.68	0
1761.9	0
1762.12	0
1762.34	0
1762.56	0
1762.78	0
1763	0
1763.22	0
1763.44	0
1763.66	0
1763.88	0
1764.1	0
1764.32	0
1764.54	0
1764.76	0
1764.98	0
1765.2	0
1765.42	0
1765.64	0
1765.86	0
1766.08	0
1766.3	0
1766.52	0
1766.74	0
1766.96	0
1767.18	0
1767.4	0
1767.62	0
1767.84	0
1768.06	0
1768.28	0
1768.5	0
1768.72	0
1768.94	0
1769.16	0
1769.38	0
1769.6	0
1769.82	0
1770.04	1
1770.26	0
1770.48	0
1770.7	0
1770.92	1
1771.14	0
1771.36	0
1771.58	0
1771.8	0
1772.03	0
1772.25	0
1772.47	0
1772.69	0
1772.91	0
1773.13	0
1773.35	0
1773.57	0
1773.79	0
1774.01	0
1774.23	0
1774.45	0
1774.67	0
1774.89	0
1775.11	0
1775.33	0
1775.55	0
1775.77	0
1775.99	0
1776.21	0
1776.43	0
1776.65	0
1776.87	0
1777.09	0
1777.31	0
1777.53	0
1777.75	0
1777.97	0
1778.19	0
1778.41	0
1778.63	0
1778.85	0
1779.07	0
1779.29	0
1779.51	0
1779.73	0
1779.95	0
1780.17	0
1780.39	0
1780.61	0
1780.83	0
1781.05	0
1781.27	0
1781.49	0
1781.71	0
1781.93	0
1782.15	0
1782.37	0
1782.59	0
1782.81	0
1783.03	0
1783.25	0
1783.47	0
1783.69	0
1783.91	0
1784.13	1
1784.35	0
1784.57	0
1784.79	0
1785.01	0
1785.23	0
1785.45	0
1785.67	0
1785.89	0
1786.11	0
1786.33	0
1786.55	0
1786.77	0
1786.99	0
1787.21	0
1787.43	0
1787.65	0
1787.87	0
1788.09	0
1788.31	0
1788.53	0
1788.75	0
1788.97	0
1789.19	0
1789.41	0
1789.63	0
1789.85	0
1790.07	0
1790.29	0
1790.51	0
1790.73	0
1790.95	0
1791.17	0
1791.39	0
1791.61	0
1791.83	0
1792.05	0
1792.27	0
1792.49	0
1792.71	0
1792.93	0
1793.15	0
1793.37	0
1793.59	0
1793.81	0
1794.04	0
1794.26	0
1794.48	0
1794.7	0
1794.92	0
1795.14	0
1795.36	0
1795.58	0
1795.8	0
1796.02	0
1796.24	0
1796.46	1
1796.68	0
1796.9	0
1797.12	0
1797.34	0
1797.56	0
1797.78	0
1798	0
1798.22	0
1798.44	0
1798.66	0
1798.88	0
1799.1	0
1799.32	0
1799.54	1
1799.76	0
1799.98	0
1800.2	0
1800.42	0
1800.64	0
1800.86	0
1801.08	0
1801.3	0
1801.52	0
1801.74	0
1801.96	0
1802.18	0
1802.4	0
1802.62	0
1802.84	0
