-5.15587e-020	0
0.2201	0
0.4402	0
0.6603	0
0.8804	0
1.1005	0
1.3206	0
1.5407	0
1.7608	0
1.9809	0
2.201	0
2.4211	0
2.6412	0
2.8613	0
3.0814	0
3.3015	0
3.5216	0
3.7417	0
3.9618	0
4.1819	0
4.402	0
4.6221	0
4.8422	0
5.0623	0
5.2824	0
5.5025	0
5.7226	0
5.9427	0
6.1628	0
6.3829	0
6.603	0
6.8231	0
7.0432	0
7.2633	1
7.4834	8
7.7035	34
7.9236	194
8.1437	333
8.3638	398
8.5839	370
8.804	340
9.0241	400
9.2442	373
9.4643	385
9.6844	384
9.9045	418
10.1246	393
10.3447	399
10.5648	359
10.7849	365
11.005	383
11.2251	357
11.4452	390
11.6653	396
11.8854	353
12.1055	370
12.3256	387
12.5457	362
12.7658	409
12.9859	348
13.206	376
13.4261	402
13.6462	368
13.8663	401
14.0864	379
14.3065	415
14.5266	418
14.7467	409
14.9668	405
15.1869	416
15.407	386
15.6271	401
15.8472	421
16.0673	408
16.2874	372
16.5075	420
16.7276	398
16.9477	440
17.1678	440
17.3879	496
17.608	444
17.8281	497
18.0482	591
18.2683	649
18.4884	638
18.7085	601
18.9286	518
19.1487	447
19.3688	397
19.5889	368
19.809	373
20.0291	416
20.2492	373
20.4693	395
20.6894	394
20.9095	417
21.1296	399
21.3497	412
21.5698	449
21.7899	414
22.01	477
22.2301	453
22.4502	509
22.6703	579
22.8904	565
23.1105	569
23.3306	583
23.5507	572
23.7708	624
23.9909	676
24.211	724
24.4311	859
24.6512	928
24.8713	971
25.0914	1147
25.3115	1285
25.5316	1250
25.7517	1263
25.9718	1258
26.1919	1218
26.412	1151
26.6321	1202
26.8522	1238
27.0723	1296
27.2924	1475
27.5125	2031
27.7326	3367
27.9527	5957
28.1728	8693
28.3929	10500
28.613	9874
28.8331	6948
29.0532	3680
29.2733	1716
29.4934	812
29.7135	550
29.9336	492
30.1537	538
30.3738	537
30.5939	462
30.814	517
31.0341	514
31.2542	516
31.4743	581
31.6944	497
31.9145	665
32.1346	928
32.3547	1610
32.5748	2315
32.7949	2638
33.015	2222
33.2351	1561
33.4552	1078
33.6753	955
33.8954	862
34.1155	602
34.3356	420
34.5557	358
34.7758	307
34.9959	330
35.216	299
35.4361	329
35.6562	313
35.8763	305
36.0964	321
36.3165	313
36.5366	295
36.7567	324
36.9768	310
37.1969	287
37.417	295
37.6371	309
37.8572	322
38.0773	297
38.2974	308
38.5175	299
38.7376	317
38.9577	307
39.1778	263
39.3979	293
39.618	310
39.8381	297
40.0582	290
40.2783	292
40.4984	340
40.7185	282
40.9386	293
41.1587	293
41.3788	296
41.5989	294
41.819	299
42.0391	294
42.2592	281
42.4793	277
42.6994	292
42.9195	288
43.1396	314
43.3597	287
43.5798	295
43.7999	303
44.02	289
44.2401	318
44.4602	310
44.6803	280
44.9004	271
45.1205	289
45.3406	295
45.5607	275
45.7808	302
46.0009	306
46.221	274
46.4411	296
46.6612	282
46.8813	301
47.1014	272
47.3215	292
47.5416	286
47.7617	279
47.9818	283
48.2019	276
48.422	301
48.6421	303
48.8622	270
49.0823	268
49.3024	303
49.5225	293
49.7426	263
49.9627	290
50.1828	305
50.4029	289
50.623	289
50.8431	284
51.0632	301
51.2833	289
51.5034	289
51.7235	304
51.9436	298
52.1637	293
52.3838	309
52.6039	259
52.824	280
53.0441	285
53.2642	272
53.4843	305
53.7044	289
53.9245	257
54.1446	311
54.3647	291
54.5848	306
54.8049	288
55.025	298
55.2451	310
55.4652	311
55.6853	289
55.9054	255
56.1255	310
56.3456	287
56.5657	286
56.7858	290
57.0059	287
57.226	284
57.4461	263
57.6662	287
57.8863	273
58.1064	309
58.3265	300
58.5466	310
58.7667	275
58.9868	286
59.2069	297
59.427	288
59.6471	289
59.8672	322
60.0873	283
60.3074	314
60.5275	313
60.7476	288
60.9677	301
61.1878	297
61.4079	296
61.628	285
61.8481	289
62.0682	285
62.2883	263
62.5084	279
62.7285	310
62.9486	293
63.1687	285
63.3888	283
63.6089	286
63.829	302
64.0491	251
64.2692	293
64.4893	301
64.7094	285
64.9295	286
65.1496	279
65.3697	314
65.5898	275
65.8099	269
66.03	285
66.2501	313
66.4702	305
66.6903	284
66.9104	297
67.1305	294
67.3506	299
67.5707	305
67.7908	307
68.0109	319
68.231	317
68.4511	291
68.6712	332
68.8913	351
69.1114	454
69.3315	509
69.5516	492
69.7717	447
69.9918	424
70.2119	359
70.432	299
70.6521	358
70.8722	371
71.0923	447
71.3124	537
71.5325	706
71.7526	740
71.9727	581
72.1928	481
72.4129	332
72.633	291
72.8531	326
73.0732	307
73.2933	274
73.5134	287
73.7335	283
73.9536	304
74.1737	305
74.3938	298
74.6139	278
74.834	297
75.0541	268
75.2742	276
75.4943	298
75.7144	287
75.9345	288
76.1546	261
76.3747	293
76.5948	279
76.8149	282
77.035	278
77.2551	272
77.4752	262
77.6953	314
77.9154	318
78.1355	271
78.3556	272
78.5757	282
78.7958	288
79.0159	315
79.236	280
79.4561	311
79.6762	286
79.8963	273
80.1164	282
80.3365	296
80.5566	323
80.7767	377
80.9968	358
81.2169	445
81.437	467
81.6571	497
81.8772	472
82.0973	395
82.3174	350
82.5375	288
82.7576	277
82.9777	279
83.1978	286
83.4179	300
83.638	352
83.8581	347
84.0782	370
84.2983	358
84.5184	356
84.7385	297
84.9586	289
85.1787	282
85.3988	285
85.6189	283
85.839	266
86.0591	273
86.2792	237
86.4993	278
86.7194	287
86.9395	291
87.1596	268
87.3797	279
87.5998	283
87.8199	283
88.04	266
88.2601	254
88.4802	266
88.7003	270
88.9204	273
89.1405	275
89.3606	306
89.5807	259
89.8008	281
90.0209	274
90.241	291
90.4611	295
90.6812	257
90.9013	271
91.1214	284
91.3415	281
91.5616	251
91.7817	260
92.0018	260
92.2219	300
92.442	281
92.6621	261
92.8822	283
93.1023	277
93.3224	260
93.5425	262
93.7626	265
93.9827	292
94.2028	277
94.4229	293
94.643	264
94.8631	256
95.0832	246
95.3033	255
95.5234	279
95.7435	283
95.9636	267
96.1837	263
96.4038	246
96.6239	301
96.844	274
97.0641	297
97.2842	266
97.5043	258
97.7244	270
97.9445	277
98.1646	281
98.3847	249
98.6048	245
98.8249	279
99.045	267
99.2651	271
99.4852	269
99.7053	271
99.9254	265
100.146	261
100.366	263
100.586	262
100.806	254
101.026	267
101.246	265
101.466	268
101.686	277
101.906	285
102.126	280
102.346	255
102.567	275
102.787	293
103.007	262
103.227	291
103.447	292
103.667	258
103.887	277
104.107	284
104.327	295
104.548	250
104.768	254
104.988	266
105.208	272
105.428	272
105.648	278
105.868	284
106.088	286
106.308	293
106.528	250
106.748	282
106.969	285
107.189	272
107.409	273
107.629	278
107.849	266
108.069	299
108.289	285
108.509	294
108.729	274
108.95	278
109.17	293
109.39	269
109.61	302
109.83	292
110.05	284
110.27	282
110.49	310
110.71	279
110.93	280
111.15	282
111.371	291
111.591	298
111.811	253
112.031	295
112.251	279
112.471	297
112.691	277
112.911	271
113.131	288
113.352	280
113.572	303
113.792	268
114.012	268
114.232	299
114.452	270
114.672	287
114.892	301
115.112	303
115.332	296
115.552	306
115.773	294
115.993	295
116.213	276
116.433	303
116.653	294
116.873	278
117.093	323
117.313	308
117.533	282
117.753	299
117.974	336
118.194	301
118.414	318
118.634	311
118.854	337
119.074	296
119.294	297
119.514	297
119.734	273
119.955	293
120.175	314
120.395	301
120.615	270
120.835	295
121.055	316
121.275	277
121.495	298
121.715	307
121.935	307
122.155	293
122.376	314
122.596	286
122.816	310
123.036	268
123.256	284
123.476	300
123.696	303
123.916	277
124.136	270
124.357	299
124.577	294
124.797	308
125.017	297
125.237	283
125.457	304
125.677	291
125.897	300
126.117	278
126.337	302
126.557	288
126.778	275
126.998	277
127.218	274
127.438	290
127.658	294
127.878	286
128.098	266
128.318	288
128.538	314
128.759	299
128.979	289
129.199	250
129.419	265
129.639	273
129.859	304
130.079	289
130.299	299
130.519	302
130.739	286
130.959	269
131.18	270
131.4	292
131.62	301
131.84	269
132.06	285
132.28	280
132.5	297
132.72	310
132.94	301
133.16	278
133.381	297
133.601	282
133.821	275
134.041	283
134.261	282
134.481	290
134.701	306
134.921	284
135.141	273
135.362	295
135.582	284
135.802	266
136.022	306
136.242	289
136.462	283
136.682	293
136.902	279
137.122	288
137.342	286
137.563	301
137.783	289
138.003	278
138.223	284
138.443	298
138.663	296
138.883	258
139.103	274
139.323	269
139.543	284
139.763	266
139.984	264
140.204	275
140.424	301
140.644	283
140.864	306
141.084	285
141.304	266
141.524	316
141.744	279
141.964	308
142.185	276
142.405	301
142.625	263
142.845	265
143.065	270
143.285	311
143.505	281
143.725	278
143.945	295
144.165	261
144.386	294
144.606	279
144.826	303
145.046	273
145.266	266
145.486	292
145.706	285
145.926	302
146.146	252
146.367	289
146.587	285
146.807	273
147.027	270
147.247	272
147.467	253
147.687	263
147.907	285
148.127	290
148.347	288
148.568	275
148.788	287
149.008	299
149.228	305
149.448	302
149.668	267
149.888	271
150.108	249
150.328	277
150.548	322
150.768	265
150.989	260
151.209	270
151.429	254
151.649	278
151.869	264
152.089	294
152.309	280
152.529	277
152.749	284
152.969	264
153.19	282
153.41	264
153.63	287
153.85	260
154.07	266
154.29	235
154.51	302
154.73	303
154.95	240
155.171	299
155.391	284
155.611	269
155.831	278
156.051	280
156.271	245
156.491	295
156.711	284
156.931	254
157.151	285
157.372	268
157.592	266
157.812	291
158.032	279
158.252	294
158.472	265
158.692	273
158.912	259
159.132	256
159.352	300
159.572	273
159.793	290
160.013	258
160.233	261
160.453	259
160.673	305
160.893	282
161.113	271
161.333	240
161.553	265
161.773	303
161.994	269
162.214	259
162.434	277
162.654	277
162.874	267
163.094	272
163.314	234
163.534	270
163.754	288
163.975	255
164.195	257
164.415	280
164.635	271
164.855	278
165.075	292
165.295	253
165.515	265
165.735	260
165.955	279
166.176	255
166.396	258
166.616	295
166.836	249
167.056	251
167.276	250
167.496	242
167.716	261
167.936	273
168.156	247
168.376	273
168.597	256
168.817	312
169.037	233
169.257	272
169.477	274
169.697	288
169.917	264
170.137	278
170.357	288
170.577	262
170.798	265
171.018	301
171.238	285
171.458	241
171.678	287
171.898	243
172.118	296
172.338	253
172.558	283
172.778	285
172.999	260
173.219	278
173.439	253
173.659	258
173.879	245
174.099	272
174.319	282
174.539	222
174.759	271
174.98	273
175.2	286
175.42	283
175.64	269
175.86	275
176.08	275
176.3	295
176.52	280
176.74	271
176.96	266
177.18	248
177.401	241
177.621	277
177.841	295
178.061	291
178.281	305
178.501	279
178.721	285
178.941	287
179.161	293
179.381	309
179.602	310
179.822	318
180.042	307
180.262	314
180.482	310
180.702	305
180.922	302
181.142	329
181.362	311
181.582	342
181.803	305
182.023	354
182.243	346
182.463	361
182.683	357
182.903	351
183.123	354
183.343	385
183.563	405
183.784	372
184.004	397
184.224	400
184.444	391
184.664	400
184.884	435
185.104	386
185.324	402
185.544	373
185.764	422
185.985	392
186.205	444
186.425	384
186.645	412
186.865	393
187.085	410
187.305	385
187.525	405
187.745	402
187.965	352
188.185	387
188.406	389
188.626	366
188.846	407
189.066	393
189.286	398
189.506	413
189.726	399
189.946	394
190.166	396
190.386	396
190.607	416
190.827	380
191.047	356
191.267	349
191.487	393
191.707	392
191.927	381
192.147	398
192.367	390
192.587	353
192.808	366
193.028	379
193.248	384
193.468	357
193.688	375
193.908	406
194.128	367
194.348	378
194.568	403
194.789	382
195.009	378
195.229	368
195.449	372
195.669	369
195.889	400
196.109	374
196.329	357
196.549	386
196.769	366
196.989	392
197.21	333
197.43	385
197.65	376
197.87	374
198.09	370
198.31	384
198.53	394
198.75	376
198.97	358
199.19	345
199.411	373
199.631	377
199.851	376
200.071	373
200.291	333
200.511	374
200.731	402
200.951	402
201.171	388
201.391	351
201.612	373
201.832	365
202.052	391
202.272	347
202.492	356
202.712	348
202.932	367
203.152	375
203.372	362
203.593	400
203.813	349
204.033	342
204.253	356
204.473	355
204.693	371
204.913	335
205.133	345
205.353	345
205.573	376
205.793	349
206.014	331
206.234	355
206.454	319
206.674	361
206.894	387
207.114	375
207.334	372
207.554	347
207.774	335
207.994	333
208.215	367
208.435	356
208.655	362
208.875	346
209.095	364
209.315	341
209.535	343
209.755	364
209.975	356
210.195	337
210.416	353
210.636	351
210.856	363
211.076	381
211.296	354
211.516	349
211.736	330
211.956	332
212.176	354
212.397	352
212.617	343
212.837	357
213.057	363
213.277	362
213.497	330
213.717	358
213.937	328
214.157	327
214.377	357
214.598	339
214.818	342
215.038	313
215.258	345
215.478	332
215.698	349
215.918	316
216.138	348
216.358	326
216.578	311
216.798	316
217.019	343
217.239	344
217.459	291
217.679	349
217.899	319
218.119	312
218.339	348
218.559	352
218.779	344
218.999	318
219.22	322
219.44	311
219.66	315
219.88	332
220.1	311
220.32	337
220.54	342
220.76	317
220.98	310
221.2	309
221.421	308
221.641	336
221.861	357
222.081	291
222.301	326
222.521	314
222.741	320
222.961	374
223.181	314
223.402	340
223.622	318
223.842	343
224.062	316
224.282	296
224.502	309
224.722	324
224.942	317
225.162	337
225.382	325
225.602	307
225.823	341
226.043	309
226.263	342
226.483	347
226.703	299
226.923	347
227.143	306
227.363	334
227.583	302
227.803	287
228.024	303
228.244	266
228.464	310
228.684	279
228.904	303
229.124	306
229.344	317
229.564	303
229.784	320
230.004	316
230.225	342
230.445	326
230.665	280
230.885	297
231.105	311
231.325	323
231.545	288
231.765	287
231.985	294
232.206	316
232.426	333
232.646	283
232.866	294
233.086	297
233.306	302
233.526	313
233.746	302
233.966	298
234.186	296
234.406	285
234.627	297
234.847	281
235.067	304
235.287	287
235.507	303
235.727	265
235.947	298
236.167	261
236.387	308
236.607	257
236.828	278
237.048	270
237.268	285
237.488	286
237.708	281
237.928	283
238.148	289
238.368	270
238.588	284
238.808	285
239.029	284
239.249	289
239.469	258
239.689	298
239.909	277
240.129	273
240.349	287
240.569	280
240.789	273
241.01	286
241.23	257
241.45	286
241.67	289
241.89	275
242.11	253
242.33	300
242.55	289
242.77	247
242.99	286
243.211	262
243.431	244
243.651	261
243.871	318
244.091	260
244.311	286
244.531	267
244.751	277
244.971	265
245.191	262
245.411	266
245.632	288
245.852	251
246.072	261
246.292	255
246.512	281
246.732	251
246.952	285
247.172	266
247.392	268
247.612	264
247.833	261
248.053	288
248.273	262
248.493	247
248.713	264
248.933	289
249.153	269
249.373	289
249.593	246
249.813	258
250.034	241
250.254	221
250.474	231
250.694	253
250.914	259
251.134	253
251.354	219
251.574	239
251.794	276
252.015	267
252.235	253
252.455	245
252.675	268
252.895	234
253.115	215
253.335	234
253.555	239
253.775	261
253.995	252
254.215	238
254.436	230
254.656	221
254.876	258
255.096	243
255.316	212
255.536	211
255.756	249
255.976	256
256.196	226
256.416	227
256.637	229
256.857	233
257.077	242
257.297	240
257.517	235
257.737	277
257.957	233
258.177	238
258.397	233
258.618	231
258.838	253
259.058	254
259.278	240
259.498	236
259.718	227
259.938	221
260.158	270
260.378	235
260.598	255
260.818	234
261.039	204
261.259	224
261.479	224
261.699	230
261.919	277
262.139	275
262.359	237
262.579	215
262.799	235
263.019	225
263.24	206
263.46	200
263.68	221
263.9	232
264.12	226
264.34	241
264.56	196
264.78	202
265	201
265.221	186
265.441	214
265.661	232
265.881	264
266.101	217
266.321	208
266.541	239
266.761	219
266.981	233
267.201	233
267.421	219
267.642	226
267.862	227
268.082	216
268.302	198
268.522	218
268.742	207
268.962	229
269.182	228
269.402	198
269.623	246
269.843	193
270.063	211
270.283	220
270.503	225
270.723	221
270.943	245
271.163	200
271.383	197
271.603	224
271.823	236
272.044	230
272.264	226
272.484	216
272.704	200
272.924	221
273.144	214
273.364	218
273.584	222
273.804	215
274.024	189
274.245	221
274.465	221
274.685	228
274.905	219
275.125	206
275.345	193
275.565	227
275.785	203
276.005	208
276.226	218
276.446	210
276.666	213
276.886	202
277.106	194
277.326	213
277.546	217
277.766	184
277.986	209
278.206	196
278.426	197
278.647	209
278.867	224
279.087	201
279.307	178
279.527	210
279.747	226
279.967	182
280.187	184
280.407	200
280.628	211
280.848	213
281.068	182
281.288	215
281.508	214
281.728	200
281.948	226
282.168	198
282.388	210
282.608	213
282.828	223
283.049	196
283.269	210
283.489	197
283.709	202
283.929	241
284.149	192
284.369	224
284.589	216
284.809	199
285.029	200
285.25	190
285.47	198
285.69	191
285.91	185
286.13	162
286.35	207
286.57	198
286.79	207
287.01	210
287.231	201
287.451	205
287.671	215
287.891	202
288.111	216
288.331	215
288.551	213
288.771	211
288.991	207
289.211	205
289.431	174
289.652	211
289.872	185
290.092	199
290.312	185
290.532	205
290.752	178
290.972	186
291.192	190
291.412	196
291.632	184
291.853	191
292.073	202
292.293	207
292.513	197
292.733	206
292.953	199
293.173	195
293.393	206
293.613	185
293.834	199
294.054	184
294.274	194
294.494	192
294.714	191
294.934	179
295.154	181
295.374	177
295.594	168
295.814	218
296.034	193
296.255	189
296.475	213
296.695	193
296.915	169
297.135	193
297.355	191
297.575	190
297.795	195
298.015	183
298.236	181
298.456	191
298.676	194
298.896	207
299.116	191
299.336	192
299.556	170
299.776	158
299.996	156
300.216	195
300.436	192
300.657	184
300.877	184
301.097	186
301.317	176
301.537	196
301.757	182
301.977	182
302.197	185
302.417	195
302.637	203
302.858	160
303.078	171
303.298	193
303.518	163
303.738	193
303.958	188
304.178	189
304.398	164
304.618	193
304.839	162
305.059	188
305.279	182
305.499	188
305.719	173
305.939	185
306.159	176
306.379	171
306.599	187
306.819	196
307.039	180
307.26	191
307.48	191
307.7	183
307.92	201
308.14	170
308.36	188
308.58	185
308.8	185
309.02	186
309.241	163
309.461	200
309.681	174
309.901	153
310.121	184
310.341	209
310.561	183
310.781	214
311.001	187
311.221	216
311.441	180
311.662	192
311.882	192
312.102	196
312.322	173
312.542	159
312.762	182
312.982	179
313.202	220
313.422	181
313.642	205
313.863	162
314.083	203
314.303	186
314.523	193
314.743	175
314.963	162
315.183	193
315.403	177
315.623	173
315.844	194
316.064	176
316.284	167
316.504	161
316.724	186
316.944	187
317.164	205
317.384	192
317.604	177
317.824	199
318.044	181
318.265	191
318.485	169
318.705	178
318.925	165
319.145	185
319.365	182
319.585	178
319.805	186
320.025	198
320.245	198
320.466	181
320.686	172
320.906	161
321.126	159
321.346	203
321.566	169
321.786	187
322.006	177
322.226	178
322.446	173
322.667	183
322.887	178
323.107	193
323.327	194
323.547	198
323.767	195
323.987	179
324.207	183
324.427	199
324.647	179
324.868	184
325.088	185
325.308	212
325.528	188
325.748	178
325.968	175
326.188	176
326.408	179
326.628	189
326.849	164
327.069	187
327.289	174
327.509	179
327.729	182
327.949	183
328.169	157
328.389	179
328.609	185
328.829	159
329.049	195
329.27	200
329.49	165
329.71	180
329.93	167
330.15	179
330.37	193
330.59	207
330.81	169
331.03	166
331.25	173
331.471	202
331.691	174
331.911	185
332.131	169
332.351	163
332.571	172
332.791	151
333.011	150
333.231	165
333.452	188
333.672	188
333.892	170
334.112	174
334.332	166
334.552	182
334.772	166
334.992	152
335.212	182
335.432	188
335.652	188
335.873	143
336.093	151
336.313	174
336.533	173
336.753	181
336.973	172
337.193	197
337.413	192
337.633	154
337.854	152
338.074	172
338.294	179
338.514	180
338.734	163
338.954	163
339.174	178
339.394	188
339.614	170
339.834	182
340.054	160
340.275	175
340.495	192
340.715	188
340.935	145
341.155	175
341.375	187
341.595	152
341.815	184
342.035	165
342.255	165
342.476	164
342.696	162
342.916	198
343.136	171
343.356	188
343.576	150
343.796	176
344.016	188
344.236	157
344.457	187
344.677	185
344.897	177
345.117	176
345.337	151
345.557	176
345.777	173
345.997	162
346.217	168
346.437	163
346.657	171
346.878	161
347.098	184
347.318	178
347.538	169
347.758	147
347.978	156
348.198	160
348.418	167
348.638	157
348.858	178
349.079	192
349.299	178
349.519	165
349.739	185
349.959	181
350.179	165
350.399	186
350.619	170
350.839	182
351.059	173
351.28	168
351.5	155
351.72	164
351.94	191
352.16	172
352.38	172
352.6	181
352.82	159
353.04	191
353.26	172
353.481	149
353.701	171
353.921	156
354.141	177
354.361	188
354.581	177
354.801	148
355.021	177
355.241	179
355.462	166
355.682	172
355.902	188
356.122	166
356.342	168
356.562	204
356.782	170
357.002	160
357.222	183
357.442	190
357.662	194
357.883	160
358.103	177
358.323	165
358.543	211
358.763	158
358.983	166
359.203	173
359.423	162
359.643	171
359.863	154
360.084	172
360.304	210
360.524	163
360.744	158
360.964	170
361.184	170
361.404	177
361.624	174
361.844	183
362.065	160
362.285	169
362.505	178
362.725	168
362.945	186
363.165	167
363.385	183
363.605	169
363.825	176
364.045	180
364.265	171
364.486	202
364.706	164
364.926	172
365.146	167
365.366	164
365.586	155
365.806	184
366.026	209
366.246	202
366.467	164
366.687	177
366.907	178
367.127	178
367.347	170
367.567	160
367.787	180
368.007	175
368.227	182
368.447	178
368.667	184
368.888	184
369.108	183
369.328	188
369.548	186
369.768	187
369.988	173
370.208	202
370.428	185
370.648	174
370.868	167
371.089	166
371.309	166
371.529	162
371.749	168
371.969	179
372.189	185
372.409	178
372.629	179
372.849	151
373.07	198
373.29	178
373.51	198
373.73	184
373.95	191
374.17	197
374.39	154
374.61	190
374.83	207
375.05	165
375.27	199
375.491	165
375.711	202
375.931	208
376.151	174
376.371	191
376.591	188
376.811	172
377.031	180
377.251	177
377.471	176
377.692	193
377.912	167
378.132	169
378.352	193
378.572	166
378.792	170
379.012	198
379.232	201
379.452	182
379.672	174
379.893	172
380.113	159
380.333	182
380.553	199
380.773	192
380.993	190
381.213	158
381.433	185
381.653	167
381.873	188
382.094	196
382.314	184
382.534	194
382.754	184
382.974	179
383.194	195
383.414	180
383.634	179
383.854	191
384.075	208
384.295	185
384.515	179
384.735	192
384.955	189
385.175	203
385.395	189
385.615	199
385.835	196
386.055	178
386.275	189
386.496	180
386.716	180
386.936	161
387.156	158
387.376	181
387.596	180
387.816	193
388.036	191
388.256	179
388.476	186
388.697	178
388.917	195
389.137	188
389.357	195
389.577	205
389.797	183
390.017	168
390.237	171
390.457	179
390.678	181
390.898	186
391.118	171
391.338	193
391.558	174
391.778	169
391.998	187
392.218	214
392.438	163
392.658	209
392.878	184
393.099	165
393.319	194
393.539	192
393.759	200
393.979	176
394.199	195
394.419	198
394.639	190
394.859	169
395.08	189
395.3	182
395.52	194
395.74	198
395.96	194
396.18	212
396.4	163
396.62	177
396.84	183
397.06	219
397.28	208
397.501	193
397.721	181
397.941	200
398.161	189
398.381	170
398.601	195
398.821	187
399.041	227
399.261	209
399.481	185
399.702	189
399.922	218
400.142	194
400.362	196
400.582	183
400.802	194
401.022	161
401.242	191
401.462	223
401.683	201
401.903	204
402.123	197
402.343	178
402.563	189
402.783	208
403.003	226
403.223	176
403.443	205
403.663	182
403.883	194
404.104	200
404.324	187
404.544	186
404.764	193
404.984	218
405.204	211
405.424	209
405.644	196
405.864	202
406.084	211
406.305	191
406.525	185
406.745	198
406.965	198
407.185	204
407.405	200
407.625	215
407.845	197
408.065	182
408.285	205
408.506	199
408.726	206
408.946	236
409.166	210
409.386	187
409.606	183
409.826	195
410.046	200
410.266	209
410.486	182
410.707	196
410.927	231
411.147	186
411.367	184
411.587	231
411.807	199
412.027	195
412.247	181
412.467	214
412.688	195
412.908	204
413.128	190
413.348	219
413.568	212
413.788	193
414.008	208
414.228	203
414.448	227
414.668	183
414.888	194
415.109	210
415.329	217
415.549	237
415.769	204
415.989	208
416.209	206
416.429	205
416.649	189
416.869	229
417.089	238
417.31	214
417.53	214
417.75	222
417.97	203
418.19	233
418.41	204
418.63	208
418.85	240
419.07	219
419.291	217
419.511	197
419.731	228
419.951	211
420.171	232
420.391	227
420.611	214
420.831	224
421.051	207
421.271	229
421.491	213
421.712	216
421.932	203
422.152	208
422.372	200
422.592	215
422.812	219
423.032	212
423.252	215
423.472	214
423.693	266
423.913	219
424.133	205
424.353	229
424.573	241
424.793	233
425.013	220
425.233	228
425.453	258
425.673	238
425.893	230
426.114	220
426.334	216
426.554	227
426.774	221
426.994	222
427.214	210
427.434	254
427.654	214
427.874	236
428.094	213
428.315	228
428.535	228
428.755	218
428.975	237
429.195	226
429.415	220
429.635	229
429.855	226
430.075	208
430.296	210
430.516	243
430.736	208
430.956	215
431.176	227
431.396	233
431.616	228
431.836	253
432.056	231
432.276	232
432.496	225
432.717	240
432.937	247
433.157	232
433.377	254
433.597	222
433.817	245
434.037	250
434.257	213
434.477	213
434.697	214
434.918	236
435.138	226
435.358	245
435.578	234
435.798	241
436.018	271
436.238	236
436.458	259
436.678	255
436.898	245
437.119	241
437.339	253
437.559	246
437.779	242
437.999	261
438.219	228
438.439	243
438.659	248
438.879	230
439.099	269
439.32	253
439.54	242
439.76	273
439.98	252
440.2	264
440.42	254
440.64	244
440.86	253
441.08	243
441.301	266
441.521	235
441.741	254
441.961	263
442.181	243
442.401	266
442.621	225
442.841	243
443.061	252
443.281	280
443.501	251
443.722	260
443.942	238
444.162	263
444.382	287
444.602	276
444.822	263
445.042	252
445.262	254
445.482	285
445.702	276
445.923	241
446.143	259
446.363	278
446.583	243
446.803	253
447.023	266
447.243	261
447.463	282
447.683	270
447.904	267
448.124	250
448.344	279
448.564	280
448.784	270
449.004	296
449.224	284
449.444	270
449.664	281
449.884	252
450.104	264
450.325	256
450.545	259
450.765	274
450.985	299
451.205	239
451.425	284
451.645	275
451.865	272
452.085	259
452.305	266
452.526	252
452.746	265
452.966	282
453.186	281
453.406	271
453.626	284
453.846	271
454.066	311
454.286	277
454.506	280
454.727	272
454.947	283
455.167	274
455.387	251
455.607	301
455.827	270
456.047	282
456.267	290
456.487	300
456.707	286
456.928	238
457.148	278
457.368	268
457.588	278
457.808	295
458.028	259
458.248	274
458.468	334
458.688	288
458.909	283
459.129	285
459.349	312
459.569	269
459.789	289
460.009	284
460.229	298
460.449	297
460.669	284
460.889	311
461.109	287
461.33	302
461.55	289
461.77	283
461.99	284
462.21	326
462.43	306
462.65	304
462.87	309
463.09	295
463.31	282
463.531	292
463.751	306
463.971	262
464.191	305
464.411	320
464.631	310
464.851	292
465.071	301
465.291	298
465.511	291
465.732	299
465.952	293
466.172	271
466.392	317
466.612	301
466.832	287
467.052	302
467.272	264
467.492	302
467.712	317
467.933	307
468.153	288
468.373	299
468.593	289
468.813	304
469.033	304
469.253	309
469.473	285
469.693	280
469.914	306
470.134	288
470.354	298
470.574	294
470.794	295
471.014	302
471.234	275
471.454	287
471.674	271
471.894	274
472.114	314
472.335	297
472.555	294
472.775	286
472.995	269
473.215	289
473.435	268
473.655	260
473.875	260
474.095	248
474.315	292
474.536	271
474.756	261
474.976	292
475.196	236
475.416	258
475.636	250
475.856	248
476.076	217
476.296	226
476.516	245
476.737	237
476.957	232
477.177	249
477.397	224
477.617	215
477.837	219
478.057	189
478.277	210
478.497	196
478.717	194
478.938	184
479.158	192
479.378	164
479.598	181
479.818	188
480.038	186
480.258	164
480.478	193
480.698	152
480.918	181
481.139	189
481.359	180
481.579	181
481.799	181
482.019	169
482.239	173
482.459	168
482.679	166
482.899	163
483.119	158
483.34	174
483.56	135
483.78	151
484	145
484.22	151
484.44	177
484.66	155
484.88	143
485.1	161
485.32	152
485.541	163
485.761	170
485.981	151
486.201	152
486.421	150
486.641	141
486.861	152
487.081	183
487.301	183
487.522	152
487.742	123
487.962	143
488.182	162
488.402	145
488.622	152
488.842	146
489.062	142
489.282	150
489.502	142
489.722	146
489.943	149
490.163	148
490.383	142
490.603	133
490.823	147
491.043	117
491.263	128
491.483	132
491.703	145
491.923	119
492.144	128
492.364	137
492.584	140
492.804	148
493.024	121
493.244	132
493.464	129
493.684	122
493.904	134
494.124	133
494.345	129
494.565	137
494.785	137
495.005	128
495.225	134
495.445	133
495.665	144
495.885	139
496.105	125
496.325	142
496.546	127
496.766	131
496.986	120
497.206	113
497.426	112
497.646	122
497.866	123
498.086	127
498.306	123
498.527	122
498.747	149
498.967	134
499.187	102
499.407	140
499.627	120
499.847	138
500.067	130
500.287	116
500.507	104
500.727	100
500.948	127
501.168	121
501.388	111
501.608	109
501.828	106
502.048	96
502.268	117
502.488	119
502.708	116
502.928	105
503.149	118
503.369	125
503.589	122
503.809	128
504.029	124
504.249	115
504.469	134
504.689	115
504.909	131
505.129	91
505.35	106
505.57	118
505.79	111
506.01	94
506.23	94
506.45	117
506.67	107
506.89	116
507.11	104
507.33	118
507.551	107
507.771	112
507.991	120
508.211	119
508.431	102
508.651	105
508.871	91
509.091	100
509.311	96
509.531	113
509.752	101
509.972	116
510.192	130
510.412	105
510.632	105
510.852	110
511.072	118
511.292	100
511.512	102
511.732	101
511.953	106
512.173	97
512.393	115
512.613	95
512.833	95
513.053	94
513.273	97
513.493	92
513.713	110
513.933	93
514.154	96
514.374	96
514.594	102
514.814	87
515.034	88
515.254	98
515.474	108
515.694	82
515.914	109
516.135	95
516.355	97
516.575	78
516.795	98
517.015	92
517.235	93
517.455	94
517.675	73
517.895	96
518.115	106
518.336	104
518.556	82
518.776	89
518.996	99
519.216	93
519.436	92
519.656	120
519.876	84
520.096	100
520.316	102
520.536	93
520.757	70
520.977	93
521.197	86
521.417	93
521.637	90
521.857	93
522.077	93
522.297	88
522.517	85
522.737	88
522.958	98
523.178	77
523.398	88
523.618	89
523.838	69
524.058	77
524.278	81
524.498	82
524.718	81
524.938	79
525.159	95
525.379	65
525.599	94
525.819	84
526.039	70
526.259	81
526.479	70
526.699	84
526.919	84
527.14	69
527.36	66
527.58	77
527.8	78
528.02	66
528.24	69
528.46	82
528.68	74
528.9	84
529.12	83
529.341	79
529.561	72
529.781	79
530.001	69
530.221	85
530.441	71
530.661	77
530.881	98
531.101	73
531.321	75
531.541	58
531.762	67
531.982	79
532.202	71
532.422	54
532.642	75
532.862	83
533.082	78
533.302	82
533.522	63
533.742	67
533.963	57
534.183	72
534.403	72
534.623	65
534.843	68
535.063	65
535.283	61
535.503	60
535.723	63
535.943	71
536.164	65
536.384	64
536.604	56
536.824	63
537.044	73
537.264	63
537.484	67
537.704	76
537.924	73
538.144	73
538.365	76
538.585	57
538.805	59
539.025	54
539.245	57
539.465	52
539.685	63
539.905	53
540.125	60
540.346	65
540.566	58
540.786	51
541.006	61
541.226	57
541.446	56
541.666	66
541.886	54
542.106	37
542.326	59
542.546	61
542.767	62
542.987	50
543.207	59
543.427	48
543.647	49
543.867	52
544.087	59
544.307	51
544.527	69
544.747	56
544.968	53
545.188	54
545.408	54
545.628	48
545.848	65
546.068	58
546.288	53
546.508	51
546.728	62
546.948	63
547.169	33
547.389	54
547.609	48
547.829	53
548.049	55
548.269	57
548.489	54
548.709	60
548.929	50
549.149	43
549.37	47
549.59	52
549.81	43
550.03	41
550.25	52
550.47	41
550.69	41
550.91	59
551.13	52
551.351	57
551.571	64
551.791	47
552.011	46
552.231	36
552.451	45
552.671	32
552.891	49
553.111	41
553.331	33
553.551	40
553.772	40
553.992	43
554.212	48
554.432	42
554.652	42
554.872	43
555.092	42
555.312	47
555.532	45
555.752	44
555.973	44
556.193	33
556.413	38
556.633	38
556.853	41
557.073	44
557.293	41
557.513	38
557.733	42
557.953	33
558.174	47
558.394	35
558.614	38
558.834	29
559.054	39
559.274	39
559.494	41
559.714	39
559.934	30
560.154	42
560.375	46
560.595	28
560.815	32
561.035	39
561.255	39
561.475	33
561.695	33
561.915	32
562.135	33
562.356	32
562.576	30
562.796	46
563.016	43
563.236	44
563.456	32
563.676	33
563.896	41
564.116	32
564.336	36
564.557	40
564.777	44
564.997	30
565.217	33
565.437	33
565.657	45
565.877	43
566.097	35
566.317	27
566.537	40
566.757	25
566.978	29
567.198	44
567.418	43
567.638	37
567.858	31
568.078	39
568.298	39
568.518	37
568.738	40
568.958	30
569.179	38
569.399	38
569.619	35
569.839	37
570.059	38
570.279	27
570.499	34
570.719	39
570.939	26
571.159	23
571.38	24
571.6	34
571.82	45
572.04	42
572.26	32
572.48	29
572.7	27
572.92	44
573.14	27
573.361	34
573.581	34
573.801	29
574.021	29
574.241	31
574.461	30
574.681	28
574.901	32
575.121	37
575.341	29
575.562	31
575.782	28
576.002	27
576.222	32
576.442	25
576.662	31
576.882	34
577.102	26
577.322	23
577.542	25
577.762	27
577.983	34
578.203	36
578.423	30
578.643	22
578.863	26
579.083	24
579.303	29
579.523	27
579.743	42
579.963	36
580.184	36
580.404	30
580.624	25
580.844	25
581.064	30
581.284	31
581.504	39
581.724	32
581.944	29
582.164	26
582.385	33
582.605	27
582.825	22
583.045	35
583.265	30
583.485	28
583.705	37
583.925	38
584.145	23
584.366	22
584.586	24
584.806	40
585.026	34
585.246	24
585.466	25
585.686	21
585.906	25
586.126	27
586.346	19
586.567	24
586.787	36
587.007	18
587.227	22
587.447	31
587.667	28
587.887	26
588.107	31
588.327	27
588.547	19
588.767	31
588.988	31
589.208	22
589.428	39
589.648	26
589.868	23
590.088	31
590.308	26
590.528	23
590.748	28
590.968	16
591.189	26
591.409	28
591.629	30
591.849	35
592.069	25
592.289	32
592.509	25
592.729	26
592.949	30
593.169	41
593.39	24
593.61	24
593.83	18
594.05	23
594.27	18
594.49	36
594.71	28
594.93	30
595.15	25
595.37	23
595.591	28
595.811	27
596.031	28
596.251	26
596.471	20
596.691	23
596.911	21
597.131	27
597.351	27
597.572	25
597.792	25
598.012	22
598.232	23
598.452	25
598.672	25
598.892	24
599.112	26
599.332	25
599.552	26
599.772	23
599.993	33
600.213	20
600.433	24
600.653	27
600.873	22
601.093	18
601.313	16
601.533	26
601.753	28
601.973	20
602.194	17
602.414	33
602.634	36
602.854	36
603.074	22
603.294	20
603.514	18
603.734	20
603.954	20
604.174	15
604.395	28
604.615	29
604.835	33
605.055	23
605.275	18
605.495	37
605.715	26
605.935	15
606.155	28
606.375	27
606.596	24
606.816	27
607.036	22
607.256	26
607.476	34
607.696	19
607.916	19
608.136	28
608.356	26
608.577	31
608.797	29
609.017	24
609.237	22
609.457	27
609.677	16
609.897	30
610.117	19
610.337	21
610.557	30
610.777	30
610.998	21
611.218	23
611.438	25
611.658	27
611.878	26
612.098	23
612.318	20
612.538	23
612.758	23
612.978	31
613.199	20
613.419	34
613.639	39
613.859	26
614.079	27
614.299	22
614.519	25
614.739	21
614.959	23
615.179	19
615.4	26
615.62	24
615.84	24
616.06	21
616.28	26
616.5	27
616.72	26
616.94	19
617.16	29
617.38	22
617.601	25
617.821	23
618.041	25
618.261	29
618.481	22
618.701	20
618.921	19
619.141	29
619.361	27
619.582	21
619.802	23
620.022	12
620.242	19
620.462	29
620.682	17
620.902	20
621.122	29
621.342	32
621.562	21
621.783	24
622.003	25
622.223	20
622.443	21
622.663	19
622.883	26
623.103	30
623.323	28
623.543	29
623.763	29
623.983	14
624.204	19
624.424	23
624.644	12
624.864	22
625.084	27
625.304	26
625.524	17
625.744	21
625.964	33
626.184	24
626.405	23
626.625	24
626.845	23
627.065	26
627.285	25
627.505	24
627.725	21
627.945	18
628.165	34
628.385	16
628.606	20
628.826	18
629.046	23
629.266	20
629.486	31
629.706	21
629.926	22
630.146	15
630.366	10
630.587	24
630.807	26
631.027	21
631.247	13
631.467	23
631.687	22
631.907	20
632.127	14
632.347	17
632.567	14
632.788	22
633.008	15
633.228	28
633.448	27
633.668	22
633.888	24
634.108	18
634.328	25
634.548	23
634.768	28
634.988	19
635.209	29
635.429	16
635.649	19
635.869	23
636.089	22
636.309	26
636.529	24
636.749	20
636.969	29
637.189	21
637.41	25
637.63	17
637.85	26
638.07	20
638.29	23
638.51	24
638.73	28
638.95	22
639.17	19
639.39	19
639.611	24
639.831	20
640.051	15
640.271	15
640.491	20
640.711	31
640.931	26
641.151	23
641.371	21
641.592	23
641.812	25
642.032	25
642.252	26
642.472	22
642.692	21
642.912	22
643.132	20
643.352	19
643.572	27
643.793	14
644.013	17
644.233	24
644.453	22
644.673	24
644.893	25
645.113	17
645.333	22
645.553	19
645.773	15
645.993	15
646.214	21
646.434	23
646.654	22
646.874	28
647.094	24
647.314	32
647.534	18
647.754	22
647.974	19
648.194	22
648.415	18
648.635	21
648.855	14
649.075	25
649.295	21
649.515	27
649.735	15
649.955	21
650.175	25
650.395	14
650.616	19
650.836	32
651.056	21
651.276	27
651.496	26
651.716	17
651.936	37
652.156	32
652.376	16
652.596	22
652.817	24
653.037	27
653.257	29
653.477	21
653.697	22
653.917	29
654.137	31
654.357	22
654.577	23
654.798	20
655.018	27
655.238	19
655.458	24
655.678	29
655.898	26
656.118	43
656.338	26
656.558	28
656.778	34
656.998	32
657.219	21
657.439	34
657.659	32
657.879	33
658.099	26
658.319	40
658.539	41
658.759	38
658.979	51
659.199	49
659.42	63
659.64	106
659.86	140
660.08	251
660.3	501
660.52	1044
660.74	2167
660.96	3923
661.18	7083
661.4	10718
661.621	14515
661.841	17143
662.061	17572
662.281	15789
662.501	12625
662.721	8486
662.941	4988
663.161	2584
663.381	1173
663.601	447
663.822	164
664.042	51
664.262	30
664.482	25
664.702	15
664.922	17
665.142	14
665.362	18
665.582	20
665.803	19
666.023	18
666.243	15
666.463	10
666.683	12
666.903	14
667.123	12
667.343	7
667.563	15
667.783	17
668.003	12
668.224	11
668.444	20
668.664	17
668.884	17
669.104	10
669.324	5
669.544	11
669.764	17
669.984	22
670.204	11
670.425	19
670.645	9
670.865	12
671.085	7
671.305	12
671.525	9
671.745	12
671.965	15
672.185	15
672.405	12
672.626	12
672.846	8
673.066	11
673.286	11
673.506	10
673.726	6
673.946	8
674.166	11
674.386	12
674.606	9
674.827	11
675.047	9
675.267	12
675.487	8
675.707	7
675.927	9
676.147	6
676.367	9
676.587	8
676.808	13
677.028	8
677.248	10
677.468	10
677.688	9
677.908	9
678.128	10
678.348	11
678.568	5
678.788	13
679.008	12
679.229	10
679.449	7
679.669	8
679.889	8
680.109	9
680.329	5
680.549	10
680.769	16
680.989	2
681.209	12
681.43	11
681.65	10
681.87	14
682.09	7
682.31	10
682.53	7
682.75	13
682.97	7
683.19	10
683.41	15
683.631	10
683.851	10
684.071	9
684.291	17
684.511	9
684.731	7
684.951	8
685.171	9
685.391	9
685.611	10
685.832	8
686.052	9
686.272	5
686.492	7
686.712	3
686.932	15
687.152	12
687.372	10
687.592	7
687.813	7
688.033	13
688.253	5
688.473	9
688.693	6
688.913	11
689.133	9
689.353	10
689.573	5
689.793	12
690.014	11
690.234	10
690.454	4
690.674	9
690.894	8
691.114	14
691.334	7
691.554	11
691.774	12
691.994	7
692.214	14
692.435	13
692.655	11
692.875	11
693.095	10
693.315	12
693.535	8
693.755	6
693.975	13
694.195	11
694.415	10
694.636	7
694.856	12
695.076	6
695.296	4
695.516	9
695.736	5
695.956	4
696.176	8
696.396	9
696.616	5
696.837	5
697.057	5
697.277	6
697.497	7
697.717	7
697.937	9
698.157	1
698.377	10
698.597	8
698.818	3
699.038	6
699.258	3
699.478	5
699.698	3
699.918	5
700.138	8
700.358	5
700.578	3
700.798	6
701.019	6
701.239	6
701.459	6
701.679	4
701.899	8
702.119	4
702.339	9
702.559	4
702.779	2
702.999	5
703.219	6
703.44	4
703.66	6
703.88	7
704.1	6
704.32	5
704.54	5
704.76	5
704.98	7
705.2	4
705.42	5
705.641	6
705.861	6
706.081	4
706.301	4
706.521	3
706.741	6
706.961	8
707.181	2
707.401	6
707.621	7
707.842	3
708.062	5
708.282	4
708.502	4
708.722	2
708.942	2
709.162	7
709.382	2
709.602	4
709.822	4
710.043	5
710.263	2
710.483	6
710.703	5
710.923	4
711.143	6
711.363	6
711.583	6
711.803	5
712.024	4
712.244	7
712.464	4
712.684	8
712.904	4
713.124	4
713.344	5
713.564	5
713.784	6
714.004	2
714.224	2
714.445	5
714.665	2
714.885	4
715.105	2
715.325	3
715.545	4
715.765	5
715.985	7
716.205	4
716.425	6
716.646	15
716.866	6
717.086	10
717.306	4
717.526	5
717.746	4
717.966	6
718.186	4
718.406	3
718.626	2
718.847	5
719.067	6
719.287	2
719.507	9
719.727	6
719.947	5
720.167	5
720.387	1
720.607	8
720.827	4
721.048	8
721.268	3
721.488	3
721.708	3
721.928	3
722.148	5
722.368	2
722.588	6
722.808	5
723.029	1
723.249	6
723.469	5
723.689	2
723.909	5
724.129	2
724.349	6
724.569	5
724.789	1
725.009	9
725.229	2
725.45	2
725.67	1
725.89	5
726.11	6
726.33	2
726.55	7
726.77	4
726.99	5
727.21	3
727.43	1
727.651	3
727.871	10
728.091	8
728.311	2
728.531	2
728.751	3
728.971	6
729.191	6
729.411	3
729.631	5
729.852	3
730.072	3
730.292	3
730.512	3
730.732	2
730.952	1
731.172	5
731.392	3
731.612	5
731.832	8
732.053	3
732.273	6
732.493	4
732.713	2
732.933	0
733.153	3
733.373	3
733.593	7
733.813	6
734.034	5
734.254	5
734.474	11
734.694	3
734.914	0
735.134	0
735.354	7
735.574	4
735.794	4
736.014	3
736.234	5
736.455	2
736.675	3
736.895	3
737.115	3
737.335	7
737.555	1
737.775	5
737.995	2
738.215	5
738.435	2
738.656	3
738.876	0
739.096	2
739.316	7
739.536	3
739.756	4
739.976	7
740.196	4
740.416	3
740.636	3
740.857	3
741.077	1
741.297	5
741.517	4
741.737	3
741.957	4
742.177	2
742.397	4
742.617	3
742.837	2
743.058	3
743.278	2
743.498	3
743.718	3
743.938	5
744.158	4
744.378	4
744.598	3
744.818	8
745.039	4
745.259	10
745.479	3
745.699	5
745.919	3
746.139	3
746.359	4
746.579	2
746.799	4
747.019	3
747.24	4
747.46	4
747.68	3
747.9	8
748.12	5
748.34	2
748.56	2
748.78	4
749	2
749.22	2
749.44	2
749.661	2
749.881	3
750.101	3
750.321	3
750.541	1
750.761	5
750.981	1
751.201	2
751.421	2
751.641	3
751.862	1
752.082	5
752.302	1
752.522	1
752.742	4
752.962	3
753.182	3
753.402	2
753.622	2
753.842	1
754.063	1
754.283	1
754.503	2
754.723	5
754.943	7
755.163	3
755.383	7
755.603	2
755.823	5
756.043	2
756.264	2
756.484	2
756.704	2
756.924	3
757.144	1
757.364	3
757.584	4
757.804	3
758.024	4
758.245	6
758.465	2
758.685	5
758.905	3
759.125	2
759.345	1
759.565	2
759.785	1
760.005	1
760.225	4
760.445	2
760.666	5
760.886	5
761.106	4
761.326	1
761.546	3
761.766	3
761.986	1
762.206	2
762.426	0
762.646	4
762.867	2
763.087	3
763.307	2
763.527	3
763.747	4
763.967	0
764.187	1
764.407	3
764.627	3
764.847	4
765.068	1
765.288	0
765.508	2
765.728	3
765.948	7
766.168	4
766.388	1
766.608	3
766.828	2
767.048	5
767.269	4
767.489	3
767.709	3
767.929	1
768.149	7
768.369	6
768.589	2
768.809	0
769.029	3
769.25	4
769.47	3
769.69	6
769.91	11
770.13	4
770.35	4
770.57	4
770.79	3
771.01	3
771.23	3
771.45	5
771.671	6
771.891	3
772.111	2
772.331	4
772.551	3
772.771	6
772.991	1
773.211	4
773.431	0
773.651	1
773.872	3
774.092	1
774.312	2
774.532	2
774.752	3
774.972	2
775.192	6
775.412	3
775.632	5
775.852	5
776.073	6
776.293	2
776.513	2
776.733	4
776.953	3
777.173	7
777.393	1
777.613	1
777.833	3
778.053	5
778.274	4
778.494	5
778.714	3
778.934	7
779.154	4
779.374	6
779.594	1
779.814	1
780.034	3
780.255	1
780.475	5
780.695	5
780.915	1
781.135	3
781.355	5
781.575	5
781.795	3
782.015	5
782.235	2
782.455	3
782.676	1
782.896	1
783.116	2
783.336	2
783.556	4
783.776	2
783.996	4
784.216	3
784.436	6
784.656	1
784.877	1
785.097	2
785.317	4
785.537	1
785.757	2
785.977	4
786.197	2
786.417	2
786.637	2
786.857	2
787.078	4
787.298	3
787.518	1
787.738	5
787.958	3
788.178	1
788.398	2
788.618	2
788.838	1
789.058	1
789.279	2
789.499	2
789.719	3
789.939	3
790.159	2
790.379	5
790.599	2
790.819	4
791.039	4
791.26	3
791.48	0
791.7	5
791.92	3
792.14	4
792.36	4
792.58	1
792.8	1
793.02	4
793.24	4
793.46	1
793.681	1
793.901	6
794.121	5
794.341	6
794.561	0
794.781	4
795.001	0
795.221	2
795.441	3
795.661	4
795.882	5
796.102	4
796.322	3
796.542	2
796.762	1
796.982	2
797.202	3
797.422	3
797.642	3
797.862	2
798.083	0
798.303	0
798.523	3
798.743	7
798.963	1
799.183	0
799.403	4
799.623	3
799.843	2
800.063	5
800.284	1
800.504	1
800.724	6
800.944	1
801.164	3
801.384	3
801.604	3
801.824	2
802.044	3
802.265	4
802.485	5
802.705	1
802.925	1
803.145	1
803.365	0
803.585	4
803.805	2
804.025	4
804.245	4
804.466	3
804.686	5
804.906	1
805.126	0
805.346	4
805.566	1
805.786	3
806.006	3
806.226	2
806.446	1
806.666	2
806.887	2
807.107	0
807.327	2
807.547	5
807.767	3
807.987	3
808.207	2
808.427	2
808.647	3
808.867	1
809.088	3
809.308	3
809.528	1
809.748	2
809.968	1
810.188	6
810.408	1
810.628	1
810.848	3
811.068	0
811.289	2
811.509	3
811.729	6
811.949	2
812.169	2
812.389	2
812.609	1
812.829	0
813.049	0
813.269	2
813.49	6
813.71	2
813.93	3
814.15	3
814.37	0
814.59	3
814.81	1
815.03	2
815.25	1
815.471	3
815.691	1
815.911	1
816.131	3
816.351	3
816.571	3
816.791	1
817.011	1
817.231	4
817.451	2
817.671	2
817.892	1
818.112	3
818.332	3
818.552	6
818.772	0
818.992	3
819.212	2
819.432	4
819.652	3
819.872	4
820.093	2
820.313	3
820.533	4
820.753	1
820.973	1
821.193	0
821.413	1
821.633	1
821.853	1
822.073	1
822.294	2
822.514	4
822.734	2
822.954	3
823.174	3
823.394	2
823.614	2
823.834	3
824.054	1
824.274	1
824.495	2
824.715	2
824.935	0
825.155	3
825.375	5
825.595	1
825.815	0
826.035	2
826.255	4
826.476	4
826.696	3
826.916	2
827.136	5
827.356	2
827.576	3
827.796	1
828.016	3
828.236	3
828.456	5
828.676	2
828.897	2
829.117	1
829.337	1
829.557	3
829.777	1
829.997	1
830.217	1
830.437	1
830.657	4
830.877	2
831.098	0
831.318	1
831.538	1
831.758	2
831.978	3
832.198	3
832.418	1
832.638	2
832.858	6
833.078	3
833.299	3
833.519	3
833.739	1
833.959	1
834.179	4
834.399	1
834.619	2
834.839	2
835.059	1
835.279	3
835.5	2
835.72	4
835.94	2
836.16	1
836.38	2
836.6	2
836.82	3
837.04	1
837.26	1
837.481	2
837.701	6
837.921	4
838.141	0
838.361	2
838.581	4
838.801	2
839.021	2
839.241	2
839.461	1
839.681	1
839.902	1
840.122	3
840.342	2
840.562	3
840.782	2
841.002	0
841.222	3
841.442	2
841.662	3
841.882	2
842.103	3
842.323	1
842.543	0
842.763	2
842.983	2
843.203	3
843.423	2
843.643	3
843.863	3
844.083	2
844.304	2
844.524	2
844.744	3
844.964	1
845.184	2
845.404	3
845.624	1
845.844	2
846.064	1
846.284	3
846.505	4
846.725	4
846.945	3
847.165	2
847.385	3
847.605	2
847.825	3
848.045	2
848.265	5
848.486	5
848.706	1
848.926	2
849.146	1
849.366	1
849.586	3
849.806	3
850.026	2
850.246	2
850.466	4
850.686	2
850.907	1
851.127	3
851.347	1
851.567	7
851.787	2
852.007	1
852.227	4
852.447	1
852.667	5
852.887	2
853.108	2
853.328	4
853.548	5
853.768	4
853.988	1
854.208	1
854.428	0
854.648	1
854.868	3
855.088	1
855.309	2
855.529	1
855.749	2
855.969	2
856.189	4
856.409	1
856.629	3
856.849	5
857.069	3
857.289	1
857.51	1
857.73	2
857.95	1
858.17	1
858.39	1
858.61	0
858.83	1
859.05	0
859.27	2
859.491	5
859.711	4
859.931	4
860.151	0
860.371	1
860.591	3
860.811	3
861.031	3
861.251	3
861.471	3
861.691	2
861.912	2
862.132	3
862.352	3
862.572	3
862.792	1
863.012	0
863.232	1
863.452	0
863.672	2
863.892	1
864.113	1
864.333	3
864.553	5
864.773	3
864.993	3
865.213	2
865.433	2
865.653	4
865.873	2
866.093	2
866.314	0
866.534	1
866.754	1
866.974	2
867.194	0
867.414	0
867.634	1
867.854	3
868.074	2
868.294	3
868.515	1
868.735	2
868.955	3
869.175	0
869.395	1
869.615	2
869.835	1
870.055	2
870.275	0
870.495	2
870.716	3
870.936	2
871.156	3
871.376	3
871.596	1
871.816	2
872.036	3
872.256	3
872.476	2
872.697	4
872.917	2
873.137	3
873.357	0
873.577	3
873.797	5
874.017	1
874.237	1
874.457	6
874.677	0
874.897	0
875.118	1
875.338	1
875.558	4
875.778	0
875.998	1
876.218	2
876.438	0
876.658	2
876.878	1
877.098	1
877.319	0
877.539	3
877.759	3
877.979	0
878.199	1
878.419	2
878.639	2
878.859	2
879.079	4
879.299	4
879.52	2
879.74	2
879.96	1
880.18	0
880.4	2
880.62	3
880.84	2
881.06	2
881.28	1
881.5	1
881.721	2
881.941	2
882.161	1
882.381	3
882.601	3
882.821	0
883.041	1
883.261	0
883.481	0
883.702	3
883.922	1
884.142	2
884.362	3
884.582	1
884.802	1
885.022	0
885.242	2
885.462	1
885.682	0
885.902	1
886.123	0
886.343	0
886.563	4
886.783	2
887.003	2
887.223	3
887.443	2
887.663	4
887.883	2
888.103	0
888.324	1
888.544	0
888.764	1
888.984	0
889.204	2
889.424	2
889.644	2
889.864	1
890.084	1
890.304	3
890.525	1
890.745	2
890.965	2
891.185	0
891.405	5
891.625	4
891.845	2
892.065	2
892.285	1
892.505	2
892.726	1
892.946	3
893.166	1
893.386	1
893.606	2
893.826	4
894.046	2
894.266	0
894.486	4
894.707	0
894.927	2
895.147	1
895.367	2
895.587	3
895.807	2
896.027	2
896.247	5
896.467	2
896.687	3
896.907	1
897.128	1
897.348	1
897.568	5
897.788	1
898.008	1
898.228	2
898.448	0
898.668	4
898.888	2
899.108	3
899.329	2
899.549	1
899.769	2
899.989	3
900.209	0
900.429	2
900.649	1
900.869	3
901.089	2
901.309	2
901.53	4
901.75	1
901.97	4
902.19	2
902.41	4
902.63	4
902.85	3
903.07	2
903.29	0
903.51	3
903.731	0
903.951	1
904.171	1
904.391	1
904.611	0
904.831	1
905.051	0
905.271	1
905.491	0
905.712	1
905.932	0
906.152	3
906.372	4
906.592	5
906.812	0
907.032	1
907.252	1
907.472	0
907.692	2
907.912	1
908.133	3
908.353	0
908.573	1
908.793	0
909.013	5
909.233	0
909.453	0
909.673	1
909.893	1
910.113	1
910.334	1
910.554	0
910.774	3
910.994	2
911.214	0
911.434	0
911.654	3
911.874	3
912.094	2
912.314	1
912.535	0
912.755	4
912.975	3
913.195	2
913.415	3
913.635	5
913.855	1
914.075	2
914.295	3
914.515	4
914.736	4
914.956	2
915.176	2
915.396	0
915.616	0
915.836	2
916.056	1
916.276	0
916.496	5
916.717	4
916.937	0
917.157	3
917.377	2
917.597	3
917.817	2
918.037	5
918.257	3
918.477	2
918.697	1
918.917	1
919.138	1
919.358	1
919.578	3
919.798	2
920.018	0
920.238	3
920.458	5
920.678	0
920.898	1
921.118	1
921.339	4
921.559	2
921.779	3
921.999	3
922.219	2
922.439	1
922.659	1
922.879	5
923.099	0
923.319	0
923.54	1
923.76	2
923.98	3
924.2	1
924.42	3
924.64	4
924.86	0
925.08	5
925.3	3
925.52	2
925.741	1
925.961	0
926.181	2
926.401	3
926.621	2
926.841	0
927.061	2
927.281	0
927.501	0
927.721	2
927.942	1
928.162	2
928.382	1
928.602	1
928.822	2
929.042	1
929.262	2
929.482	1
929.702	3
929.923	0
930.143	0
930.363	2
930.583	2
930.803	3
931.023	0
931.243	2
931.463	0
931.683	1
931.903	2
932.123	1
932.344	1
932.564	0
932.784	1
933.004	1
933.224	3
933.444	3
933.664	3
933.884	2
934.104	1
934.324	1
934.545	2
934.765	0
934.985	0
935.205	1
935.425	1
935.645	4
935.865	0
936.085	5
936.305	2
936.525	1
936.746	1
936.966	3
937.186	1
937.406	0
937.626	0
937.846	1
938.066	3
938.286	3
938.506	3
938.726	1
938.947	1
939.167	3
939.387	4
939.607	4
939.827	0
940.047	4
940.267	1
940.487	3
940.707	1
940.928	1
941.148	0
941.368	2
941.588	4
941.808	4
942.028	2
942.248	1
942.468	0
942.688	1
942.908	1
943.128	0
943.349	1
943.569	2
943.789	1
944.009	0
944.229	2
944.449	5
944.669	1
944.889	1
945.109	1
945.329	1
945.55	0
945.77	1
945.99	0
946.21	0
946.43	2
946.65	1
946.87	3
947.09	0
947.31	1
947.53	1
947.751	0
947.971	3
948.191	2
948.411	2
948.631	4
948.851	0
949.071	3
949.291	1
949.511	7
949.731	1
949.952	1
950.172	1
950.392	0
950.612	1
950.832	3
951.052	3
951.272	2
951.492	2
951.712	2
951.933	1
952.153	0
952.373	5
952.593	1
952.813	0
953.033	1
953.253	1
953.473	1
953.693	1
953.913	2
954.133	1
954.354	0
954.574	1
954.794	2
955.014	0
955.234	1
955.454	1
955.674	5
955.894	0
956.114	2
956.334	2
956.555	1
956.775	0
956.995	1
957.215	0
957.435	1
957.655	0
957.875	4
958.095	2
958.315	1
958.535	1
958.756	1
958.976	0
959.196	2
959.416	1
959.636	2
959.856	2
960.076	2
960.296	1
960.516	2
960.736	1
960.957	3
961.177	1
961.397	2
961.617	3
961.837	0
962.057	0
962.277	0
962.497	0
962.717	3
962.938	1
963.158	1
963.378	1
963.598	1
963.818	0
964.038	0
964.258	3
964.478	1
964.698	0
964.918	0
965.138	3
965.359	1
965.579	1
965.799	3
966.019	1
966.239	0
966.459	2
966.679	0
966.899	0
967.119	0
967.339	2
967.56	0
967.78	2
968	3
968.22	1
968.44	1
968.66	2
968.88	2
969.1	2
969.32	2
969.54	2
969.761	4
969.981	2
970.201	0
970.421	2
970.641	1
970.861	2
971.081	2
971.301	3
971.521	1
971.741	0
971.962	0
972.182	5
972.402	2
972.622	0
972.842	4
973.062	1
973.282	2
973.502	1
973.722	2
973.943	1
974.163	6
974.383	1
974.603	2
974.823	2
975.043	0
975.263	0
975.483	1
975.703	4
975.923	3
976.143	2
976.364	2
976.584	0
976.804	0
977.024	1
977.244	1
977.464	0
977.684	2
977.904	1
978.124	0
978.344	2
978.565	1
978.785	0
979.005	0
979.225	1
979.445	2
979.665	0
979.885	3
980.105	0
980.325	1
980.545	2
980.766	1
980.986	1
981.206	0
981.426	0
981.646	1
981.866	1
982.086	0
982.306	3
982.526	1
982.746	2
982.967	1
983.187	0
983.407	2
983.627	2
983.847	1
984.067	2
984.287	2
984.507	0
984.727	1
984.947	0
985.168	0
985.388	0
985.608	3
985.828	1
986.048	1
986.268	2
986.488	0
986.708	2
986.928	0
987.148	3
987.369	0
987.589	0
987.809	1
988.029	1
988.249	1
988.469	0
988.689	4
988.909	0
989.129	0
989.349	1
989.57	2
989.79	1
990.01	1
990.23	0
990.45	0
990.67	3
990.89	1
991.11	1
991.33	0
991.55	0
991.771	0
991.991	2
992.211	2
992.431	2
992.651	1
992.871	2
993.091	0
993.311	2
993.531	1
993.751	1
993.972	4
994.192	1
994.412	1
994.632	3
994.852	1
995.072	1
995.292	1
995.512	2
995.732	1
995.952	1
996.173	0
996.393	2
996.613	1
996.833	1
997.053	2
997.273	3
997.493	2
997.713	1
997.933	1
998.154	1
998.374	2
998.594	1
998.814	2
999.034	0
999.254	0
999.474	1
999.694	0
999.914	0
1000.13	0
1000.35	0
1000.57	1
1000.79	0
1001.01	1
1001.23	2
1001.45	1
1001.68	2
1001.9	2
1002.12	1
1002.34	1
1002.56	1
1002.78	2
1003	2
1003.22	0
1003.44	1
1003.66	0
1003.88	1
1004.1	1
1004.32	4
1004.54	1
1004.76	3
1004.98	2
1005.2	1
1005.42	4
1005.64	2
1005.86	1
1006.08	0
1006.3	0
1006.52	1
1006.74	1
1006.96	0
1007.18	1
1007.4	2
1007.62	3
1007.84	3
1008.06	0
1008.28	0
1008.5	0
1008.72	0
1008.94	0
1009.16	4
1009.38	0
1009.6	1
1009.82	0
1010.04	2
1010.26	3
1010.48	0
1010.7	4
1010.92	2
1011.14	1
1011.36	0
1011.58	0
1011.8	0
1012.02	1
1012.24	1
1012.46	1
1012.68	1
1012.9	2
1013.12	1
1013.34	1
1013.56	0
1013.78	1
1014	4
1014.22	0
1014.44	0
1014.66	2
1014.88	1
1015.1	1
1015.32	0
1015.54	1
1015.76	0
1015.98	0
1016.2	2
1016.42	2
1016.64	1
1016.86	0
1017.08	0
1017.3	1
1017.52	0
1017.74	1
1017.96	0
1018.18	1
1018.4	2
1018.62	2
1018.84	0
1019.06	1
1019.28	0
1019.5	0
1019.72	2
1019.94	2
1020.16	2
1020.38	1
1020.6	2
1020.82	1
1021.04	2
1021.26	3
1021.48	0
1021.7	2
1021.92	2
1022.14	1
1022.36	1
1022.58	1
1022.8	0
1023.02	2
1023.24	1
1023.46	0
1023.69	0
1023.91	1
1024.13	1
1024.35	0
1024.57	1
1024.79	3
1025.01	0
1025.23	0
1025.45	0
1025.67	2
1025.89	4
1026.11	1
1026.33	1
1026.55	2
1026.77	0
1026.99	1
1027.21	1
1027.43	2
1027.65	1
1027.87	2
1028.09	0
1028.31	2
1028.53	0
1028.75	1
1028.97	0
1029.19	3
1029.41	2
1029.63	2
1029.85	0
1030.07	1
1030.29	3
1030.51	2
1030.73	0
1030.95	2
1031.17	2
1031.39	0
1031.61	2
1031.83	2
1032.05	1
1032.27	1
1032.49	1
1032.71	2
1032.93	1
1033.15	3
1033.37	3
1033.59	1
1033.81	1
1034.03	2
1034.25	1
1034.47	0
1034.69	1
1034.91	1
1035.13	0
1035.35	1
1035.57	1
1035.79	1
1036.01	1
1036.23	0
1036.45	0
1036.67	0
1036.89	1
1037.11	0
1037.33	0
1037.55	1
1037.77	1
1037.99	1
1038.21	1
1038.43	0
1038.65	0
1038.87	2
1039.09	0
1039.31	1
1039.53	0
1039.75	0
1039.97	1
1040.19	1
1040.41	0
1040.63	3
1040.85	2
1041.07	2
1041.29	2
1041.51	0
1041.73	1
1041.95	2
1042.17	0
1042.39	2
1042.61	3
1042.83	1
1043.05	0
1043.27	0
1043.49	1
1043.71	2
1043.93	1
1044.15	1
1044.37	0
1044.59	3
1044.81	2
1045.03	1
1045.25	3
1045.47	0
1045.7	3
1045.92	0
1046.14	0
1046.36	1
1046.58	0
1046.8	1
1047.02	1
1047.24	3
1047.46	1
1047.68	0
1047.9	0
1048.12	0
1048.34	1
1048.56	1
1048.78	0
1049	2
1049.22	0
1049.44	0
1049.66	3
1049.88	3
1050.1	1
1050.32	2
1050.54	1
1050.76	2
1050.98	1
1051.2	0
1051.42	1
1051.64	1
1051.86	0
1052.08	1
1052.3	0
1052.52	0
1052.74	1
1052.96	1
1053.18	1
1053.4	0
1053.62	1
1053.84	0
1054.06	3
1054.28	1
1054.5	3
1054.72	0
1054.94	2
1055.16	1
1055.38	3
1055.6	0
1055.82	1
1056.04	1
1056.26	1
1056.48	1
1056.7	0
1056.92	0
1057.14	0
1057.36	0
1057.58	1
1057.8	3
1058.02	2
1058.24	1
1058.46	0
1058.68	0
1058.9	2
1059.12	0
1059.34	1
1059.56	0
1059.78	1
1060	1
1060.22	3
1060.44	0
1060.66	0
1060.88	0
1061.1	1
1061.32	1
1061.54	1
1061.76	1
1061.98	4
1062.2	0
1062.42	1
1062.64	1
1062.86	1
1063.08	2
1063.3	1
1063.52	0
1063.74	0
1063.96	1
1064.18	0
1064.4	1
1064.62	0
1064.84	0
1065.06	0
1065.28	4
1065.5	0
1065.72	0
1065.94	2
1066.16	1
1066.38	0
1066.6	0
1066.82	1
1067.04	0
1067.26	2
1067.48	1
1067.71	1
1067.93	2
1068.15	0
1068.37	0
1068.59	0
1068.81	1
1069.03	1
1069.25	0
1069.47	1
1069.69	0
1069.91	2
1070.13	0
1070.35	2
1070.57	1
1070.79	1
1071.01	1
1071.23	1
1071.45	1
1071.67	0
1071.89	1
1072.11	1
1072.33	1
1072.55	2
1072.77	0
1072.99	1
1073.21	0
1073.43	2
1073.65	2
1073.87	1
1074.09	1
1074.31	2
1074.53	1
1074.75	3
1074.97	1
1075.19	0
1075.41	1
1075.63	1
1075.85	1
1076.07	0
1076.29	1
1076.51	0
1076.73	0
1076.95	2
1077.17	0
1077.39	3
1077.61	2
1077.83	0
1078.05	2
1078.27	0
1078.49	3
1078.71	0
1078.93	0
1079.15	0
1079.37	1
1079.59	3
1079.81	2
1080.03	0
1080.25	2
1080.47	1
1080.69	2
1080.91	0
1081.13	0
1081.35	0
1081.57	0
1081.79	0
1082.01	0
1082.23	1
1082.45	2
1082.67	0
1082.89	0
1083.11	2
1083.33	1
1083.55	1
1083.77	1
1083.99	2
1084.21	0
1084.43	1
1084.65	0
1084.87	1
1085.09	0
1085.31	2
1085.53	1
1085.75	0
1085.97	2
1086.19	0
1086.41	0
1086.63	2
1086.85	1
1087.07	2
1087.29	0
1087.51	2
1087.73	3
1087.95	0
1088.17	0
1088.39	1
1088.61	1
1088.83	2
1089.05	1
1089.27	1
1089.49	0
1089.72	0
1089.94	1
1090.16	1
1090.38	0
1090.6	0
1090.82	2
1091.04	0
1091.26	1
1091.48	2
1091.7	1
1091.92	1
1092.14	0
1092.36	1
1092.58	1
1092.8	2
1093.02	2
1093.24	2
1093.46	0
1093.68	0
1093.9	2
1094.12	2
1094.34	2
1094.56	1
1094.78	0
1095	1
1095.22	1
1095.44	1
1095.66	0
1095.88	1
1096.1	2
1096.32	1
1096.54	1
1096.76	1
1096.98	2
1097.2	1
1097.42	1
1097.64	2
1097.86	1
1098.08	0
1098.3	1
1098.52	1
1098.74	1
1098.96	2
1099.18	1
1099.4	0
1099.62	2
1099.84	0
1100.06	2
1100.28	0
1100.5	0
1100.72	0
1100.94	1
1101.16	2
1101.38	0
1101.6	0
1101.82	2
1102.04	0
1102.26	0
1102.48	1
1102.7	0
1102.92	1
1103.14	2
1103.36	2
1103.58	2
1103.8	1
1104.02	0
1104.24	0
1104.46	0
1104.68	0
1104.9	2
1105.12	1
1105.34	1
1105.56	0
1105.78	1
1106	1
1106.22	3
1106.44	0
1106.66	0
1106.88	3
1107.1	0
1107.32	1
1107.54	2
1107.76	2
1107.98	1
1108.2	0
1108.42	0
1108.64	0
1108.86	0
1109.08	0
1109.3	1
1109.52	1
1109.74	2
1109.96	0
1110.18	2
1110.4	1
1110.62	1
1110.84	0
1111.06	1
1111.28	0
1111.5	1
1111.73	0
1111.95	2
1112.17	0
1112.39	1
1112.61	0
1112.83	4
1113.05	0
1113.27	2
1113.49	0
1113.71	1
1113.93	2
1114.15	0
1114.37	1
1114.59	2
1114.81	1
1115.03	2
1115.25	1
1115.47	1
1115.69	2
1115.91	2
1116.13	0
1116.35	2
1116.57	2
1116.79	0
1117.01	1
1117.23	4
1117.45	1
1117.67	1
1117.89	2
1118.11	0
1118.33	0
1118.55	2
1118.77	1
1118.99	1
1119.21	1
1119.43	0
1119.65	1
1119.87	4
1120.09	1
1120.31	0
1120.53	2
1120.75	0
1120.97	2
1121.19	1
1121.41	1
1121.63	0
1121.85	0
1122.07	2
1122.29	0
1122.51	2
1122.73	0
1122.95	1
1123.17	0
1123.39	1
1123.61	2
1123.83	1
1124.05	0
1124.27	2
1124.49	1
1124.71	0
1124.93	1
1125.15	2
1125.37	0
1125.59	1
1125.81	1
1126.03	0
1126.25	1
1126.47	0
1126.69	0
1126.91	1
1127.13	0
1127.35	1
1127.57	1
1127.79	1
1128.01	1
1128.23	1
1128.45	0
1128.67	0
1128.89	2
1129.11	1
1129.33	1
1129.55	0
1129.77	1
1129.99	0
1130.21	0
1130.43	0
1130.65	0
1130.87	0
1131.09	0
1131.31	1
1131.53	0
1131.75	1
1131.97	1
1132.19	0
1132.41	1
1132.63	1
1132.85	0
1133.07	0
1133.29	2
1133.51	1
1133.74	0
1133.96	0
1134.18	1
1134.4	0
1134.62	1
1134.84	0
1135.06	0
1135.28	0
1135.5	0
1135.72	1
1135.94	0
1136.16	0
1136.38	2
1136.6	2
1136.82	0
1137.04	2
1137.26	1
1137.48	1
1137.7	1
1137.92	0
1138.14	1
1138.36	1
1138.58	0
1138.8	1
1139.02	2
1139.24	0
1139.46	1
1139.68	2
1139.9	0
1140.12	0
1140.34	2
1140.56	0
1140.78	0
1141	2
1141.22	2
1141.44	2
1141.66	1
1141.88	2
1142.1	1
1142.32	2
1142.54	1
1142.76	0
1142.98	0
1143.2	1
1143.42	0
1143.64	0
1143.86	1
1144.08	0
1144.3	0
1144.52	0
1144.74	0
1144.96	0
1145.18	0
1145.4	1
1145.62	1
1145.84	1
1146.06	1
1146.28	0
1146.5	2
1146.72	1
1146.94	1
1147.16	1
1147.38	0
1147.6	1
1147.82	0
1148.04	0
1148.26	1
1148.48	1
1148.7	0
1148.92	1
1149.14	0
1149.36	2
1149.58	1
1149.8	0
1150.02	0
1150.24	1
1150.46	1
1150.68	0
1150.9	0
1151.12	0
1151.34	0
1151.56	0
1151.78	0
1152	0
1152.22	2
1152.44	0
1152.66	1
1152.88	0
1153.1	0
1153.32	0
1153.54	0
1153.76	0
1153.98	1
1154.2	0
1154.42	0
1154.64	0
1154.86	0
1155.08	1
1155.3	0
1155.52	0
1155.75	1
1155.97	0
1156.19	1
1156.41	2
1156.63	0
1156.85	2
1157.07	0
1157.29	1
1157.51	1
1157.73	0
1157.95	0
1158.17	0
1158.39	1
1158.61	0
1158.83	0
1159.05	1
1159.27	0
1159.49	0
1159.71	0
1159.93	0
1160.15	0
1160.37	0
1160.59	0
1160.81	0
1161.03	0
1161.25	0
1161.47	1
1161.69	1
1161.91	0
1162.13	1
1162.35	0
1162.57	0
1162.79	0
1163.01	0
1163.23	1
1163.45	0
1163.67	0
1163.89	0
1164.11	1
1164.33	0
1164.55	1
1164.77	0
1164.99	0
1165.21	1
1165.43	2
1165.65	1
1165.87	0
1166.09	1
1166.31	0
1166.53	1
1166.75	0
1166.97	2
1167.19	1
1167.41	0
1167.63	0
1167.85	2
1168.07	0
1168.29	0
1168.51	0
1168.73	0
1168.95	1
1169.17	0
1169.39	1
1169.61	1
1169.83	0
1170.05	0
1170.27	0
1170.49	0
1170.71	0
1170.93	0
1171.15	0
1171.37	0
1171.59	0
1171.81	0
1172.03	0
1172.25	0
1172.47	0
1172.69	0
1172.91	1
1173.13	0
1173.35	0
1173.57	0
1173.79	2
1174.01	1
1174.23	1
1174.45	1
1174.67	1
1174.89	6
1175.11	4
1175.33	5
1175.55	10
1175.77	10
1175.99	12
1176.21	13
1176.43	17
1176.65	7
1176.87	12
1177.09	8
1177.31	11
1177.53	1
1177.76	5
1177.98	4
1178.2	2
1178.42	1
1178.64	0
1178.86	1
1179.08	1
1179.3	1
1179.52	1
1179.74	0
1179.96	0
1180.18	1
1180.4	0
1180.62	3
1180.84	1
1181.06	0
1181.28	2
1181.5	0
1181.72	0
1181.94	1
1182.16	1
1182.38	0
1182.6	1
1182.82	0
1183.04	0
1183.26	0
1183.48	0
1183.7	1
1183.92	0
1184.14	0
1184.36	0
1184.58	0
1184.8	0
1185.02	0
1185.24	1
1185.46	0
1185.68	0
1185.9	0
1186.12	0
1186.34	0
1186.56	0
1186.78	2
1187	0
1187.22	0
1187.44	1
1187.66	0
1187.88	1
1188.1	0
1188.32	0
1188.54	0
1188.76	1
1188.98	2
1189.2	1
1189.42	1
1189.64	0
1189.86	1
1190.08	0
1190.3	0
1190.52	0
1190.74	0
1190.96	0
1191.18	0
1191.4	0
1191.62	1
1191.84	1
1192.06	0
1192.28	0
1192.5	0
1192.72	0
1192.94	0
1193.16	0
1193.38	0
1193.6	0
1193.82	0
1194.04	0
1194.26	2
1194.48	0
1194.7	0
1194.92	0
1195.14	0
1195.36	1
1195.58	1
1195.8	0
1196.02	0
1196.24	0
1196.46	0
1196.68	0
1196.9	0
1197.12	0
1197.34	0
1197.56	0
1197.78	0
1198	1
1198.22	0
1198.44	0
1198.66	0
1198.88	1
1199.1	0
1199.32	0
1199.54	1
1199.77	0
1199.99	0
1200.21	0
1200.43	0
1200.65	0
1200.87	0
1201.09	0
1201.31	0
1201.53	0
1201.75	0
1201.97	2
1202.19	0
1202.41	0
1202.63	1
1202.85	0
1203.07	1
1203.29	2
1203.51	2
1203.73	0
1203.95	1
1204.17	0
1204.39	0
1204.61	0
1204.83	0
1205.05	0
1205.27	1
1205.49	0
1205.71	0
1205.93	0
1206.15	0
1206.37	0
1206.59	0
1206.81	0
1207.03	0
1207.25	1
1207.47	0
1207.69	0
1207.91	0
1208.13	1
1208.35	0
1208.57	0
1208.79	0
1209.01	0
1209.23	0
1209.45	0
1209.67	0
1209.89	0
1210.11	1
1210.33	0
1210.55	0
1210.77	0
1210.99	1
1211.21	0
1211.43	0
1211.65	0
1211.87	1
1212.09	0
1212.31	0
1212.53	0
1212.75	0
1212.97	0
1213.19	1
1213.41	1
1213.63	0
1213.85	0
1214.07	0
1214.29	1
1214.51	0
1214.73	0
1214.95	0
1215.17	0
1215.39	0
1215.61	0
1215.83	1
1216.05	0
1216.27	0
1216.49	0
1216.71	0
1216.93	0
1217.15	0
1217.37	0
1217.59	1
1217.81	0
1218.03	0
1218.25	0
1218.47	0
1218.69	2
1218.91	0
1219.13	1
1219.35	0
1219.57	0
1219.79	1
1220.01	0
1220.23	0
1220.45	0
1220.67	2
1220.89	0
1221.11	0
1221.33	0
1221.55	1
1221.78	0
1222	0
1222.22	0
1222.44	1
1222.66	0
1222.88	0
1223.1	0
1223.32	0
1223.54	0
1223.76	1
1223.98	0
1224.2	0
1224.42	1
1224.64	0
1224.86	1
1225.08	1
1225.3	0
1225.52	3
1225.74	1
1225.96	0
1226.18	0
1226.4	0
1226.62	0
1226.84	0
1227.06	0
1227.28	0
1227.5	1
1227.72	1
1227.94	0
1228.16	0
1228.38	0
1228.6	0
1228.82	0
1229.04	0
1229.26	0
1229.48	1
1229.7	0
1229.92	0
1230.14	0
1230.36	0
1230.58	0
1230.8	1
1231.02	1
1231.24	1
1231.46	0
1231.68	0
1231.9	0
1232.12	0
1232.34	0
1232.56	0
1232.78	2
1233	0
1233.22	0
1233.44	1
1233.66	0
1233.88	0
1234.1	0
1234.32	0
1234.54	0
1234.76	0
1234.98	0
1235.2	0
1235.42	0
1235.64	0
1235.86	1
1236.08	0
1236.3	0
1236.52	0
1236.74	0
1236.96	0
1237.18	0
1237.4	0
1237.62	0
1237.84	0
1238.06	0
1238.28	0
1238.5	0
1238.72	0
1238.94	0
1239.16	0
1239.38	0
1239.6	0
1239.82	0
1240.04	0
1240.26	0
1240.48	0
1240.7	1
1240.92	0
1241.14	1
1241.36	1
1241.58	0
1241.8	1
1242.02	0
1242.24	1
1242.46	1
1242.68	1
1242.9	0
1243.12	0
1243.34	0
1243.57	0
1243.79	0
1244.01	0
1244.23	0
1244.45	0
1244.67	1
1244.89	0
1245.11	0
1245.33	1
1245.55	0
1245.77	0
1245.99	0
1246.21	1
1246.43	1
1246.65	0
1246.87	0
1247.09	0
1247.31	0
1247.53	1
1247.75	1
1247.97	0
1248.19	0
1248.41	1
1248.63	0
1248.85	0
1249.07	0
1249.29	0
1249.51	0
1249.73	0
1249.95	0
1250.17	2
1250.39	1
1250.61	1
1250.83	0
1251.05	0
1251.27	1
1251.49	1
1251.71	0
1251.93	0
1252.15	0
1252.37	1
1252.59	0
1252.81	0
1253.03	1
1253.25	0
1253.47	0
1253.69	0
1253.91	0
1254.13	0
1254.35	0
1254.57	1
1254.79	1
1255.01	1
1255.23	1
1255.45	0
1255.67	0
1255.89	0
1256.11	0
1256.33	0
1256.55	0
1256.77	0
1256.99	0
1257.21	1
1257.43	0
1257.65	0
1257.87	1
1258.09	0
1258.31	0
1258.53	0
1258.75	0
1258.97	0
1259.19	0
1259.41	0
1259.63	1
1259.85	0
1260.07	0
1260.29	0
1260.51	0
1260.73	0
1260.95	0
1261.17	0
1261.39	0
1261.61	0
1261.83	1
1262.05	0
1262.27	0
1262.49	0
1262.71	0
1262.93	0
1263.15	0
1263.37	0
1263.59	0
1263.81	0
1264.03	0
1264.25	0
1264.47	1
1264.69	0
1264.91	0
1265.13	0
1265.35	0
1265.58	1
1265.8	1
1266.02	0
1266.24	0
1266.46	0
1266.68	0
1266.9	0
1267.12	0
1267.34	0
1267.56	1
1267.78	1
1268	1
1268.22	0
1268.44	1
1268.66	0
1268.88	0
1269.1	0
1269.32	0
1269.54	0
1269.76	1
1269.98	0
1270.2	0
1270.42	0
1270.64	0
1270.86	0
1271.08	1
1271.3	1
1271.52	0
1271.74	0
1271.96	0
1272.18	0
1272.4	1
1272.62	1
1272.84	0
1273.06	0
1273.28	0
1273.5	0
1273.72	0
1273.94	0
1274.16	0
1274.38	0
1274.6	0
1274.82	1
1275.04	0
1275.26	0
1275.48	0
1275.7	0
1275.92	1
1276.14	0
1276.36	0
1276.58	0
1276.8	0
1277.02	0
1277.24	0
1277.46	0
1277.68	0
1277.9	0
1278.12	1
1278.34	0
1278.56	0
1278.78	0
1279	0
1279.22	0
1279.44	0
1279.66	1
1279.88	0
1280.1	0
1280.32	0
1280.54	0
1280.76	0
1280.98	0
1281.2	1
1281.42	0
1281.64	0
1281.86	0
1282.08	0
1282.3	1
1282.52	0
1282.74	0
1282.96	0
1283.18	0
1283.4	0
1283.62	1
1283.84	1
1284.06	1
1284.28	0
1284.5	1
1284.72	0
1284.94	0
1285.16	1
1285.38	0
1285.6	2
1285.82	0
1286.04	1
1286.26	1
1286.48	1
1286.7	0
1286.92	0
1287.14	1
1287.36	2
1287.59	0
1287.81	0
1288.03	0
1288.25	1
1288.47	0
1288.69	1
1288.91	0
1289.13	0
1289.35	2
1289.57	0
1289.79	0
1290.01	0
1290.23	1
1290.45	0
1290.67	0
1290.89	0
1291.11	0
1291.33	0
1291.55	0
1291.77	0
1291.99	0
1292.21	0
1292.43	0
1292.65	0
1292.87	0
1293.09	1
1293.31	1
1293.53	0
1293.75	0
1293.97	0
1294.19	1
1294.41	0
1294.63	0
1294.85	0
1295.07	0
1295.29	0
1295.51	1
1295.73	0
1295.95	0
1296.17	0
1296.39	0
1296.61	0
1296.83	0
1297.05	0
1297.27	0
1297.49	1
1297.71	0
1297.93	0
1298.15	0
1298.37	0
1298.59	1
1298.81	0
1299.03	0
1299.25	0
1299.47	0
1299.69	1
1299.91	0
1300.13	0
1300.35	0
1300.57	1
1300.79	0
1301.01	0
1301.23	0
1301.45	1
1301.67	0
1301.89	0
1302.11	0
1302.33	1
1302.55	0
1302.77	0
1302.99	0
1303.21	1
1303.43	0
1303.65	1
1303.87	1
1304.09	1
1304.31	0
1304.53	0
1304.75	1
1304.97	2
1305.19	1
1305.41	0
1305.63	1
1305.85	1
1306.07	1
1306.29	0
1306.51	0
1306.73	0
1306.95	0
1307.17	1
1307.39	0
1307.61	0
1307.83	0
1308.05	0
1308.27	0
1308.49	1
1308.71	0
1308.93	0
1309.15	0
1309.37	0
1309.6	0
1309.82	0
1310.04	0
1310.26	1
1310.48	0
1310.7	1
1310.92	0
1311.14	0
1311.36	0
1311.58	0
1311.8	0
1312.02	0
1312.24	0
1312.46	1
1312.68	0
1312.9	0
1313.12	0
1313.34	0
1313.56	0
1313.78	0
1314	0
1314.22	0
1314.44	1
1314.66	0
1314.88	0
1315.1	0
1315.32	1
1315.54	0
1315.76	1
1315.98	1
1316.2	0
1316.42	0
1316.64	0
1316.86	1
1317.08	0
1317.3	0
1317.52	0
1317.74	0
1317.96	0
1318.18	0
1318.4	1
1318.62	0
1318.84	0
1319.06	1
1319.28	0
1319.5	0
1319.72	0
1319.94	1
1320.16	1
1320.38	0
1320.6	0
1320.82	0
1321.04	0
1321.26	1
1321.48	0
1321.7	2
1321.92	1
1322.14	0
1322.36	0
1322.58	2
1322.8	1
1323.02	0
1323.24	0
1323.46	0
1323.68	0
1323.9	0
1324.12	1
1324.34	0
1324.56	1
1324.78	1
1325	1
1325.22	1
1325.44	1
1325.66	1
1325.88	0
1326.1	3
1326.32	1
1326.54	1
1326.76	3
1326.98	1
1327.2	3
1327.42	1
1327.64	0
1327.86	0
1328.08	1
1328.3	0
1328.52	0
1328.74	1
1328.96	0
1329.18	0
1329.4	0
1329.62	0
1329.84	0
1330.06	0
1330.28	1
1330.5	0
1330.72	0
1330.94	1
1331.16	0
1331.38	0
1331.61	0
1331.83	0
1332.05	0
1332.27	1
1332.49	0
1332.71	0
1332.93	0
1333.15	0
1333.37	0
1333.59	0
1333.81	0
1334.03	0
1334.25	0
1334.47	1
1334.69	2
1334.91	2
1335.13	5
1335.35	3
1335.57	6
1335.79	6
1336.01	9
1336.23	12
1336.45	12
1336.67	7
1336.89	16
1337.11	11
1337.33	8
1337.55	6
1337.77	6
1337.99	5
1338.21	3
1338.43	1
1338.65	1
1338.87	1
1339.09	0
1339.31	0
1339.53	0
1339.75	0
1339.97	0
1340.19	0
1340.41	0
1340.63	0
1340.85	0
1341.07	0
1341.29	0
1341.51	0
1341.73	0
1341.95	0
1342.17	0
1342.39	0
1342.61	1
1342.83	0
1343.05	0
1343.27	0
1343.49	0
1343.71	0
1343.93	0
1344.15	0
1344.37	0
1344.59	0
1344.81	0
1345.03	0
1345.25	0
1345.47	0
1345.69	0
1345.91	0
1346.13	0
1346.35	0
1346.57	0
1346.79	0
1347.01	0
1347.23	0
1347.45	0
1347.67	0
1347.89	0
1348.11	0
1348.33	0
1348.55	0
1348.77	0
1348.99	0
1349.21	0
1349.43	0
1349.65	0
1349.87	0
1350.09	0
1350.31	0
1350.53	0
1350.75	0
1350.97	0
1351.19	0
1351.41	0
1351.63	0
1351.85	0
1352.07	1
1352.29	0
1352.51	0
1352.73	0
1352.95	0
1353.17	0
1353.39	0
1353.62	0
1353.84	0
1354.06	0
1354.28	0
1354.5	0
1354.72	0
1354.94	0
1355.16	0
1355.38	0
1355.6	0
1355.82	0
1356.04	0
1356.26	0
1356.48	0
1356.7	0
1356.92	1
1357.14	0
1357.36	0
1357.58	0
1357.8	0
1358.02	0
1358.24	0
1358.46	0
1358.68	0
1358.9	0
1359.12	0
1359.34	0
1359.56	0
1359.78	0
1360	0
1360.22	0
1360.44	0
1360.66	0
1360.88	0
1361.1	0
1361.32	0
1361.54	0
1361.76	0
1361.98	0
1362.2	0
1362.42	0
1362.64	1
1362.86	0
1363.08	0
1363.3	0
1363.52	0
1363.74	1
1363.96	0
1364.18	0
1364.4	0
1364.62	0
1364.84	0
1365.06	0
1365.28	0
1365.5	0
1365.72	0
1365.94	0
1366.16	0
1366.38	0
1366.6	1
1366.82	0
1367.04	0
1367.26	0
1367.48	0
1367.7	0
1367.92	1
1368.14	0
1368.36	0
1368.58	0
1368.8	0
1369.02	0
1369.24	0
1369.46	0
1369.68	0
1369.9	0
1370.12	0
1370.34	0
1370.56	0
1370.78	0
1371	0
1371.22	0
1371.44	0
1371.66	0
1371.88	0
1372.1	0
1372.32	0
1372.54	0
1372.76	0
1372.98	0
1373.2	0
1373.42	0
1373.64	0
1373.86	0
1374.08	1
1374.3	0
1374.52	0
1374.74	0
1374.96	0
1375.18	1
1375.4	0
1375.63	0
1375.85	0
1376.07	0
1376.29	0
1376.51	0
1376.73	0
1376.95	1
1377.17	0
1377.39	0
1377.61	0
1377.83	0
1378.05	0
1378.27	0
1378.49	0
1378.71	0
1378.93	0
1379.15	0
1379.37	0
1379.59	0
1379.81	0
1380.03	0
1380.25	0
1380.47	0
1380.69	0
1380.91	0
1381.13	0
1381.35	0
1381.57	1
1381.79	0
1382.01	0
1382.23	0
1382.45	0
1382.67	0
1382.89	0
1383.11	0
1383.33	0
1383.55	0
1383.77	0
1383.99	0
1384.21	0
1384.43	0
1384.65	0
1384.87	0
1385.09	0
1385.31	0
1385.53	0
1385.75	0
1385.97	0
1386.19	1
1386.41	0
1386.63	0
1386.85	0
1387.07	0
1387.29	1
1387.51	0
1387.73	0
1387.95	0
1388.17	0
1388.39	0
1388.61	0
1388.83	0
1389.05	0
1389.27	0
1389.49	0
1389.71	0
1389.93	0
1390.15	0
1390.37	0
1390.59	0
1390.81	0
1391.03	0
1391.25	0
1391.47	0
1391.69	0
1391.91	0
1392.13	0
1392.35	0
1392.57	0
1392.79	0
1393.01	0
1393.23	0
1393.45	0
1393.67	0
1393.89	0
1394.11	0
1394.33	0
1394.55	0
1394.77	0
1394.99	0
1395.21	0
1395.43	0
1395.65	0
1395.87	0
1396.09	0
1396.31	0
1396.53	0
1396.75	0
1396.97	0
1397.19	0
1397.41	0
1397.64	0
1397.86	0
1398.08	0
1398.3	0
1398.52	0
1398.74	0
1398.96	0
1399.18	0
1399.4	0
1399.62	0
1399.84	0
1400.06	1
1400.28	0
1400.5	0
1400.72	0
1400.94	0
1401.16	0
1401.38	0
1401.6	0
1401.82	0
1402.04	0
1402.26	0
1402.48	0
1402.7	1
1402.92	0
1403.14	0
1403.36	0
1403.58	0
1403.8	0
1404.02	0
1404.24	0
1404.46	0
1404.68	0
1404.9	0
1405.12	0
1405.34	0
1405.56	0
1405.78	0
1406	0
1406.22	0
1406.44	0
1406.66	0
1406.88	0
1407.1	0
1407.32	0
1407.54	0
1407.76	0
1407.98	0
1408.2	0
1408.42	0
1408.64	0
1408.86	0
1409.08	0
1409.3	0
1409.52	0
1409.74	0
1409.96	0
1410.18	0
1410.4	0
1410.62	0
1410.84	0
1411.06	0
1411.28	0
1411.5	0
1411.72	0
1411.94	0
1412.16	0
1412.38	0
1412.6	0
1412.82	0
1413.04	0
1413.26	0
1413.48	0
1413.7	0
1413.92	0
1414.14	0
1414.36	0
1414.58	0
1414.8	0
1415.02	0
1415.24	0
1415.46	0
1415.68	0
1415.9	0
1416.12	0
1416.34	0
1416.56	0
1416.78	0
1417	1
1417.22	0
1417.44	0
1417.66	0
1417.88	0
1418.1	0
1418.32	0
1418.54	1
1418.76	0
1418.98	0
1419.2	0
1419.42	1
1419.65	0
1419.87	0
1420.09	0
1420.31	0
1420.53	0
1420.75	0
1420.97	0
1421.19	0
1421.41	0
1421.63	0
1421.85	0
1422.07	0
1422.29	0
1422.51	0
1422.73	0
1422.95	0
1423.17	0
1423.39	0
1423.61	0
1423.83	0
1424.05	0
1424.27	0
1424.49	0
1424.71	0
1424.93	0
1425.15	0
1425.37	0
1425.59	0
1425.81	0
1426.03	0
1426.25	0
1426.47	0
1426.69	0
1426.91	0
1427.13	0
1427.35	0
1427.57	0
1427.79	0
1428.01	1
1428.23	0
1428.45	0
1428.67	0
1428.89	0
1429.11	1
1429.33	0
1429.55	0
1429.77	0
1429.99	0
1430.21	0
1430.43	0
1430.65	0
1430.87	0
1431.09	0
1431.31	0
1431.53	0
1431.75	0
1431.97	0
1432.19	0
1432.41	0
1432.63	1
1432.85	0
1433.07	0
1433.29	0
1433.51	0
1433.73	0
1433.95	0
1434.17	0
1434.39	0
1434.61	0
1434.83	0
1435.05	0
1435.27	0
1435.49	0
1435.71	0
1435.93	0
1436.15	0
1436.37	0
1436.59	0
1436.81	0
1437.03	1
1437.25	0
1437.47	0
1437.69	0
1437.91	0
1438.13	1
1438.35	0
1438.57	0
1438.79	0
1439.01	0
1439.23	0
1439.45	0
1439.67	0
1439.89	1
1440.11	0
1440.33	0
1440.55	0
1440.77	0
1440.99	0
1441.21	0
1441.43	0
1441.66	0
1441.88	0
1442.1	0
1442.32	0
1442.54	0
1442.76	0
1442.98	0
1443.2	0
1443.42	0
1443.64	0
1443.86	0
1444.08	0
1444.3	0
1444.52	0
1444.74	0
1444.96	0
1445.18	0
1445.4	0
1445.62	0
1445.84	0
1446.06	0
1446.28	0
1446.5	0
1446.72	0
1446.94	0
1447.16	0
1447.38	0
1447.6	0
1447.82	0
1448.04	0
1448.26	0
1448.48	0
1448.7	0
1448.92	0
1449.14	0
1449.36	0
1449.58	0
1449.8	0
1450.02	0
1450.24	0
1450.46	0
1450.68	0
1450.9	0
1451.12	1
1451.34	0
1451.56	0
1451.78	0
1452	0
1452.22	0
1452.44	0
1452.66	0
1452.88	0
1453.1	0
1453.32	0
1453.54	0
1453.76	0
1453.98	0
1454.2	0
1454.42	0
1454.64	0
1454.86	0
1455.08	0
1455.3	0
1455.52	0
1455.74	0
1455.96	0
1456.18	0
1456.4	0
1456.62	0
1456.84	0
1457.06	0
1457.28	0
1457.5	0
1457.72	0
1457.94	0
1458.16	0
1458.38	0
1458.6	0
1458.82	0
1459.04	0
1459.26	0
1459.48	1
1459.7	0
1459.92	0
1460.14	0
1460.36	0
1460.58	0
1460.8	0
1461.02	0
1461.24	0
1461.46	0
1461.68	0
1461.9	0
1462.12	0
1462.34	0
1462.56	0
1462.78	0
1463	0
1463.22	0
1463.44	0
1463.67	0
1463.89	0
1464.11	1
1464.33	1
1464.55	1
1464.77	0
1464.99	1
1465.21	2
1465.43	1
1465.65	1
1465.87	0
1466.09	0
1466.31	2
1466.53	3
1466.75	1
1466.97	0
1467.19	0
1467.41	0
1467.63	1
1467.85	0
1468.07	0
1468.29	0
1468.51	0
1468.73	0
1468.95	0
1469.17	1
1469.39	0
1469.61	0
1469.83	0
1470.05	0
1470.27	0
1470.49	0
1470.71	0
1470.93	0
1471.15	0
1471.37	1
1471.59	0
1471.81	0
1472.03	0
1472.25	0
1472.47	0
1472.69	1
1472.91	0
1473.13	0
1473.35	0
1473.57	0
1473.79	0
1474.01	0
1474.23	0
1474.45	0
1474.67	0
1474.89	0
1475.11	0
1475.33	0
1475.55	0
1475.77	0
1475.99	0
1476.21	0
1476.43	0
1476.65	0
1476.87	0
1477.09	0
1477.31	0
1477.53	0
1477.75	0
1477.97	0
1478.19	0
1478.41	0
1478.63	0
1478.85	0
1479.07	0
1479.29	0
1479.51	0
1479.73	0
1479.95	0
1480.17	0
1480.39	0
1480.61	0
1480.83	0
1481.05	0
1481.27	0
1481.49	0
1481.71	0
1481.93	0
1482.15	0
1482.37	1
1482.59	0
1482.81	0
1483.03	0
1483.25	0
1483.47	0
1483.69	0
1483.91	0
1484.13	0
1484.35	0
1484.57	0
1484.79	0
1485.01	0
1485.23	0
1485.45	0
1485.68	0
1485.9	0
1486.12	0
1486.34	0
1486.56	0
1486.78	0
1487	0
1487.22	0
1487.44	0
1487.66	0
1487.88	0
1488.1	0
1488.32	0
1488.54	0
1488.76	0
1488.98	0
1489.2	0
1489.42	0
1489.64	0
1489.86	0
1490.08	0
1490.3	0
1490.52	0
1490.74	0
1490.96	0
1491.18	0
1491.4	0
1491.62	0
1491.84	0
1492.06	0
1492.28	0
1492.5	0
1492.72	0
1492.94	0
1493.16	1
1493.38	0
1493.6	0
1493.82	0
1494.04	0
1494.26	0
1494.48	0
1494.7	0
1494.92	0
1495.14	0
1495.36	0
1495.58	0
1495.8	0
1496.02	0
1496.24	0
1496.46	0
1496.68	1
1496.9	1
1497.12	0
1497.34	0
1497.56	0
1497.78	0
1498	0
1498.22	0
1498.44	0
1498.66	0
1498.88	0
1499.1	0
1499.32	0
1499.54	0
1499.76	0
1499.98	0
1500.2	0
1500.42	0
1500.64	0
1500.86	0
1501.08	0
1501.3	0
1501.52	0
1501.74	0
1501.96	0
1502.18	0
1502.4	0
1502.62	0
1502.84	0
1503.06	0
1503.28	0
1503.5	0
1503.72	0
1503.94	1
1504.16	0
1504.38	0
1504.6	0
1504.82	0
1505.04	0
1505.26	0
1505.48	0
1505.7	0
1505.92	1
1506.14	0
1506.36	0
1506.58	0
1506.8	0
1507.02	0
1507.24	0
1507.46	0
1507.68	0
1507.91	0
1508.13	0
1508.35	0
1508.57	1
1508.79	0
1509.01	0
1509.23	0
1509.45	0
1509.67	0
1509.89	0
1510.11	0
1510.33	0
1510.55	0
1510.77	0
1510.99	0
1511.21	0
1511.43	0
1511.65	0
1511.87	0
1512.09	0
1512.31	0
1512.53	0
1512.75	0
1512.97	0
1513.19	0
1513.41	0
1513.63	0
1513.85	0
1514.07	0
1514.29	0
1514.51	0
1514.73	0
1514.95	0
1515.17	0
1515.39	0
1515.61	0
1515.83	0
1516.05	0
1516.27	0
1516.49	0
1516.71	0
1516.93	0
1517.15	0
1517.37	0
1517.59	0
1517.81	0
1518.03	0
1518.25	0
1518.47	0
1518.69	0
1518.91	0
1519.13	0
1519.35	0
1519.57	0
1519.79	0
1520.01	0
1520.23	0
1520.45	0
1520.67	0
1520.89	0
1521.11	0
1521.33	0
1521.55	0
1521.77	0
1521.99	0
1522.21	0
1522.43	0
1522.65	0
1522.87	0
1523.09	0
1523.31	0
1523.53	0
1523.75	0
1523.97	0
1524.19	0
1524.41	0
1524.63	0
1524.85	0
1525.07	0
1525.29	0
1525.51	0
1525.73	0
1525.95	0
1526.17	0
1526.39	0
1526.61	0
1526.83	0
1527.05	0
1527.27	0
1527.49	0
1527.71	0
1527.93	0
1528.15	0
1528.37	0
1528.59	0
1528.81	0
1529.03	0
1529.25	0
1529.47	0
1529.69	0
1529.92	0
1530.14	0
1530.36	0
1530.58	0
1530.8	0
1531.02	0
1531.24	0
1531.46	0
1531.68	0
1531.9	0
1532.12	0
1532.34	0
1532.56	0
1532.78	0
1533	0
1533.22	0
1533.44	0
1533.66	0
1533.88	0
1534.1	0
1534.32	0
1534.54	0
1534.76	0
1534.98	0
1535.2	0
1535.42	0
1535.64	0
1535.86	0
1536.08	0
1536.3	0
1536.52	0
1536.74	0
1536.96	0
1537.18	0
1537.4	0
1537.62	0
1537.84	0
1538.06	0
1538.28	0
1538.5	0
1538.72	0
1538.94	0
1539.16	0
1539.38	0
1539.6	0
1539.82	0
1540.04	0
1540.26	0
1540.48	0
1540.7	0
1540.92	0
1541.14	0
1541.36	0
1541.58	0
1541.8	0
1542.02	0
1542.24	0
1542.46	0
1542.68	0
1542.9	0
1543.12	0
1543.34	0
1543.56	0
1543.78	0
1544	0
1544.22	1
1544.44	0
1544.66	0
1544.88	0
1545.1	0
1545.32	0
1545.54	0
1545.76	0
1545.98	1
1546.2	0
1546.42	0
1546.64	0
1546.86	0
1547.08	0
1547.3	0
1547.52	0
1547.74	0
1547.96	0
1548.18	0
1548.4	0
1548.62	0
1548.84	0
1549.06	0
1549.28	0
1549.5	0
1549.72	0
1549.94	0
1550.16	0
1550.38	0
1550.6	0
1550.82	0
1551.04	1
1551.26	0
1551.48	0
1551.7	0
1551.93	0
1552.15	0
1552.37	0
1552.59	0
1552.81	0
1553.03	0
1553.25	0
1553.47	0
1553.69	0
1553.91	0
1554.13	0
1554.35	0
1554.57	0
1554.79	0
1555.01	0
1555.23	0
1555.45	0
1555.67	0
1555.89	0
1556.11	0
1556.33	0
1556.55	0
1556.77	0
1556.99	0
1557.21	0
1557.43	0
1557.65	0
1557.87	0
1558.09	0
1558.31	0
1558.53	0
1558.75	0
1558.97	0
1559.19	0
1559.41	0
1559.63	0
1559.85	0
1560.07	0
1560.29	0
1560.51	0
1560.73	0
1560.95	0
1561.17	0
1561.39	0
1561.61	1
1561.83	0
1562.05	0
1562.27	0
1562.49	0
1562.71	0
1562.93	0
1563.15	0
1563.37	0
1563.59	0
1563.81	0
1564.03	0
1564.25	0
1564.47	0
1564.69	0
1564.91	0
1565.13	0
1565.35	0
1565.57	0
1565.79	0
1566.01	0
1566.23	0
1566.45	0
1566.67	0
1566.89	0
1567.11	0
1567.33	0
1567.55	0
1567.77	0
1567.99	0
1568.21	0
1568.43	0
1568.65	0
1568.87	0
1569.09	0
1569.31	0
1569.53	0
1569.75	0
1569.97	0
1570.19	0
1570.41	0
1570.63	0
1570.85	0
1571.07	0
1571.29	0
1571.51	0
1571.73	1
1571.95	0
1572.17	0
1572.39	1
1572.61	0
1572.83	0
1573.05	1
1573.27	0
1573.49	0
1573.71	1
1573.94	0
1574.16	0
1574.38	0
1574.6	0
1574.82	0
1575.04	0
1575.26	1
1575.48	0
1575.7	0
1575.92	0
1576.14	0
1576.36	0
1576.58	0
1576.8	0
1577.02	0
1577.24	0
1577.46	0
1577.68	0
1577.9	0
1578.12	0
1578.34	0
1578.56	0
1578.78	0
1579	0
1579.22	0
1579.44	0
1579.66	0
1579.88	0
1580.1	0
1580.32	0
1580.54	0
1580.76	0
1580.98	0
1581.2	0
1581.42	1
1581.64	0
1581.86	0
1582.08	0
1582.3	0
1582.52	0
1582.74	0
1582.96	0
1583.18	0
1583.4	0
1583.62	0
1583.84	0
1584.06	0
1584.28	0
1584.5	0
1584.72	0
1584.94	0
1585.16	0
1585.38	0
1585.6	0
1585.82	0
1586.04	0
1586.26	0
1586.48	0
1586.7	0
1586.92	0
1587.14	0
1587.36	0
1587.58	0
1587.8	0
1588.02	0
1588.24	0
1588.46	0
1588.68	0
1588.9	0
1589.12	0
1589.34	0
1589.56	0
1589.78	0
1590	0
1590.22	0
1590.44	0
1590.66	0
1590.88	0
1591.1	0
1591.32	0
1591.54	0
1591.76	0
1591.98	0
1592.2	0
1592.42	0
1592.64	0
1592.86	0
1593.08	0
1593.3	0
1593.52	0
1593.74	0
1593.96	0
1594.18	0
1594.4	0
1594.62	0
1594.84	0
1595.06	0
1595.28	0
1595.5	0
1595.72	0
1595.95	0
1596.17	0
1596.39	0
1596.61	0
1596.83	0
1597.05	0
1597.27	1
1597.49	0
1597.71	0
1597.93	0
1598.15	0
1598.37	0
1598.59	0
1598.81	0
1599.03	0
1599.25	1
1599.47	0
1599.69	0
1599.91	0
1600.13	0
1600.35	0
1600.57	0
1600.79	0
1601.01	0
1601.23	0
1601.45	0
1601.67	0
1601.89	0
1602.11	0
1602.33	0
1602.55	0
1602.77	0
1602.99	0
1603.21	0
1603.43	0
1603.65	0
1603.87	0
1604.09	0
1604.31	0
1604.53	0
1604.75	0
1604.97	0
1605.19	0
1605.41	0
1605.63	0
1605.85	0
1606.07	0
1606.29	0
1606.51	0
1606.73	0
1606.95	0
1607.17	0
1607.39	0
1607.61	0
1607.83	0
1608.05	0
1608.27	0
1608.49	0
1608.71	0
1608.93	0
1609.15	0
1609.37	0
1609.59	0
1609.81	0
1610.03	0
1610.25	0
1610.47	0
1610.69	0
1610.91	0
1611.13	0
1611.35	0
1611.57	0
1611.79	0
1612.01	0
1612.23	0
1612.45	0
1612.67	0
1612.89	0
1613.11	0
1613.33	0
1613.55	0
1613.77	0
1613.99	0
1614.21	0
1614.43	0
1614.65	0
1614.87	0
1615.09	0
1615.31	0
1615.53	0
1615.75	0
1615.97	0
1616.19	0
1616.41	0
1616.63	0
1616.85	0
1617.07	0
1617.29	0
1617.51	0
1617.73	0
1617.96	0
1618.18	0
1618.4	0
1618.62	0
1618.84	0
1619.06	0
1619.28	0
1619.5	0
1619.72	0
1619.94	0
1620.16	0
1620.38	0
1620.6	0
1620.82	0
1621.04	0
1621.26	0
1621.48	0
1621.7	0
1621.92	0
1622.14	0
1622.36	0
1622.58	0
1622.8	0
1623.02	0
1623.24	0
1623.46	0
1623.68	0
1623.9	0
1624.12	0
1624.34	0
1624.56	0
1624.78	0
1625	0
1625.22	0
1625.44	0
1625.66	0
1625.88	0
1626.1	0
1626.32	0
1626.54	0
1626.76	0
1626.98	0
1627.2	0
1627.42	0
1627.64	0
1627.86	0
1628.08	0
1628.3	0
1628.52	0
1628.74	0
1628.96	0
1629.18	0
1629.4	0
1629.62	0
1629.84	0
1630.06	0
1630.28	0
1630.5	0
1630.72	0
1630.94	0
1631.16	0
1631.38	0
1631.6	0
1631.82	0
1632.04	0
1632.26	0
1632.48	0
1632.7	0
1632.92	0
1633.14	0
1633.36	0
1633.58	0
1633.8	0
1634.02	0
1634.24	0
1634.46	0
1634.68	0
1634.9	0
1635.12	0
1635.34	0
1635.56	0
1635.78	0
1636	0
1636.22	0
1636.44	0
1636.66	0
1636.88	0
1637.1	0
1637.32	0
1637.54	0
1637.76	0
1637.98	0
1638.2	0
1638.42	0
1638.64	0
1638.86	0
1639.08	0
1639.3	0
1639.52	0
1639.74	0
1639.97	0
1640.19	0
1640.41	0
1640.63	0
1640.85	0
1641.07	0
1641.29	0
1641.51	0
1641.73	0
1641.95	0
1642.17	0
1642.39	0
1642.61	0
1642.83	0
1643.05	0
1643.27	0
1643.49	0
1643.71	0
1643.93	0
1644.15	0
1644.37	0
1644.59	0
1644.81	0
1645.03	0
1645.25	0
1645.47	0
1645.69	0
1645.91	0
1646.13	0
1646.35	0
1646.57	0
1646.79	0
1647.01	0
1647.23	0
1647.45	0
1647.67	0
1647.89	0
1648.11	0
1648.33	0
1648.55	0
1648.77	0
1648.99	0
1649.21	0
1649.43	0
1649.65	0
1649.87	0
1650.09	0
1650.31	0
1650.53	0
1650.75	0
1650.97	0
1651.19	0
1651.41	0
1651.63	0
1651.85	0
1652.07	0
1652.29	0
1652.51	0
1652.73	0
1652.95	0
1653.17	0
1653.39	0
1653.61	0
1653.83	0
1654.05	0
1654.27	0
1654.49	0
1654.71	1
1654.93	0
1655.15	0
1655.37	0
1655.59	0
1655.81	0
1656.03	0
1656.25	1
1656.47	0
1656.69	0
1656.91	0
1657.13	0
1657.35	0
1657.57	0
1657.79	0
1658.01	0
1658.23	0
1658.45	0
1658.67	0
1658.89	0
1659.11	0
1659.33	0
1659.55	0
1659.77	0
1659.99	0
1660.21	0
1660.43	0
1660.65	0
1660.87	0
1661.09	0
1661.31	0
1661.53	0
1661.75	0
1661.98	0
1662.2	0
1662.42	0
1662.64	0
1662.86	0
1663.08	0
1663.3	0
1663.52	0
1663.74	1
1663.96	0
1664.18	0
1664.4	0
1664.62	0
1664.84	0
1665.06	0
1665.28	0
1665.5	0
1665.72	0
1665.94	0
1666.16	0
1666.38	0
1666.6	0
1666.82	0
1667.04	0
1667.26	1
1667.48	0
1667.7	0
1667.92	0
1668.14	0
1668.36	0
1668.58	0
1668.8	0
1669.02	0
1669.24	0
1669.46	0
1669.68	0
1669.9	0
1670.12	0
1670.34	0
1670.56	0
1670.78	0
1671	0
1671.22	0
1671.44	0
1671.66	0
1671.88	0
1672.1	0
1672.32	0
1672.54	0
1672.76	0
1672.98	0
1673.2	0
1673.42	0
1673.64	0
1673.86	0
1674.08	0
1674.3	0
1674.52	0
1674.74	0
1674.96	0
1675.18	0
1675.4	0
1675.62	0
1675.84	0
1676.06	0
1676.28	0
1676.5	0
1676.72	0
1676.94	0
1677.16	0
1677.38	0
1677.6	0
1677.82	0
1678.04	0
1678.26	0
1678.48	0
1678.7	1
1678.92	0
1679.14	0
1679.36	0
1679.58	0
1679.8	0
1680.02	0
1680.24	0
1680.46	0
1680.68	0
1680.9	0
1681.12	0
1681.34	0
1681.56	0
1681.78	0
1682	0
1682.22	0
1682.44	0
1682.66	0
1682.88	0
1683.1	0
1683.32	0
1683.54	0
1683.76	0
1683.99	0
1684.21	0
1684.43	0
1684.65	0
1684.87	0
1685.09	0
1685.31	0
1685.53	0
1685.75	0
1685.97	0
1686.19	0
1686.41	0
1686.63	0
1686.85	0
1687.07	0
1687.29	0
1687.51	0
1687.73	0
1687.95	0
1688.17	0
1688.39	0
1688.61	0
1688.83	0
1689.05	0
1689.27	0
1689.49	1
1689.71	0
1689.93	0
1690.15	0
1690.37	0
1690.59	0
1690.81	0
1691.03	0
1691.25	0
1691.47	0
1691.69	0
1691.91	0
1692.13	0
1692.35	0
1692.57	0
1692.79	0
1693.01	0
1693.23	0
1693.45	0
1693.67	0
1693.89	0
1694.11	0
1694.33	0
1694.55	0
1694.77	0
1694.99	0
1695.21	0
1695.43	0
1695.65	0
1695.87	0
1696.09	0
1696.31	0
1696.53	0
1696.75	0
1696.97	0
1697.19	0
1697.41	0
1697.63	0
1697.85	0
1698.07	0
1698.29	0
1698.51	0
1698.73	0
1698.95	0
1699.17	0
1699.39	0
1699.61	0
1699.83	0
1700.05	0
1700.27	0
1700.49	0
1700.71	0
1700.93	0
1701.15	0
1701.37	0
1701.59	0
1701.81	0
1702.03	1
1702.25	0
1702.47	0
1702.69	0
1702.91	0
1703.13	0
1703.35	0
1703.57	0
1703.79	0
1704.01	0
1704.23	0
1704.45	0
1704.67	0
1704.89	0
1705.11	0
1705.33	1
1705.55	0
1705.77	0
1706	0
1706.22	0
1706.44	0
1706.66	0
1706.88	0
1707.1	0
1707.32	0
1707.54	0
1707.76	0
1707.98	0
1708.2	0
1708.42	0
1708.64	0
1708.86	0
1709.08	0
1709.3	0
1709.52	0
1709.74	0
1709.96	0
1710.18	0
1710.4	0
1710.62	0
1710.84	0
1711.06	0
1711.28	0
1711.5	0
1711.72	0
1711.94	0
1712.16	0
1712.38	0
1712.6	0
1712.82	0
1713.04	0
1713.26	0
1713.48	0
1713.7	0
1713.92	0
1714.14	0
1714.36	0
1714.58	0
1714.8	0
1715.02	0
1715.24	0
1715.46	0
1715.68	0
1715.9	0
1716.12	0
1716.34	0
1716.56	0
1716.78	0
1717	0
1717.22	0
1717.44	0
1717.66	0
1717.88	0
1718.1	0
1718.32	0
1718.54	0
1718.76	0
1718.98	0
1719.2	0
1719.42	0
1719.64	0
1719.86	0
1720.08	0
1720.3	0
1720.52	0
1720.74	0
1720.96	0
1721.18	0
1721.4	0
1721.62	0
1721.84	0
1722.06	0
1722.28	0
1722.5	0
1722.72	0
1722.94	0
1723.16	0
1723.38	0
1723.6	0
1723.82	1
1724.04	0
1724.26	0
1724.48	0
1724.7	0
1724.92	0
1725.14	0
1725.36	0
1725.58	0
1725.8	0
1726.02	0
1726.24	0
1726.46	0
1726.68	0
1726.9	0
1727.12	0
1727.34	0
1727.56	0
1727.78	0
1728.01	0
1728.23	0
1728.45	0
1728.67	0
1728.89	0
1729.11	0
1729.33	0
1729.55	0
1729.77	0
1729.99	0
1730.21	0
1730.43	0
1730.65	0
1730.87	0
1731.09	0
1731.31	0
1731.53	0
1731.75	0
1731.97	0
1732.19	0
1732.41	0
1732.63	0
1732.85	0
1733.07	0
1733.29	0
1733.51	0
1733.73	0
1733.95	0
1734.17	0
1734.39	0
1734.61	0
1734.83	0
1735.05	0
1735.27	0
1735.49	0
1735.71	0
1735.93	1
1736.15	0
1736.37	0
1736.59	0
1736.81	1
1737.03	0
1737.25	0
1737.47	0
1737.69	0
1737.91	0
1738.13	0
1738.35	0
1738.57	0
1738.79	0
1739.01	0
1739.23	0
1739.45	0
1739.67	0
1739.89	0
1740.11	0
1740.33	0
1740.55	0
1740.77	0
1740.99	0
1741.21	0
1741.43	0
1741.65	0
1741.87	0
1742.09	0
1742.31	0
1742.53	0
1742.75	0
1742.97	0
1743.19	0
1743.41	0
1743.63	0
1743.85	0
1744.07	0
1744.29	0
1744.51	0
1744.73	0
1744.95	0
1745.17	0
1745.39	0
1745.61	0
1745.83	0
1746.05	0
1746.27	0
1746.49	0
1746.71	0
1746.93	0
1747.15	0
1747.37	0
1747.59	0
1747.81	0
1748.03	0
1748.25	0
1748.47	0
1748.69	0
1748.91	0
1749.13	0
1749.35	0
1749.57	0
1749.79	0
1750.02	0
1750.24	0
1750.46	0
1750.68	0
1750.9	0
1751.12	0
1751.34	1
1751.56	0
1751.78	0
1752	0
1752.22	0
1752.44	0
1752.66	0
1752.88	1
1753.1	0
1753.32	0
1753.54	0
1753.76	0
1753.98	0
1754.2	0
1754.42	0
1754.64	0
1754.86	0
1755.08	0
1755.3	0
1755.52	0
1755.74	0
1755.96	0
1756.18	0
1756.4	0
1756.62	0
1756.84	0
1757.06	0
1757.28	0
1757.5	0
1757.72	0
1757.94	0
1758.16	0
1758.38	0
1758.6	0
1758.82	0
1759.04	0
1759.26	0
1759.48	0
1759.7	0
1759.92	0
1760.14	0
1760.36	0
1760.58	0
1760.8	0
1761.02	0
1761.24	0
1761.46	0
1761.68	0
1761.9	0
1762.12	0
1762.34	0
1762.56	0
1762.78	0
1763	0
1763.22	0
1763.44	0
1763.66	0
1763.88	0
1764.1	0
1764.32	0
1764.54	0
1764.76	0
1764.98	0
1765.2	0
1765.42	0
1765.64	0
1765.86	0
1766.08	0
1766.3	0
1766.52	0
1766.74	0
1766.96	0
1767.18	0
1767.4	0
1767.62	0
1767.84	0
1768.06	0
1768.28	0
1768.5	0
1768.72	0
1768.94	0
1769.16	0
1769.38	0
1769.6	0
1769.82	0
1770.04	0
1770.26	0
1770.48	0
1770.7	0
1770.92	0
1771.14	1
1771.36	0
1771.58	0
1771.8	0
1772.03	0
1772.25	0
1772.47	0
1772.69	0
1772.91	0
1773.13	0
1773.35	0
1773.57	0
1773.79	0
1774.01	0
1774.23	0
1774.45	0
1774.67	0
1774.89	0
1775.11	0
1775.33	0
1775.55	0
1775.77	0
1775.99	0
1776.21	0
1776.43	0
1776.65	0
1776.87	0
1777.09	0
1777.31	0
1777.53	0
1777.75	0
1777.97	0
1778.19	0
1778.41	0
1778.63	0
1778.85	0
1779.07	0
1779.29	0
1779.51	0
1779.73	0
1779.95	0
1780.17	0
1780.39	0
1780.61	0
1780.83	0
1781.05	0
1781.27	0
1781.49	0
1781.71	0
1781.93	0
1782.15	0
1782.37	0
1782.59	0
1782.81	0
1783.03	0
1783.25	0
1783.47	0
1783.69	0
1783.91	0
1784.13	0
1784.35	0
1784.57	0
1784.79	0
1785.01	0
1785.23	0
1785.45	0
1785.67	0
1785.89	0
1786.11	0
1786.33	0
1786.55	0
1786.77	0
1786.99	0
1787.21	0
1787.43	0
1787.65	0
1787.87	0
1788.09	0
1788.31	0
1788.53	0
1788.75	0
1788.97	0
1789.19	0
1789.41	0
1789.63	0
1789.85	0
1790.07	0
1790.29	0
1790.51	0
1790.73	0
1790.95	0
1791.17	0
1791.39	0
1791.61	0
1791.83	0
1792.05	0
1792.27	0
1792.49	0
1792.71	0
1792.93	0
1793.15	0
1793.37	0
1793.59	0
1793.81	0
1794.04	0
1794.26	0
1794.48	0
1794.7	0
1794.92	0
1795.14	0
1795.36	0
1795.58	0
1795.8	0
1796.02	0
1796.24	0
1796.46	0
1796.68	0
1796.9	0
1797.12	0
1797.34	0
1797.56	0
1797.78	0
1798	0
1798.22	0
1798.44	0
1798.66	0
1798.88	0
1799.1	0
1799.32	0
1799.54	0
1799.76	0
1799.98	0
1800.2	0
1800.42	0
1800.64	0
1800.86	0
1801.08	0
1801.3	0
1801.52	0
1801.74	0
1801.96	0
1802.18	0
1802.4	0
1802.62	0
1802.84	0
