-5.15587e-020	0
0.2201	0
0.4402	0
0.6603	0
0.8804	0
1.1005	0
1.3206	0
1.5407	0
1.7608	0
1.9809	0
2.201	0
2.4211	0
2.6412	0
2.8613	0
3.0814	0
3.3015	0
3.5216	0
3.7417	0
3.9618	0
4.1819	0
4.402	0
4.6221	0
4.8422	0
5.0623	0
5.2824	0
5.5025	0
5.7226	0
5.9427	0
6.1628	0
6.3829	0
6.603	0
6.8231	0
7.0432	0
7.2633	1
7.4834	7
7.7035	47
7.9236	173
8.1437	377
8.3638	409
8.5839	407
8.804	437
9.0241	412
9.2442	422
9.4643	398
9.6844	441
9.9045	428
10.1246	393
10.3447	444
10.5648	413
10.7849	447
11.005	429
11.2251	433
11.4452	495
11.6653	411
11.8854	431
12.1055	410
12.3256	435
12.5457	484
12.7658	441
12.9859	426
13.206	383
13.4261	428
13.6462	456
13.8663	439
14.0864	436
14.3065	455
14.5266	438
14.7467	463
14.9668	460
15.1869	440
15.407	490
15.6271	445
15.8472	486
16.0673	496
16.2874	456
16.5075	441
16.7276	456
16.9477	504
17.1678	507
17.3879	579
17.608	559
17.8281	582
18.0482	712
18.2683	790
18.4884	830
18.7085	763
18.9286	634
19.1487	529
19.3688	457
19.5889	475
19.809	416
20.0291	433
20.2492	450
20.4693	459
20.6894	471
20.9095	431
21.1296	480
21.3497	497
21.5698	500
21.7899	538
22.01	543
22.2301	568
22.4502	635
22.6703	659
22.8904	693
23.1105	642
23.3306	683
23.5507	722
23.7708	712
23.9909	795
24.211	880
24.4311	975
24.6512	1208
24.8713	1353
25.0914	1481
25.3115	1520
25.5316	1521
25.7517	1539
25.9718	1584
26.1919	1543
26.412	1472
26.6321	1607
26.8522	1680
27.0723	1762
27.2924	1953
27.5125	2897
27.7326	4561
27.9527	7594
28.1728	11424
28.3929	13823
28.613	13012
28.8331	9227
29.0532	4960
29.2733	2226
29.4934	1021
29.7135	665
29.9336	651
30.1537	628
30.3738	602
30.5939	616
30.814	591
31.0341	591
31.2542	683
31.4743	655
31.6944	736
31.9145	938
32.1346	1277
32.3547	2103
32.5748	3035
32.7949	3497
33.015	3012
33.2351	2080
33.4552	1523
33.6753	1284
33.8954	1055
34.1155	774
34.3356	547
34.5557	408
34.7758	389
34.9959	372
35.216	333
35.4361	376
35.6562	380
35.8763	330
36.0964	350
36.3165	376
36.5366	341
36.7567	402
36.9768	352
37.1969	341
37.417	337
37.6371	336
37.8572	356
38.0773	362
38.2974	331
38.5175	349
38.7376	337
38.9577	368
39.1778	367
39.3979	344
39.618	358
39.8381	313
40.0582	339
40.2783	343
40.4984	339
40.7185	356
40.9386	399
41.1587	332
41.3788	345
41.5989	339
41.819	371
42.0391	326
42.2592	328
42.4793	365
42.6994	332
42.9195	319
43.1396	338
43.3597	347
43.5798	344
43.7999	332
44.02	348
44.2401	367
44.4602	345
44.6803	286
44.9004	338
45.1205	308
45.3406	356
45.5607	352
45.7808	336
46.0009	358
46.221	312
46.4411	358
46.6612	345
46.8813	327
47.1014	354
47.3215	297
47.5416	321
47.7617	331
47.9818	333
48.2019	341
48.422	353
48.6421	354
48.8622	337
49.0823	326
49.3024	316
49.5225	297
49.7426	322
49.9627	343
50.1828	344
50.4029	349
50.623	346
50.8431	352
51.0632	324
51.2833	345
51.5034	363
51.7235	366
51.9436	318
52.1637	312
52.3838	335
52.6039	332
52.824	315
53.0441	331
53.2642	307
53.4843	359
53.7044	316
53.9245	316
54.1446	305
54.3647	345
54.5848	321
54.8049	343
55.025	367
55.2451	306
55.4652	329
55.6853	319
55.9054	316
56.1255	365
56.3456	316
56.5657	325
56.7858	344
57.0059	305
57.226	298
57.4461	329
57.6662	330
57.8863	321
58.1064	303
58.3265	297
58.5466	324
58.7667	347
58.9868	335
59.2069	322
59.427	349
59.6471	296
59.8672	328
60.0873	310
60.3074	314
60.5275	337
60.7476	342
60.9677	349
61.1878	369
61.4079	300
61.628	361
61.8481	343
62.0682	321
62.2883	326
62.5084	305
62.7285	317
62.9486	300
63.1687	353
63.3888	317
63.6089	304
63.829	310
64.0491	337
64.2692	323
64.4893	351
64.7094	308
64.9295	329
65.1496	337
65.3697	317
65.5898	328
65.8099	326
66.03	326
66.2501	301
66.4702	355
66.6903	338
66.9104	304
67.1305	350
67.3506	357
67.5707	335
67.7908	316
68.0109	323
68.231	335
68.4511	321
68.6712	357
68.8913	379
69.1114	381
69.3315	390
69.5516	426
69.7717	402
69.9918	431
70.2119	339
70.432	353
70.6521	325
70.8722	353
71.0923	434
71.3124	526
71.5325	527
71.7526	542
71.9727	495
72.1928	452
72.4129	356
72.633	339
72.8531	313
73.0732	338
73.2933	296
73.5134	329
73.7335	322
73.9536	323
74.1737	326
74.3938	362
74.6139	329
74.834	291
75.0541	332
75.2742	322
75.4943	320
75.7144	322
75.9345	309
76.1546	354
76.3747	331
76.5948	323
76.8149	309
77.035	305
77.2551	357
77.4752	325
77.6953	300
77.9154	303
78.1355	319
78.3556	321
78.5757	347
78.7958	327
79.0159	315
79.236	299
79.4561	321
79.6762	320
79.8963	293
80.1164	319
80.3365	353
80.5566	327
80.7767	335
80.9968	349
81.2169	422
81.437	437
81.6571	449
81.8772	410
82.0973	383
82.3174	306
82.5375	354
82.7576	335
82.9777	322
83.1978	325
83.4179	319
83.638	341
83.8581	346
84.0782	374
84.2983	367
84.5184	331
84.7385	316
84.9586	297
85.1787	321
85.3988	330
85.6189	291
85.839	293
86.0591	294
86.2792	326
86.4993	297
86.7194	293
86.9395	341
87.1596	317
87.3797	306
87.5998	304
87.8199	273
88.04	313
88.2601	290
88.4802	324
88.7003	293
88.9204	298
89.1405	304
89.3606	329
89.5807	301
89.8008	258
90.0209	303
90.241	303
90.4611	314
90.6812	288
90.9013	316
91.1214	258
91.3415	305
91.5616	308
91.7817	317
92.0018	337
92.2219	306
92.442	317
92.6621	299
92.8822	302
93.1023	318
93.3224	311
93.5425	311
93.7626	300
93.9827	273
94.2028	291
94.4229	309
94.643	302
94.8631	283
95.0832	300
95.3033	302
95.5234	314
95.7435	284
95.9636	287
96.1837	307
96.4038	296
96.6239	275
96.844	294
97.0641	263
97.2842	288
97.5043	303
97.7244	293
97.9445	286
98.1646	297
98.3847	300
98.6048	324
98.8249	292
99.045	318
99.2651	304
99.4852	278
99.7053	279
99.9254	263
100.146	311
100.366	298
100.586	327
100.806	286
101.026	282
101.246	300
101.466	289
101.686	305
101.906	298
102.126	300
102.346	290
102.567	288
102.787	298
103.007	271
103.227	297
103.447	327
103.667	302
103.887	302
104.107	291
104.327	308
104.548	285
104.768	337
104.988	259
105.208	283
105.428	312
105.648	328
105.868	306
106.088	341
106.308	255
106.528	316
106.748	299
106.969	302
107.189	296
107.409	320
107.629	290
107.849	291
108.069	307
108.289	315
108.509	337
108.729	305
108.95	285
109.17	327
109.39	316
109.61	308
109.83	320
110.05	324
110.27	341
110.49	355
110.71	323
110.93	292
111.15	297
111.371	312
111.591	305
111.811	302
112.031	294
112.251	310
112.471	314
112.691	309
112.911	313
113.131	289
113.352	327
113.572	337
113.792	305
114.012	342
114.232	297
114.452	315
114.672	319
114.892	349
115.112	325
115.332	324
115.552	291
115.773	308
115.993	338
116.213	303
116.433	342
116.653	347
116.873	348
117.093	297
117.313	262
117.533	344
117.753	337
117.974	316
118.194	303
118.414	302
118.634	310
118.854	306
119.074	307
119.294	318
119.514	314
119.734	338
119.955	317
120.175	314
120.395	338
120.615	314
120.835	344
121.055	307
121.275	312
121.495	325
121.715	326
121.935	275
122.155	271
122.376	279
122.596	355
122.816	295
123.036	300
123.256	333
123.476	317
123.696	330
123.916	293
124.136	312
124.357	343
124.577	313
124.797	301
125.017	302
125.237	334
125.457	298
125.677	322
125.897	298
126.117	324
126.337	319
126.557	322
126.778	290
126.998	289
127.218	309
127.438	315
127.658	314
127.878	290
128.098	302
128.318	308
128.538	315
128.759	316
128.979	267
129.199	274
129.419	320
129.639	316
129.859	308
130.079	299
130.299	311
130.519	324
130.739	353
130.959	315
131.18	276
131.4	354
131.62	303
131.84	331
132.06	310
132.28	303
132.5	315
132.72	310
132.94	297
133.16	323
133.381	327
133.601	293
133.821	325
134.041	332
134.261	312
134.481	321
134.701	292
134.921	305
135.141	300
135.362	313
135.582	292
135.802	316
136.022	321
136.242	314
136.462	317
136.682	309
136.902	313
137.122	284
137.342	327
137.563	303
137.783	279
138.003	277
138.223	284
138.443	292
138.663	270
138.883	295
139.103	304
139.323	301
139.543	299
139.763	306
139.984	301
140.204	337
140.424	294
140.644	307
140.864	297
141.084	310
141.304	285
141.524	321
141.744	305
141.964	300
142.185	288
142.405	300
142.625	317
142.845	295
143.065	302
143.285	308
143.505	309
143.725	310
143.945	281
144.165	328
144.386	314
144.606	314
144.826	313
145.046	311
145.266	279
145.486	285
145.706	308
145.926	292
146.146	290
146.367	297
146.587	305
146.807	294
147.027	327
147.247	294
147.467	275
147.687	289
147.907	284
148.127	318
148.347	301
148.568	266
148.788	322
149.008	304
149.228	290
149.448	326
149.668	306
149.888	308
150.108	305
150.328	293
150.548	304
150.768	271
150.989	308
151.209	291
151.429	297
151.649	252
151.869	319
152.089	306
152.309	290
152.529	336
152.749	347
152.969	333
153.19	285
153.41	321
153.63	288
153.85	310
154.07	311
154.29	311
154.51	323
154.73	305
154.95	318
155.171	318
155.391	288
155.611	321
155.831	308
156.051	287
156.271	324
156.491	296
156.711	305
156.931	317
157.151	282
157.372	282
157.592	300
157.812	293
158.032	314
158.252	324
158.472	288
158.692	304
158.912	292
159.132	287
159.352	302
159.572	330
159.793	299
160.013	316
160.233	280
160.453	307
160.673	281
160.893	328
161.113	293
161.333	314
161.553	308
161.773	317
161.994	305
162.214	292
162.434	299
162.654	297
162.874	298
163.094	316
163.314	306
163.534	329
163.754	277
163.975	303
164.195	296
164.415	300
164.635	309
164.855	280
165.075	330
165.295	293
165.515	283
165.735	251
165.955	305
166.176	319
166.396	288
166.616	284
166.836	321
167.056	311
167.276	292
167.496	312
167.716	290
167.936	283
168.156	298
168.376	305
168.597	301
168.817	327
169.037	298
169.257	301
169.477	301
169.697	325
169.917	303
170.137	306
170.357	302
170.577	305
170.798	288
171.018	293
171.238	305
171.458	322
171.678	359
171.898	249
172.118	321
172.338	320
172.558	307
172.778	334
172.999	306
173.219	314
173.439	305
173.659	309
173.879	312
174.099	286
174.319	285
174.539	334
174.759	309
174.98	307
175.2	306
175.42	305
175.64	345
175.86	291
176.08	301
176.3	299
176.52	334
176.74	266
176.96	357
177.18	291
177.401	313
177.621	306
177.841	320
178.061	352
178.281	335
178.501	321
178.721	312
178.941	311
179.161	337
179.381	345
179.602	374
179.822	340
180.042	368
180.262	315
180.482	326
180.702	353
180.922	375
181.142	401
181.362	411
181.582	372
181.803	405
182.023	454
182.243	446
182.463	426
182.683	448
182.903	442
183.123	463
183.343	500
183.563	513
183.784	472
184.004	456
184.224	495
184.444	510
184.664	490
184.884	488
185.104	453
185.324	458
185.544	476
185.764	480
185.985	453
186.205	465
186.425	451
186.645	483
186.865	503
187.085	477
187.305	464
187.525	485
187.745	491
187.965	484
188.185	506
188.406	461
188.626	490
188.846	492
189.066	495
189.286	492
189.506	495
189.726	492
189.946	454
190.166	460
190.386	491
190.607	482
190.827	484
191.047	504
191.267	461
191.487	424
191.707	463
191.927	427
192.147	465
192.367	455
192.587	507
192.808	472
193.028	513
193.248	456
193.468	496
193.688	474
193.908	479
194.128	456
194.348	440
194.568	452
194.789	463
195.009	482
195.229	448
195.449	435
195.669	476
195.889	467
196.109	488
196.329	450
196.549	462
196.769	473
196.989	443
197.21	438
197.43	461
197.65	432
197.87	468
198.09	438
198.31	436
198.53	436
198.75	439
198.97	413
199.19	446
199.411	436
199.631	435
199.851	443
200.071	422
200.291	434
200.511	403
200.731	422
200.951	438
201.171	360
201.391	416
201.612	400
201.832	440
202.052	461
202.272	387
202.492	421
202.712	412
202.932	395
203.152	406
203.372	412
203.593	380
203.813	440
204.033	392
204.253	379
204.473	393
204.693	387
204.913	444
205.133	408
205.353	379
205.573	411
205.793	415
206.014	406
206.234	387
206.454	392
206.674	414
206.894	425
207.114	412
207.334	416
207.554	417
207.774	404
207.994	360
208.215	403
208.435	375
208.655	391
208.875	402
209.095	357
209.315	410
209.535	372
209.755	386
209.975	370
210.195	365
210.416	388
210.636	358
210.856	409
211.076	355
211.296	388
211.516	343
211.736	365
211.956	350
212.176	368
212.397	362
212.617	381
212.837	349
213.057	355
213.277	409
213.497	365
213.717	380
213.937	354
214.157	372
214.377	350
214.598	329
214.818	366
215.038	347
215.258	326
215.478	354
215.698	347
215.918	360
216.138	382
216.358	348
216.578	369
216.798	334
217.019	356
217.239	355
217.459	349
217.679	366
217.899	363
218.119	363
218.339	345
218.559	340
218.779	339
218.999	346
219.22	341
219.44	345
219.66	343
219.88	337
220.1	324
220.32	359
220.54	317
220.76	322
220.98	335
221.2	341
221.421	333
221.641	310
221.861	340
222.081	311
222.301	315
222.521	333
222.741	316
222.961	328
223.181	315
223.402	306
223.622	326
223.842	340
224.062	305
224.282	323
224.502	322
224.722	323
224.942	304
225.162	316
225.382	312
225.602	297
225.823	317
226.043	326
226.263	309
226.483	336
226.703	308
226.923	312
227.143	303
227.363	317
227.583	294
227.803	318
228.024	330
228.244	291
228.464	311
228.684	322
228.904	318
229.124	317
229.344	284
229.564	330
229.784	312
230.004	302
230.225	296
230.445	300
230.665	300
230.885	286
231.105	309
231.325	283
231.545	311
231.765	319
231.985	306
232.206	296
232.426	295
232.646	281
232.866	326
233.086	277
233.306	277
233.526	307
233.746	306
233.966	287
234.186	287
234.406	281
234.627	280
234.847	299
235.067	286
235.287	291
235.507	297
235.727	263
235.947	270
236.167	308
236.387	249
236.607	294
236.828	288
237.048	279
237.268	279
237.488	269
237.708	293
237.928	264
238.148	281
238.368	249
238.588	302
238.808	277
239.029	310
239.249	312
239.469	270
239.689	283
239.909	264
240.129	285
240.349	283
240.569	269
240.789	308
241.01	279
241.23	277
241.45	264
241.67	297
241.89	268
242.11	285
242.33	255
242.55	295
242.77	270
242.99	272
243.211	284
243.431	259
243.651	280
243.871	303
244.091	287
244.311	302
244.531	270
244.751	255
244.971	272
245.191	272
245.411	254
245.632	277
245.852	270
246.072	264
246.292	287
246.512	256
246.732	244
246.952	294
247.172	278
247.392	292
247.612	260
247.833	258
248.053	293
248.273	269
248.493	240
248.713	269
248.933	259
249.153	244
249.373	234
249.593	277
249.813	277
250.034	237
250.254	246
250.474	256
250.694	270
250.914	283
251.134	249
251.354	276
251.574	223
251.794	254
252.015	258
252.235	271
252.455	242
252.675	268
252.895	266
253.115	254
253.335	283
253.555	247
253.775	275
253.995	274
254.215	246
254.436	274
254.656	237
254.876	264
255.096	265
255.316	280
255.536	249
255.756	267
255.976	252
256.196	265
256.416	262
256.637	259
256.857	254
257.077	245
257.297	233
257.517	260
257.737	237
257.957	255
258.177	240
258.397	255
258.618	259
258.838	263
259.058	236
259.278	236
259.498	270
259.718	238
259.938	255
260.158	257
260.378	279
260.598	231
260.818	281
261.039	241
261.259	249
261.479	270
261.699	237
261.919	259
262.139	278
262.359	280
262.579	275
262.799	259
263.019	277
263.24	245
263.46	238
263.68	257
263.9	273
264.12	247
264.34	223
264.56	243
264.78	239
265	253
265.221	262
265.441	248
265.661	254
265.881	242
266.101	262
266.321	274
266.541	263
266.761	264
266.981	239
267.201	241
267.421	228
267.642	246
267.862	239
268.082	239
268.302	264
268.522	227
268.742	257
268.962	241
269.182	264
269.402	274
269.623	262
269.843	251
270.063	241
270.283	259
270.503	245
270.723	245
270.943	247
271.163	238
271.383	253
271.603	269
271.823	248
272.044	243
272.264	250
272.484	232
272.704	250
272.924	259
273.144	236
273.364	248
273.584	239
273.804	231
274.024	225
274.245	219
274.465	240
274.685	222
274.905	245
275.125	243
275.345	242
275.565	234
275.785	274
276.005	232
276.226	247
276.446	236
276.666	262
276.886	249
277.106	248
277.326	206
277.546	246
277.766	262
277.986	266
278.206	206
278.426	240
278.647	227
278.867	237
279.087	251
279.307	256
279.527	236
279.747	222
279.967	234
280.187	239
280.407	225
280.628	238
280.848	223
281.068	198
281.288	222
281.508	242
281.728	233
281.948	230
282.168	243
282.388	263
282.608	206
282.828	216
283.049	239
283.269	218
283.489	232
283.709	246
283.929	213
284.149	219
284.369	207
284.589	217
284.809	210
285.029	239
285.25	252
285.47	267
285.69	220
285.91	243
286.13	223
286.35	214
286.57	249
286.79	213
287.01	230
287.231	223
287.451	238
287.671	221
287.891	245
288.111	235
288.331	230
288.551	218
288.771	231
288.991	235
289.211	233
289.431	252
289.652	238
289.872	248
290.092	206
290.312	210
290.532	215
290.752	242
290.972	232
291.192	247
291.412	227
291.632	213
291.853	210
292.073	242
292.293	247
292.513	217
292.733	223
292.953	216
293.173	228
293.393	236
293.613	236
293.834	217
294.054	226
294.274	207
294.494	236
294.714	243
294.934	228
295.154	209
295.374	235
295.594	212
295.814	211
296.034	246
296.255	227
296.475	243
296.695	260
296.915	209
297.135	238
297.355	210
297.575	227
297.795	223
298.015	222
298.236	225
298.456	226
298.676	218
298.896	246
299.116	219
299.336	195
299.556	206
299.776	230
299.996	242
300.216	214
300.436	238
300.657	211
300.877	239
301.097	212
301.317	233
301.537	212
301.757	231
301.977	215
302.197	248
302.417	217
302.637	233
302.858	220
303.078	240
303.298	213
303.518	234
303.738	228
303.958	220
304.178	247
304.398	231
304.618	186
304.839	219
305.059	214
305.279	222
305.499	221
305.719	231
305.939	265
306.159	232
306.379	221
306.599	221
306.819	212
307.039	221
307.26	229
307.48	231
307.7	199
307.92	229
308.14	214
308.36	201
308.58	209
308.8	233
309.02	213
309.241	194
309.461	269
309.681	199
309.901	220
310.121	227
310.341	248
310.561	238
310.781	222
311.001	224
311.221	207
311.441	215
311.662	231
311.882	237
312.102	208
312.322	217
312.542	245
312.762	201
312.982	226
313.202	220
313.422	257
313.642	221
313.863	255
314.083	210
314.303	225
314.523	209
314.743	228
314.963	225
315.183	209
315.403	232
315.623	226
315.844	211
316.064	207
316.284	201
316.504	240
316.724	221
316.944	208
317.164	211
317.384	229
317.604	220
317.824	227
318.044	229
318.265	191
318.485	220
318.705	233
318.925	199
319.145	224
319.365	196
319.585	194
319.805	221
320.025	201
320.245	250
320.466	206
320.686	241
320.906	231
321.126	221
321.346	221
321.566	198
321.786	243
322.006	228
322.226	194
322.446	216
322.667	231
322.887	189
323.107	240
323.327	209
323.547	233
323.767	230
323.987	218
324.207	206
324.427	201
324.647	250
324.868	215
325.088	221
325.308	257
325.528	214
325.748	212
325.968	194
326.188	216
326.408	206
326.628	232
326.849	213
327.069	207
327.289	220
327.509	227
327.729	219
327.949	187
328.169	202
328.389	212
328.609	199
328.829	224
329.049	207
329.27	225
329.49	202
329.71	219
329.93	213
330.15	226
330.37	222
330.59	233
330.81	220
331.03	218
331.25	216
331.471	220
331.691	206
331.911	234
332.131	229
332.351	219
332.571	234
332.791	217
333.011	223
333.231	215
333.452	227
333.672	220
333.892	215
334.112	190
334.332	209
334.552	223
334.772	220
334.992	231
335.212	211
335.432	220
335.652	218
335.873	221
336.093	207
336.313	235
336.533	198
336.753	208
336.973	228
337.193	189
337.413	229
337.633	231
337.854	246
338.074	250
338.294	213
338.514	212
338.734	226
338.954	243
339.174	222
339.394	227
339.614	196
339.834	232
340.054	235
340.275	222
340.495	223
340.715	204
340.935	236
341.155	218
341.375	219
341.595	204
341.815	213
342.035	203
342.255	228
342.476	204
342.696	219
342.916	218
343.136	224
343.356	207
343.576	224
343.796	227
344.016	216
344.236	223
344.457	233
344.677	223
344.897	227
345.117	222
345.337	228
345.557	225
345.777	221
345.997	227
346.217	226
346.437	226
346.657	222
346.878	233
347.098	230
347.318	205
347.538	235
347.758	227
347.978	212
348.198	238
348.418	226
348.638	215
348.858	211
349.079	224
349.299	201
349.519	213
349.739	203
349.959	198
350.179	216
350.399	216
350.619	222
350.839	215
351.059	216
351.28	232
351.5	219
351.72	234
351.94	207
352.16	224
352.38	221
352.6	210
352.82	221
353.04	219
353.26	233
353.481	228
353.701	206
353.921	206
354.141	243
354.361	225
354.581	212
354.801	215
355.021	200
355.241	235
355.462	224
355.682	205
355.902	248
356.122	217
356.342	217
356.562	220
356.782	246
357.002	208
357.222	215
357.442	213
357.662	247
357.883	222
358.103	222
358.323	235
358.543	224
358.763	223
358.983	231
359.203	211
359.423	230
359.643	232
359.863	206
360.084	208
360.304	221
360.524	210
360.744	200
360.964	226
361.184	214
361.404	260
361.624	225
361.844	232
362.065	196
362.285	210
362.505	226
362.725	230
362.945	214
363.165	231
363.385	241
363.605	227
363.825	246
364.045	222
364.265	253
364.486	235
364.706	228
364.926	230
365.146	212
365.366	216
365.586	235
365.806	217
366.026	208
366.246	227
366.467	219
366.687	245
366.907	218
367.127	228
367.347	233
367.567	234
367.787	193
368.007	202
368.227	234
368.447	205
368.667	228
368.888	234
369.108	241
369.328	217
369.548	240
369.768	223
369.988	244
370.208	191
370.428	214
370.648	214
370.868	238
371.089	222
371.309	216
371.529	253
371.749	205
371.969	232
372.189	221
372.409	242
372.629	204
372.849	259
373.07	232
373.29	194
373.51	236
373.73	221
373.95	249
374.17	215
374.39	209
374.61	216
374.83	243
375.05	219
375.27	231
375.491	248
375.711	246
375.931	262
376.151	227
376.371	228
376.591	250
376.811	235
377.031	226
377.251	227
377.471	242
377.692	246
377.912	244
378.132	237
378.352	230
378.572	234
378.792	222
379.012	219
379.232	220
379.452	223
379.672	224
379.893	226
380.113	225
380.333	234
380.553	202
380.773	234
380.993	258
381.213	217
381.433	242
381.653	254
381.873	212
382.094	226
382.314	225
382.534	220
382.754	233
382.974	214
383.194	230
383.414	274
383.634	220
383.854	216
384.075	255
384.295	241
384.515	244
384.735	239
384.955	207
385.175	226
385.395	258
385.615	259
385.835	245
386.055	214
386.275	231
386.496	233
386.716	231
386.936	235
387.156	227
387.376	210
387.596	255
387.816	232
388.036	243
388.256	222
388.476	224
388.697	253
388.917	232
389.137	229
389.357	219
389.577	243
389.797	239
390.017	218
390.237	222
390.457	205
390.678	231
390.898	221
391.118	228
391.338	253
391.558	242
391.778	233
391.998	191
392.218	231
392.438	235
392.658	216
392.878	241
393.099	245
393.319	243
393.539	307
393.759	229
393.979	254
394.199	207
394.419	246
394.639	221
394.859	240
395.08	244
395.3	234
395.52	260
395.74	247
395.96	271
396.18	217
396.4	216
396.62	225
396.84	235
397.06	240
397.28	237
397.501	244
397.721	218
397.941	270
398.161	229
398.381	244
398.601	214
398.821	206
399.041	260
399.261	277
399.481	246
399.702	252
399.922	247
400.142	217
400.362	221
400.582	249
400.802	247
401.022	250
401.242	246
401.462	237
401.683	258
401.903	270
402.123	240
402.343	241
402.563	236
402.783	254
403.003	233
403.223	227
403.443	236
403.663	250
403.883	231
404.104	238
404.324	230
404.544	268
404.764	230
404.984	242
405.204	264
405.424	247
405.644	271
405.864	240
406.084	273
406.305	237
406.525	247
406.745	232
406.965	265
407.185	286
407.405	256
407.625	230
407.845	246
408.065	250
408.285	244
408.506	262
408.726	247
408.946	238
409.166	274
409.386	256
409.606	252
409.826	257
410.046	254
410.266	247
410.486	263
410.707	270
410.927	227
411.147	254
411.367	258
411.587	226
411.807	246
412.027	241
412.247	245
412.467	259
412.688	257
412.908	227
413.128	272
413.348	271
413.568	232
413.788	251
414.008	280
414.228	282
414.448	268
414.668	249
414.888	268
415.109	271
415.329	257
415.549	289
415.769	243
415.989	256
416.209	247
416.429	225
416.649	272
416.869	268
417.089	246
417.31	281
417.53	242
417.75	257
417.97	245
418.19	232
418.41	274
418.63	274
418.85	282
419.07	268
419.291	287
419.511	235
419.731	299
419.951	248
420.171	270
420.391	275
420.611	277
420.831	282
421.051	276
421.271	269
421.491	267
421.712	272
421.932	290
422.152	290
422.372	262
422.592	279
422.812	289
423.032	316
423.252	270
423.472	262
423.693	256
423.913	260
424.133	304
424.353	273
424.573	265
424.793	254
425.013	281
425.233	300
425.453	275
425.673	229
425.893	287
426.114	295
426.334	259
426.554	272
426.774	267
426.994	266
427.214	279
427.434	285
427.654	246
427.874	282
428.094	285
428.315	270
428.535	308
428.755	313
428.975	269
429.195	270
429.415	285
429.635	271
429.855	301
430.075	271
430.296	291
430.516	266
430.736	316
430.956	275
431.176	308
431.396	272
431.616	304
431.836	291
432.056	284
432.276	320
432.496	302
432.717	301
432.937	306
433.157	307
433.377	281
433.597	273
433.817	300
434.037	297
434.257	316
434.477	307
434.697	304
434.918	307
435.138	271
435.358	320
435.578	287
435.798	294
436.018	291
436.238	311
436.458	291
436.678	329
436.898	301
437.119	303
437.339	281
437.559	291
437.779	314
437.999	304
438.219	271
438.439	295
438.659	294
438.879	312
439.099	311
439.32	330
439.54	346
439.76	316
439.98	300
440.2	310
440.42	316
440.64	314
440.86	314
441.08	343
441.301	327
441.521	333
441.741	328
441.961	308
442.181	322
442.401	299
442.621	322
442.841	308
443.061	314
443.281	346
443.501	331
443.722	317
443.942	333
444.162	312
444.382	359
444.602	312
444.822	300
445.042	338
445.262	316
445.482	309
445.702	318
445.923	326
446.143	331
446.363	315
446.583	314
446.803	301
447.023	329
447.243	337
447.463	350
447.683	332
447.904	340
448.124	328
448.344	332
448.564	329
448.784	343
449.004	318
449.224	324
449.444	343
449.664	328
449.884	309
450.104	353
450.325	389
450.545	359
450.765	329
450.985	345
451.205	326
451.425	336
451.645	344
451.865	358
452.085	340
452.305	317
452.526	355
452.746	346
452.966	356
453.186	318
453.406	350
453.626	360
453.846	348
454.066	366
454.286	393
454.506	372
454.727	337
454.947	361
455.167	355
455.387	351
455.607	357
455.827	335
456.047	383
456.267	375
456.487	372
456.707	333
456.928	370
457.148	368
457.368	343
457.588	340
457.808	350
458.028	382
458.248	370
458.468	371
458.688	351
458.909	411
459.129	340
459.349	364
459.569	352
459.789	382
460.009	358
460.229	367
460.449	354
460.669	350
460.889	399
461.109	356
461.33	415
461.55	374
461.77	355
461.99	373
462.21	364
462.43	428
462.65	368
462.87	393
463.09	355
463.31	368
463.531	373
463.751	419
463.971	350
464.191	393
464.411	386
464.631	367
464.851	385
465.071	374
465.291	350
465.511	388
465.732	402
465.952	368
466.172	388
466.392	344
466.612	357
466.832	422
467.052	374
467.272	387
467.492	342
467.712	368
467.933	384
468.153	377
468.373	366
468.593	359
468.813	363
469.033	375
469.253	364
469.473	380
469.693	384
469.914	386
470.134	405
470.354	449
470.574	364
470.794	356
471.014	377
471.234	390
471.454	386
471.674	382
471.894	381
472.114	362
472.335	377
472.555	372
472.775	365
472.995	391
473.215	363
473.435	349
473.655	379
473.875	370
474.095	343
474.315	342
474.536	365
474.756	351
474.976	336
475.196	308
475.416	322
475.636	338
475.856	351
476.076	335
476.296	301
476.516	280
476.737	298
476.957	284
477.177	300
477.397	278
477.617	300
477.837	253
478.057	252
478.277	266
478.497	264
478.717	242
478.938	227
479.158	264
479.378	236
479.598	243
479.818	241
480.038	235
480.258	233
480.478	217
480.698	248
480.918	238
481.139	223
481.359	225
481.579	195
481.799	219
482.019	235
482.239	222
482.459	233
482.679	173
482.899	234
483.119	210
483.34	219
483.56	206
483.78	196
484	211
484.22	224
484.44	209
484.66	171
484.88	215
485.1	199
485.32	221
485.541	203
485.761	194
485.981	222
486.201	190
486.421	211
486.641	196
486.861	196
487.081	206
487.301	207
487.522	219
487.742	194
487.962	206
488.182	176
488.402	190
488.622	183
488.842	164
489.062	176
489.282	226
489.502	169
489.722	164
489.943	171
490.163	179
490.383	180
490.603	182
490.823	187
491.043	203
491.263	181
491.483	184
491.703	173
491.923	176
492.144	176
492.364	160
492.584	188
492.804	170
493.024	193
493.244	154
493.464	182
493.684	176
493.904	171
494.124	170
494.345	163
494.565	176
494.785	163
495.005	142
495.225	182
495.445	172
495.665	149
495.885	188
496.105	166
496.325	170
496.546	162
496.766	167
496.986	147
497.206	166
497.426	178
497.646	148
497.866	160
498.086	160
498.306	146
498.527	179
498.747	160
498.967	153
499.187	160
499.407	168
499.627	160
499.847	173
500.067	171
500.287	173
500.507	158
500.727	142
500.948	166
501.168	146
501.388	137
501.608	150
501.828	154
502.048	137
502.268	140
502.488	153
502.708	153
502.928	144
503.149	145
503.369	170
503.589	157
503.809	146
504.029	149
504.249	138
504.469	139
504.689	157
504.909	137
505.129	156
505.35	156
505.57	160
505.79	144
506.01	134
506.23	145
506.45	120
506.67	151
506.89	169
507.11	139
507.33	136
507.551	129
507.771	158
507.991	146
508.211	155
508.431	135
508.651	138
508.871	139
509.091	151
509.311	156
509.531	131
509.752	142
509.972	120
510.192	136
510.412	115
510.632	141
510.852	136
511.072	157
511.292	113
511.512	134
511.732	124
511.953	114
512.173	152
512.393	141
512.613	135
512.833	118
513.053	140
513.273	127
513.493	129
513.713	132
513.933	115
514.154	132
514.374	124
514.594	152
514.814	116
515.034	152
515.254	132
515.474	105
515.694	117
515.914	131
516.135	111
516.355	137
516.575	119
516.795	133
517.015	113
517.235	122
517.455	122
517.675	111
517.895	138
518.115	128
518.336	115
518.556	131
518.776	107
518.996	146
519.216	123
519.436	124
519.656	117
519.876	125
520.096	129
520.316	125
520.536	135
520.757	118
520.977	106
521.197	131
521.417	114
521.637	111
521.857	107
522.077	123
522.297	100
522.517	104
522.737	117
522.958	99
523.178	106
523.398	118
523.618	104
523.838	111
524.058	108
524.278	103
524.498	95
524.718	110
524.938	107
525.159	98
525.379	92
525.599	114
525.819	115
526.039	105
526.259	104
526.479	113
526.699	106
526.919	110
527.14	108
527.36	111
527.58	88
527.8	107
528.02	107
528.24	120
528.46	105
528.68	95
528.9	94
529.12	113
529.341	87
529.561	111
529.781	90
530.001	93
530.221	102
530.441	84
530.661	106
530.881	88
531.101	102
531.321	79
531.541	95
531.762	105
531.982	87
532.202	87
532.422	97
532.642	106
532.862	106
533.082	70
533.302	103
533.522	106
533.742	98
533.963	109
534.183	92
534.403	66
534.623	86
534.843	92
535.063	74
535.283	88
535.503	86
535.723	84
535.943	101
536.164	71
536.384	89
536.604	85
536.824	92
537.044	69
537.264	74
537.484	69
537.704	71
537.924	100
538.144	76
538.365	79
538.585	79
538.805	94
539.025	95
539.245	82
539.465	82
539.685	67
539.905	81
540.125	79
540.346	98
540.566	86
540.786	70
541.006	93
541.226	80
541.446	95
541.666	74
541.886	82
542.106	96
542.326	63
542.546	69
542.767	63
542.987	80
543.207	92
543.427	59
543.647	73
543.867	50
544.087	81
544.307	67
544.527	66
544.747	65
544.968	71
545.188	69
545.408	69
545.628	78
545.848	68
546.068	65
546.288	55
546.508	66
546.728	76
546.948	76
547.169	87
547.389	64
547.609	67
547.829	61
548.049	80
548.269	68
548.489	52
548.709	74
548.929	65
549.149	61
549.37	64
549.59	74
549.81	67
550.03	73
550.25	57
550.47	69
550.69	56
550.91	62
551.13	62
551.351	41
551.571	64
551.791	69
552.011	57
552.231	63
552.451	61
552.671	63
552.891	64
553.111	52
553.331	61
553.551	66
553.772	55
553.992	54
554.212	67
554.432	53
554.652	54
554.872	60
555.092	68
555.312	54
555.532	60
555.752	43
555.973	61
556.193	66
556.413	59
556.633	56
556.853	53
557.073	59
557.293	58
557.513	42
557.733	40
557.953	54
558.174	47
558.394	48
558.614	50
558.834	57
559.054	39
559.274	52
559.494	64
559.714	53
559.934	49
560.154	52
560.375	50
560.595	49
560.815	53
561.035	52
561.255	56
561.475	53
561.695	54
561.915	51
562.135	44
562.356	60
562.576	46
562.796	54
563.016	40
563.236	46
563.456	47
563.676	60
563.896	55
564.116	48
564.336	44
564.557	48
564.777	53
564.997	56
565.217	53
565.437	46
565.657	60
565.877	50
566.097	53
566.317	42
566.537	59
566.757	51
566.978	51
567.198	55
567.418	54
567.638	36
567.858	50
568.078	52
568.298	33
568.518	52
568.738	37
568.958	51
569.179	43
569.399	56
569.619	43
569.839	38
570.059	35
570.279	46
570.499	45
570.719	52
570.939	44
571.159	45
571.38	42
571.6	29
571.82	37
572.04	36
572.26	49
572.48	37
572.7	39
572.92	49
573.14	51
573.361	37
573.581	53
573.801	41
574.021	35
574.241	41
574.461	35
574.681	33
574.901	49
575.121	33
575.341	45
575.562	46
575.782	45
576.002	33
576.222	36
576.442	43
576.662	32
576.882	39
577.102	42
577.322	49
577.542	35
577.762	46
577.983	40
578.203	52
578.423	34
578.643	41
578.863	41
579.083	39
579.303	34
579.523	44
579.743	50
579.963	48
580.184	31
580.404	49
580.624	26
580.844	40
581.064	45
581.284	50
581.504	45
581.724	34
581.944	44
582.164	43
582.385	37
582.605	46
582.825	42
583.045	37
583.265	43
583.485	39
583.705	35
583.925	39
584.145	41
584.366	32
584.586	45
584.806	38
585.026	58
585.246	38
585.466	42
585.686	47
585.906	47
586.126	56
586.346	35
586.567	38
586.787	39
587.007	45
587.227	49
587.447	33
587.667	42
587.887	51
588.107	42
588.327	39
588.547	46
588.767	36
588.988	27
589.208	49
589.428	40
589.648	33
589.868	30
590.088	40
590.308	40
590.528	34
590.748	57
590.968	34
591.189	35
591.409	37
591.629	34
591.849	42
592.069	40
592.289	32
592.509	42
592.729	28
592.949	39
593.169	34
593.39	42
593.61	26
593.83	39
594.05	29
594.27	33
594.49	31
594.71	37
594.93	39
595.15	26
595.37	39
595.591	45
595.811	30
596.031	48
596.251	36
596.471	39
596.691	31
596.911	32
597.131	37
597.351	34
597.572	24
597.792	52
598.012	46
598.232	42
598.452	41
598.672	48
598.892	42
599.112	36
599.332	35
599.552	37
599.772	30
599.993	46
600.213	47
600.433	35
600.653	39
600.873	40
601.093	22
601.313	28
601.533	29
601.753	32
601.973	32
602.194	24
602.414	28
602.634	37
602.854	39
603.074	30
603.294	32
603.514	35
603.734	43
603.954	38
604.174	23
604.395	36
604.615	38
604.835	45
605.055	33
605.275	35
605.495	21
605.715	28
605.935	49
606.155	28
606.375	36
606.596	35
606.816	46
607.036	42
607.256	29
607.476	33
607.696	36
607.916	28
608.136	38
608.356	32
608.577	31
608.797	35
609.017	44
609.237	47
609.457	28
609.677	28
609.897	28
610.117	30
610.337	35
610.557	23
610.777	39
610.998	32
611.218	24
611.438	37
611.658	32
611.878	31
612.098	21
612.318	33
612.538	25
612.758	27
612.978	41
613.199	39
613.419	23
613.639	29
613.859	23
614.079	25
614.299	37
614.519	34
614.739	26
614.959	31
615.179	27
615.4	33
615.62	36
615.84	31
616.06	34
616.28	33
616.5	29
616.72	24
616.94	34
617.16	20
617.38	39
617.601	25
617.821	36
618.041	25
618.261	28
618.481	34
618.701	35
618.921	30
619.141	36
619.361	34
619.582	36
619.802	28
620.022	34
620.242	40
620.462	23
620.682	31
620.902	23
621.122	30
621.342	24
621.562	29
621.783	27
622.003	29
622.223	36
622.443	28
622.663	30
622.883	22
623.103	26
623.323	30
623.543	26
623.763	26
623.983	39
624.204	27
624.424	42
624.644	36
624.864	26
625.084	23
625.304	31
625.524	30
625.744	21
625.964	28
626.184	22
626.405	25
626.625	36
626.845	29
627.065	24
627.285	26
627.505	30
627.725	36
627.945	25
628.165	33
628.385	29
628.606	26
628.826	32
629.046	29
629.266	27
629.486	27
629.706	34
629.926	24
630.146	25
630.366	34
630.587	24
630.807	32
631.027	31
631.247	22
631.467	28
631.687	28
631.907	32
632.127	24
632.347	28
632.567	30
632.788	29
633.008	24
633.228	26
633.448	29
633.668	35
633.888	25
634.108	32
634.328	29
634.548	37
634.768	27
634.988	34
635.209	30
635.429	21
635.649	34
635.869	26
636.089	29
636.309	32
636.529	34
636.749	28
636.969	24
637.189	32
637.41	21
637.63	33
637.85	20
638.07	18
638.29	28
638.51	34
638.73	28
638.95	26
639.17	27
639.39	24
639.611	26
639.831	28
640.051	29
640.271	26
640.491	33
640.711	29
640.931	19
641.151	28
641.371	28
641.592	30
641.812	29
642.032	17
642.252	34
642.472	28
642.692	27
642.912	26
643.132	36
643.352	34
643.572	24
643.793	25
644.013	35
644.233	25
644.453	30
644.673	25
644.893	26
645.113	35
645.333	29
645.553	25
645.773	31
645.993	26
646.214	32
646.434	30
646.654	36
646.874	28
647.094	34
647.314	35
647.534	25
647.754	30
647.974	33
648.194	16
648.415	20
648.635	35
648.855	39
649.075	39
649.295	32
649.515	29
649.735	28
649.955	32
650.175	34
650.395	48
650.616	29
650.836	32
651.056	40
651.276	35
651.496	35
651.716	39
651.936	33
652.156	31
652.376	30
652.596	26
652.817	38
653.037	32
653.257	37
653.477	32
653.697	32
653.917	39
654.137	41
654.357	39
654.577	39
654.798	25
655.018	31
655.238	22
655.458	42
655.678	21
655.898	36
656.118	37
656.338	36
656.558	37
656.778	33
656.998	28
657.219	43
657.439	31
657.659	39
657.879	36
658.099	40
658.319	53
658.539	54
658.759	56
658.979	64
659.199	99
659.42	160
659.64	222
659.86	318
660.08	561
660.3	931
660.52	1732
660.74	3259
660.96	5885
661.18	9584
661.4	14463
661.621	19035
661.841	21657
662.061	22167
662.281	19543
662.501	15063
662.721	10210
662.941	5836
663.161	3074
663.381	1333
663.601	541
663.822	227
664.042	80
664.262	55
664.482	57
664.702	46
664.922	32
665.142	40
665.362	45
665.582	35
665.803	31
666.023	37
666.243	31
666.463	36
666.683	29
666.903	34
667.123	23
667.343	36
667.563	27
667.783	31
668.003	33
668.224	26
668.444	26
668.664	30
668.884	29
669.104	17
669.324	25
669.544	20
669.764	30
669.984	28
670.204	26
670.425	25
670.645	16
670.865	23
671.085	23
671.305	28
671.525	28
671.745	15
671.965	31
672.185	22
672.405	31
672.626	13
672.846	18
673.066	24
673.286	17
673.506	20
673.726	25
673.946	17
674.166	28
674.386	25
674.606	30
674.827	23
675.047	20
675.267	31
675.487	19
675.707	29
675.927	18
676.147	21
676.367	19
676.587	16
676.808	22
677.028	17
677.248	14
677.468	23
677.688	17
677.908	22
678.128	22
678.348	26
678.568	12
678.788	20
679.008	29
679.229	31
679.449	18
679.669	19
679.889	29
680.109	22
680.329	21
680.549	25
680.769	20
680.989	24
681.209	18
681.43	24
681.65	18
681.87	19
682.09	17
682.31	13
682.53	26
682.75	14
682.97	21
683.19	24
683.41	25
683.631	29
683.851	27
684.071	20
684.291	20
684.511	23
684.731	29
684.951	18
685.171	14
685.391	21
685.611	17
685.832	25
686.052	21
686.272	18
686.492	19
686.712	27
686.932	19
687.152	13
687.372	24
687.592	27
687.813	24
688.033	14
688.253	25
688.473	27
688.693	25
688.913	18
689.133	14
689.353	18
689.573	17
689.793	17
690.014	18
690.234	29
690.454	16
690.674	18
690.894	21
691.114	27
691.334	23
691.554	26
691.774	18
691.994	25
692.214	24
692.435	30
692.655	25
692.875	21
693.095	30
693.315	20
693.535	20
693.755	27
693.975	24
694.195	21
694.415	25
694.636	19
694.856	10
695.076	18
695.296	16
695.516	19
695.736	15
695.956	21
696.176	15
696.396	16
696.616	12
696.837	13
697.057	20
697.277	18
697.497	7
697.717	15
697.937	20
698.157	11
698.377	10
698.597	14
698.818	15
699.038	12
699.258	9
699.478	7
699.698	9
699.918	10
700.138	9
700.358	16
700.578	7
700.798	13
701.019	8
701.239	10
701.459	16
701.679	12
701.899	5
702.119	10
702.339	13
702.559	8
702.779	11
702.999	13
703.219	11
703.44	19
703.66	12
703.88	6
704.1	17
704.32	14
704.54	8
704.76	16
704.98	7
705.2	12
705.42	4
705.641	9
705.861	13
706.081	11
706.301	15
706.521	9
706.741	10
706.961	10
707.181	16
707.401	7
707.621	9
707.842	5
708.062	9
708.282	6
708.502	9
708.722	12
708.942	11
709.162	7
709.382	9
709.602	9
709.822	14
710.043	6
710.263	8
710.483	9
710.703	8
710.923	11
711.143	13
711.363	8
711.583	11
711.803	16
712.024	11
712.244	8
712.464	5
712.684	4
712.904	8
713.124	6
713.344	12
713.564	14
713.784	10
714.004	9
714.224	11
714.445	7
714.665	4
714.885	7
715.105	12
715.325	10
715.545	13
715.765	4
715.985	9
716.205	12
716.425	9
716.646	8
716.866	9
717.086	5
717.306	13
717.526	14
717.746	13
717.966	12
718.186	7
718.406	8
718.626	7
718.847	10
719.067	10
719.287	12
719.507	9
719.727	12
719.947	9
720.167	8
720.387	6
720.607	16
720.827	9
721.048	7
721.268	9
721.488	6
721.708	7
721.928	8
722.148	4
722.368	13
722.588	11
722.808	8
723.029	10
723.249	12
723.469	10
723.689	7
723.909	7
724.129	5
724.349	5
724.569	8
724.789	12
725.009	12
725.229	12
725.45	7
725.67	17
725.89	10
726.11	9
726.33	7
726.55	11
726.77	8
726.99	6
727.21	9
727.43	6
727.651	8
727.871	7
728.091	7
728.311	8
728.531	7
728.751	6
728.971	8
729.191	12
729.411	5
729.631	11
729.852	5
730.072	8
730.292	14
730.512	9
730.732	10
730.952	6
731.172	7
731.392	10
731.612	7
731.832	10
732.053	13
732.273	7
732.493	4
732.713	5
732.933	8
733.153	7
733.373	6
733.593	8
733.813	10
734.034	10
734.254	6
734.474	10
734.694	3
734.914	6
735.134	5
735.354	5
735.574	4
735.794	5
736.014	10
736.234	9
736.455	8
736.675	11
736.895	8
737.115	4
737.335	11
737.555	8
737.775	5
737.995	9
738.215	10
738.435	7
738.656	8
738.876	6
739.096	8
739.316	6
739.536	9
739.756	8
739.976	7
740.196	17
740.416	6
740.636	4
740.857	12
741.077	8
741.297	6
741.517	5
741.737	6
741.957	10
742.177	11
742.397	10
742.617	4
742.837	9
743.058	13
743.278	8
743.498	3
743.718	8
743.938	5
744.158	7
744.378	7
744.598	8
744.818	9
745.039	10
745.259	4
745.479	7
745.699	9
745.919	12
746.139	4
746.359	5
746.579	6
746.799	7
747.019	7
747.24	9
747.46	7
747.68	6
747.9	4
748.12	5
748.34	6
748.56	5
748.78	3
749	7
749.22	7
749.44	4
749.661	4
749.881	12
750.101	6
750.321	10
750.541	5
750.761	6
750.981	5
751.201	10
751.421	7
751.641	9
751.862	5
752.082	8
752.302	7
752.522	6
752.742	11
752.962	4
753.182	7
753.402	10
753.622	7
753.842	9
754.063	11
754.283	9
754.503	5
754.723	2
754.943	7
755.163	11
755.383	8
755.603	6
755.823	8
756.043	11
756.264	7
756.484	5
756.704	11
756.924	6
757.144	5
757.364	6
757.584	7
757.804	5
758.024	6
758.245	8
758.465	5
758.685	4
758.905	8
759.125	8
759.345	6
759.565	11
759.785	5
760.005	8
760.225	1
760.445	10
760.666	5
760.886	6
761.106	6
761.326	10
761.546	7
761.766	3
761.986	8
762.206	7
762.426	5
762.646	5
762.867	7
763.087	7
763.307	6
763.527	6
763.747	8
763.967	7
764.187	11
764.407	8
764.627	7
764.847	7
765.068	3
765.288	6
765.508	4
765.728	8
765.948	6
766.168	3
766.388	6
766.608	2
766.828	13
767.048	7
767.269	9
767.489	4
767.709	6
767.929	4
768.149	5
768.369	5
768.589	7
768.809	4
769.029	8
769.25	4
769.47	8
769.69	9
769.91	5
770.13	6
770.35	7
770.57	2
770.79	3
771.01	1
771.23	4
771.45	7
771.671	8
771.891	4
772.111	8
772.331	9
772.551	2
772.771	3
772.991	10
773.211	8
773.431	1
773.651	11
773.872	9
774.092	5
774.312	9
774.532	8
774.752	5
774.972	2
775.192	7
775.412	8
775.632	5
775.852	6
776.073	7
776.293	6
776.513	7
776.733	7
776.953	6
777.173	7
777.393	2
777.613	11
777.833	4
778.053	9
778.274	8
778.494	4
778.714	7
778.934	9
779.154	1
779.374	8
779.594	3
779.814	10
780.034	2
780.255	10
780.475	4
780.695	5
780.915	9
781.135	2
781.355	6
781.575	4
781.795	7
782.015	5
782.235	8
782.455	5
782.676	4
782.896	2
783.116	9
783.336	7
783.556	8
783.776	12
783.996	4
784.216	3
784.436	9
784.656	5
784.877	4
785.097	5
785.317	3
785.537	6
785.757	4
785.977	7
786.197	4
786.417	8
786.637	9
786.857	4
787.078	9
787.298	11
787.518	4
787.738	2
787.958	7
788.178	8
788.398	7
788.618	4
788.838	7
789.058	4
789.279	7
789.499	4
789.719	3
789.939	5
790.159	6
790.379	7
790.599	2
790.819	6
791.039	6
791.26	3
791.48	6
791.7	8
791.92	9
792.14	9
792.36	8
792.58	6
792.8	3
793.02	8
793.24	9
793.46	8
793.681	4
793.901	2
794.121	4
794.341	5
794.561	5
794.781	4
795.001	4
795.221	10
795.441	9
795.661	7
795.882	3
796.102	2
796.322	8
796.542	7
796.762	7
796.982	4
797.202	4
797.422	7
797.642	5
797.862	7
798.083	6
798.303	4
798.523	8
798.743	4
798.963	3
799.183	10
799.403	13
799.623	4
799.843	4
800.063	11
800.284	4
800.504	4
800.724	6
800.944	7
801.164	4
801.384	5
801.604	7
801.824	3
802.044	6
802.265	2
802.485	2
802.705	7
802.925	4
803.145	6
803.365	2
803.585	4
803.805	3
804.025	4
804.245	7
804.466	6
804.686	9
804.906	2
805.126	2
805.346	5
805.566	2
805.786	2
806.006	6
806.226	4
806.446	5
806.666	0
806.887	4
807.107	1
807.327	6
807.547	5
807.767	4
807.987	4
808.207	8
808.427	1
808.647	4
808.867	4
809.088	9
809.308	3
809.528	5
809.748	4
809.968	1
810.188	7
810.408	9
810.628	7
810.848	5
811.068	5
811.289	4
811.509	2
811.729	7
811.949	6
812.169	9
812.389	4
812.609	4
812.829	5
813.049	6
813.269	8
813.49	7
813.71	7
813.93	8
814.15	3
814.37	6
814.59	6
814.81	6
815.03	5
815.25	7
815.471	6
815.691	3
815.911	6
816.131	2
816.351	3
816.571	6
816.791	8
817.011	6
817.231	3
817.451	4
817.671	6
817.892	5
818.112	4
818.332	7
818.552	3
818.772	5
818.992	3
819.212	2
819.432	8
819.652	9
819.872	5
820.093	8
820.313	2
820.533	5
820.753	2
820.973	3
821.193	7
821.413	10
821.633	0
821.853	2
822.073	4
822.294	3
822.514	5
822.734	3
822.954	7
823.174	4
823.394	5
823.614	8
823.834	5
824.054	6
824.274	8
824.495	4
824.715	7
824.935	7
825.155	7
825.375	2
825.595	4
825.815	5
826.035	5
826.255	3
826.476	10
826.696	6
826.916	7
827.136	8
827.356	3
827.576	4
827.796	5
828.016	3
828.236	6
828.456	9
828.676	5
828.897	5
829.117	6
829.337	9
829.557	4
829.777	4
829.997	3
830.217	7
830.437	7
830.657	3
830.877	4
831.098	5
831.318	6
831.538	6
831.758	6
831.978	8
832.198	3
832.418	8
832.638	4
832.858	6
833.078	4
833.299	7
833.519	5
833.739	3
833.959	4
834.179	1
834.399	2
834.619	5
834.839	3
835.059	3
835.279	1
835.5	4
835.72	6
835.94	8
836.16	4
836.38	7
836.6	2
836.82	3
837.04	4
837.26	10
837.481	6
837.701	5
837.921	4
838.141	1
838.361	7
838.581	4
838.801	3
839.021	7
839.241	2
839.461	4
839.681	6
839.902	6
840.122	7
840.342	5
840.562	4
840.782	10
841.002	7
841.222	7
841.442	1
841.662	4
841.882	7
842.103	4
842.323	4
842.543	2
842.763	1
842.983	7
843.203	5
843.423	4
843.643	3
843.863	3
844.083	6
844.304	3
844.524	5
844.744	4
844.964	3
845.184	8
845.404	5
845.624	7
845.844	8
846.064	3
846.284	6
846.505	4
846.725	3
846.945	2
847.165	4
847.385	6
847.605	7
847.825	8
848.045	3
848.265	7
848.486	5
848.706	3
848.926	8
849.146	5
849.366	4
849.586	3
849.806	3
850.026	3
850.246	3
850.466	7
850.686	2
850.907	4
851.127	8
851.347	7
851.567	5
851.787	6
852.007	6
852.227	4
852.447	2
852.667	8
852.887	5
853.108	4
853.328	4
853.548	8
853.768	3
853.988	4
854.208	4
854.428	3
854.648	4
854.868	2
855.088	3
855.309	3
855.529	2
855.749	1
855.969	3
856.189	8
856.409	7
856.629	6
856.849	1
857.069	1
857.289	3
857.51	2
857.73	6
857.95	5
858.17	6
858.39	4
858.61	3
858.83	2
859.05	6
859.27	2
859.491	3
859.711	5
859.931	5
860.151	4
860.371	4
860.591	6
860.811	8
861.031	4
861.251	1
861.471	3
861.691	7
861.912	1
862.132	5
862.352	5
862.572	6
862.792	5
863.012	4
863.232	5
863.452	4
863.672	1
863.892	4
864.113	3
864.333	4
864.553	6
864.773	4
864.993	2
865.213	6
865.433	3
865.653	4
865.873	4
866.093	9
866.314	5
866.534	3
866.754	3
866.974	4
867.194	3
867.414	3
867.634	1
867.854	4
868.074	4
868.294	1
868.515	2
868.735	4
868.955	0
869.175	7
869.395	10
869.615	3
869.835	5
870.055	3
870.275	6
870.495	5
870.716	6
870.936	8
871.156	6
871.376	5
871.596	4
871.816	6
872.036	4
872.256	4
872.476	6
872.697	2
872.917	2
873.137	7
873.357	2
873.577	6
873.797	1
874.017	4
874.237	1
874.457	4
874.677	5
874.897	2
875.118	2
875.338	1
875.558	2
875.778	6
875.998	8
876.218	7
876.438	5
876.658	3
876.878	5
877.098	2
877.319	1
877.539	5
877.759	0
877.979	4
878.199	7
878.419	4
878.639	8
878.859	3
879.079	6
879.299	3
879.52	3
879.74	3
879.96	3
880.18	1
880.4	0
880.62	5
880.84	1
881.06	3
881.28	4
881.5	2
881.721	2
881.941	3
882.161	9
882.381	1
882.601	5
882.821	7
883.041	5
883.261	5
883.481	4
883.702	3
883.922	6
884.142	2
884.362	6
884.582	2
884.802	5
885.022	4
885.242	5
885.462	3
885.682	3
885.902	3
886.123	3
886.343	3
886.563	3
886.783	4
887.003	2
887.223	6
887.443	3
887.663	3
887.883	3
888.103	2
888.324	6
888.544	4
888.764	4
888.984	6
889.204	3
889.424	3
889.644	3
889.864	1
890.084	5
890.304	3
890.525	2
890.745	3
890.965	4
891.185	3
891.405	8
891.625	3
891.845	4
892.065	3
892.285	4
892.505	3
892.726	6
892.946	3
893.166	5
893.386	2
893.606	1
893.826	1
894.046	6
894.266	1
894.486	2
894.707	1
894.927	2
895.147	2
895.367	5
895.587	3
895.807	3
896.027	3
896.247	1
896.467	0
896.687	3
896.907	4
897.128	7
897.348	1
897.568	2
897.788	4
898.008	2
898.228	3
898.448	5
898.668	4
898.888	3
899.108	4
899.329	3
899.549	4
899.769	2
899.989	3
900.209	4
900.429	4
900.649	0
900.869	4
901.089	3
901.309	3
901.53	5
901.75	3
901.97	5
902.19	4
902.41	0
902.63	3
902.85	2
903.07	2
903.29	4
903.51	3
903.731	3
903.951	2
904.171	3
904.391	3
904.611	6
904.831	5
905.051	2
905.271	6
905.491	3
905.712	3
905.932	2
906.152	6
906.372	5
906.592	2
906.812	3
907.032	0
907.252	4
907.472	1
907.692	1
907.912	4
908.133	5
908.353	4
908.573	3
908.793	1
909.013	4
909.233	5
909.453	3
909.673	5
909.893	1
910.113	3
910.334	2
910.554	2
910.774	2
910.994	3
911.214	3
911.434	1
911.654	5
911.874	1
912.094	6
912.314	1
912.535	2
912.755	1
912.975	5
913.195	1
913.415	2
913.635	4
913.855	2
914.075	3
914.295	3
914.515	2
914.736	3
914.956	3
915.176	2
915.396	4
915.616	2
915.836	2
916.056	5
916.276	4
916.496	4
916.717	3
916.937	2
917.157	1
917.377	3
917.597	2
917.817	3
918.037	5
918.257	7
918.477	2
918.697	5
918.917	3
919.138	4
919.358	3
919.578	1
919.798	3
920.018	0
920.238	3
920.458	5
920.678	2
920.898	1
921.118	3
921.339	0
921.559	3
921.779	3
921.999	2
922.219	3
922.439	5
922.659	2
922.879	4
923.099	2
923.319	4
923.54	5
923.76	5
923.98	6
924.2	3
924.42	0
924.64	2
924.86	3
925.08	5
925.3	3
925.52	3
925.741	2
925.961	3
926.181	4
926.401	3
926.621	2
926.841	5
927.061	4
927.281	1
927.501	2
927.721	2
927.942	1
928.162	1
928.382	3
928.602	6
928.822	0
929.042	1
929.262	5
929.482	1
929.702	2
929.923	4
930.143	5
930.363	3
930.583	3
930.803	4
931.023	4
931.243	1
931.463	1
931.683	2
931.903	0
932.123	3
932.344	4
932.564	2
932.784	6
933.004	0
933.224	1
933.444	1
933.664	3
933.884	4
934.104	0
934.324	1
934.545	4
934.765	4
934.985	2
935.205	3
935.425	4
935.645	2
935.865	5
936.085	2
936.305	0
936.525	2
936.746	3
936.966	1
937.186	4
937.406	2
937.626	3
937.846	3
938.066	1
938.286	0
938.506	6
938.726	3
938.947	6
939.167	7
939.387	1
939.607	2
939.827	2
940.047	0
940.267	3
940.487	1
940.707	5
940.928	1
941.148	2
941.368	4
941.588	2
941.808	1
942.028	1
942.248	3
942.468	3
942.688	1
942.908	3
943.128	1
943.349	2
943.569	1
943.789	2
944.009	4
944.229	4
944.449	2
944.669	1
944.889	3
945.109	4
945.329	2
945.55	4
945.77	7
945.99	3
946.21	1
946.43	5
946.65	5
946.87	1
947.09	4
947.31	0
947.53	3
947.751	2
947.971	1
948.191	3
948.411	7
948.631	2
948.851	4
949.071	5
949.291	1
949.511	3
949.731	4
949.952	2
950.172	2
950.392	3
950.612	4
950.832	2
951.052	5
951.272	7
951.492	4
951.712	3
951.933	3
952.153	3
952.373	6
952.593	2
952.813	3
953.033	2
953.253	3
953.473	3
953.693	1
953.913	2
954.133	0
954.354	3
954.574	4
954.794	2
955.014	6
955.234	2
955.454	3
955.674	5
955.894	1
956.114	2
956.334	5
956.555	1
956.775	4
956.995	1
957.215	2
957.435	4
957.655	1
957.875	2
958.095	4
958.315	3
958.535	4
958.756	2
958.976	5
959.196	3
959.416	4
959.636	0
959.856	3
960.076	5
960.296	0
960.516	5
960.736	2
960.957	2
961.177	1
961.397	2
961.617	5
961.837	1
962.057	2
962.277	3
962.497	1
962.717	3
962.938	1
963.158	3
963.378	3
963.598	1
963.818	2
964.038	2
964.258	0
964.478	2
964.698	2
964.918	3
965.138	3
965.359	1
965.579	1
965.799	7
966.019	1
966.239	8
966.459	4
966.679	6
966.899	3
967.119	1
967.339	2
967.56	4
967.78	2
968	1
968.22	3
968.44	0
968.66	0
968.88	1
969.1	2
969.32	2
969.54	5
969.761	1
969.981	4
970.201	5
970.421	3
970.641	4
970.861	6
971.081	1
971.301	2
971.521	2
971.741	1
971.962	2
972.182	0
972.402	1
972.622	5
972.842	0
973.062	3
973.282	2
973.502	2
973.722	5
973.943	2
974.163	2
974.383	4
974.603	1
974.823	3
975.043	1
975.263	1
975.483	2
975.703	2
975.923	3
976.143	1
976.364	1
976.584	0
976.804	3
977.024	5
977.244	4
977.464	3
977.684	1
977.904	3
978.124	4
978.344	2
978.565	2
978.785	1
979.005	1
979.225	3
979.445	0
979.665	2
979.885	1
980.105	1
980.325	0
980.545	2
980.766	3
980.986	0
981.206	0
981.426	5
981.646	3
981.866	1
982.086	3
982.306	4
982.526	1
982.746	1
982.967	4
983.187	5
983.407	4
983.627	2
983.847	1
984.067	0
984.287	2
984.507	3
984.727	1
984.947	4
985.168	4
985.388	3
985.608	3
985.828	0
986.048	2
986.268	4
986.488	3
986.708	3
986.928	3
987.148	3
987.369	1
987.589	2
987.809	1
988.029	6
988.249	4
988.469	0
988.689	1
988.909	3
989.129	1
989.349	3
989.57	6
989.79	3
990.01	4
990.23	0
990.45	3
990.67	2
990.89	1
991.11	2
991.33	2
991.55	0
991.771	1
991.991	7
992.211	3
992.431	1
992.651	1
992.871	2
993.091	4
993.311	4
993.531	3
993.751	3
993.972	3
994.192	2
994.412	0
994.632	2
994.852	2
995.072	2
995.292	3
995.512	4
995.732	1
995.952	1
996.173	1
996.393	2
996.613	1
996.833	4
997.053	3
997.273	1
997.493	0
997.713	4
997.933	2
998.154	0
998.374	0
998.594	4
998.814	3
999.034	2
999.254	2
999.474	2
999.694	1
999.914	1
1000.13	0
1000.35	4
1000.57	3
1000.79	1
1001.01	4
1001.23	2
1001.45	1
1001.68	4
1001.9	2
1002.12	6
1002.34	0
1002.56	2
1002.78	3
1003	1
1003.22	4
1003.44	1
1003.66	4
1003.88	2
1004.1	4
1004.32	8
1004.54	3
1004.76	0
1004.98	4
1005.2	0
1005.42	0
1005.64	1
1005.86	3
1006.08	2
1006.3	1
1006.52	1
1006.74	1
1006.96	2
1007.18	3
1007.4	3
1007.62	2
1007.84	2
1008.06	0
1008.28	2
1008.5	4
1008.72	2
1008.94	0
1009.16	5
1009.38	3
1009.6	3
1009.82	2
1010.04	1
1010.26	3
1010.48	0
1010.7	0
1010.92	4
1011.14	4
1011.36	1
1011.58	4
1011.8	3
1012.02	0
1012.24	2
1012.46	1
1012.68	2
1012.9	4
1013.12	2
1013.34	3
1013.56	0
1013.78	2
1014	0
1014.22	1
1014.44	1
1014.66	3
1014.88	0
1015.1	1
1015.32	0
1015.54	3
1015.76	1
1015.98	3
1016.2	3
1016.42	2
1016.64	2
1016.86	3
1017.08	3
1017.3	4
1017.52	1
1017.74	1
1017.96	2
1018.18	2
1018.4	1
1018.62	1
1018.84	4
1019.06	4
1019.28	0
1019.5	1
1019.72	1
1019.94	3
1020.16	2
1020.38	2
1020.6	4
1020.82	4
1021.04	4
1021.26	2
1021.48	0
1021.7	0
1021.92	3
1022.14	1
1022.36	2
1022.58	2
1022.8	0
1023.02	2
1023.24	3
1023.46	1
1023.69	2
1023.91	0
1024.13	1
1024.35	1
1024.57	1
1024.79	3
1025.01	2
1025.23	3
1025.45	1
1025.67	1
1025.89	5
1026.11	2
1026.33	2
1026.55	1
1026.77	2
1026.99	0
1027.21	0
1027.43	1
1027.65	3
1027.87	3
1028.09	3
1028.31	0
1028.53	1
1028.75	3
1028.97	1
1029.19	7
1029.41	3
1029.63	1
1029.85	2
1030.07	4
1030.29	1
1030.51	0
1030.73	6
1030.95	0
1031.17	3
1031.39	0
1031.61	3
1031.83	0
1032.05	1
1032.27	1
1032.49	6
1032.71	0
1032.93	1
1033.15	3
1033.37	3
1033.59	2
1033.81	1
1034.03	0
1034.25	4
1034.47	3
1034.69	1
1034.91	1
1035.13	2
1035.35	0
1035.57	2
1035.79	1
1036.01	0
1036.23	4
1036.45	1
1036.67	3
1036.89	0
1037.11	1
1037.33	3
1037.55	4
1037.77	0
1037.99	2
1038.21	4
1038.43	1
1038.65	3
1038.87	3
1039.09	2
1039.31	1
1039.53	1
1039.75	1
1039.97	6
1040.19	1
1040.41	1
1040.63	1
1040.85	3
1041.07	1
1041.29	0
1041.51	0
1041.73	0
1041.95	1
1042.17	0
1042.39	1
1042.61	0
1042.83	4
1043.05	2
1043.27	1
1043.49	2
1043.71	1
1043.93	1
1044.15	0
1044.37	1
1044.59	0
1044.81	1
1045.03	2
1045.25	1
1045.47	1
1045.7	3
1045.92	3
1046.14	0
1046.36	1
1046.58	1
1046.8	1
1047.02	2
1047.24	2
1047.46	3
1047.68	2
1047.9	0
1048.12	0
1048.34	1
1048.56	2
1048.78	4
1049	1
1049.22	3
1049.44	5
1049.66	3
1049.88	1
1050.1	1
1050.32	1
1050.54	1
1050.76	1
1050.98	4
1051.2	3
1051.42	3
1051.64	2
1051.86	6
1052.08	1
1052.3	3
1052.52	2
1052.74	2
1052.96	3
1053.18	2
1053.4	1
1053.62	1
1053.84	1
1054.06	1
1054.28	1
1054.5	1
1054.72	1
1054.94	4
1055.16	1
1055.38	3
1055.6	0
1055.82	2
1056.04	2
1056.26	3
1056.48	4
1056.7	2
1056.92	0
1057.14	4
1057.36	3
1057.58	3
1057.8	0
1058.02	3
1058.24	1
1058.46	4
1058.68	2
1058.9	0
1059.12	3
1059.34	0
1059.56	2
1059.78	1
1060	2
1060.22	4
1060.44	6
1060.66	1
1060.88	5
1061.1	1
1061.32	3
1061.54	1
1061.76	2
1061.98	1
1062.2	4
1062.42	2
1062.64	4
1062.86	0
1063.08	1
1063.3	1
1063.52	4
1063.74	2
1063.96	2
1064.18	3
1064.4	1
1064.62	3
1064.84	2
1065.06	2
1065.28	2
1065.5	1
1065.72	1
1065.94	2
1066.16	4
1066.38	2
1066.6	1
1066.82	3
1067.04	2
1067.26	2
1067.48	1
1067.71	2
1067.93	0
1068.15	3
1068.37	2
1068.59	2
1068.81	2
1069.03	0
1069.25	2
1069.47	3
1069.69	0
1069.91	2
1070.13	0
1070.35	1
1070.57	1
1070.79	4
1071.01	1
1071.23	1
1071.45	1
1071.67	3
1071.89	1
1072.11	5
1072.33	1
1072.55	1
1072.77	1
1072.99	3
1073.21	1
1073.43	1
1073.65	0
1073.87	0
1074.09	3
1074.31	1
1074.53	0
1074.75	0
1074.97	4
1075.19	2
1075.41	1
1075.63	1
1075.85	2
1076.07	0
1076.29	0
1076.51	1
1076.73	2
1076.95	1
1077.17	1
1077.39	1
1077.61	1
1077.83	3
1078.05	1
1078.27	1
1078.49	0
1078.71	4
1078.93	1
1079.15	3
1079.37	3
1079.59	2
1079.81	2
1080.03	2
1080.25	2
1080.47	5
1080.69	0
1080.91	1
1081.13	2
1081.35	0
1081.57	1
1081.79	0
1082.01	1
1082.23	4
1082.45	0
1082.67	2
1082.89	1
1083.11	3
1083.33	3
1083.55	0
1083.77	1
1083.99	3
1084.21	2
1084.43	2
1084.65	0
1084.87	0
1085.09	3
1085.31	0
1085.53	2
1085.75	1
1085.97	2
1086.19	1
1086.41	4
1086.63	2
1086.85	2
1087.07	2
1087.29	4
1087.51	1
1087.73	1
1087.95	0
1088.17	1
1088.39	2
1088.61	1
1088.83	3
1089.05	4
1089.27	2
1089.49	3
1089.72	2
1089.94	1
1090.16	1
1090.38	1
1090.6	3
1090.82	2
1091.04	1
1091.26	2
1091.48	1
1091.7	0
1091.92	3
1092.14	2
1092.36	3
1092.58	1
1092.8	1
1093.02	1
1093.24	1
1093.46	0
1093.68	0
1093.9	1
1094.12	0
1094.34	3
1094.56	1
1094.78	1
1095	4
1095.22	2
1095.44	3
1095.66	2
1095.88	2
1096.1	2
1096.32	4
1096.54	1
1096.76	3
1096.98	3
1097.2	1
1097.42	0
1097.64	3
1097.86	1
1098.08	1
1098.3	1
1098.52	5
1098.74	1
1098.96	1
1099.18	0
1099.4	3
1099.62	2
1099.84	1
1100.06	2
1100.28	3
1100.5	1
1100.72	0
1100.94	1
1101.16	2
1101.38	2
1101.6	1
1101.82	2
1102.04	0
1102.26	1
1102.48	1
1102.7	3
1102.92	3
1103.14	1
1103.36	2
1103.58	0
1103.8	1
1104.02	4
1104.24	1
1104.46	0
1104.68	0
1104.9	1
1105.12	0
1105.34	0
1105.56	3
1105.78	2
1106	3
1106.22	3
1106.44	2
1106.66	0
1106.88	2
1107.1	2
1107.32	0
1107.54	2
1107.76	0
1107.98	1
1108.2	0
1108.42	2
1108.64	0
1108.86	0
1109.08	4
1109.3	3
1109.52	2
1109.74	1
1109.96	3
1110.18	3
1110.4	1
1110.62	4
1110.84	0
1111.06	0
1111.28	3
1111.5	2
1111.73	1
1111.95	1
1112.17	0
1112.39	1
1112.61	2
1112.83	2
1113.05	5
1113.27	3
1113.49	2
1113.71	0
1113.93	2
1114.15	5
1114.37	2
1114.59	3
1114.81	0
1115.03	2
1115.25	0
1115.47	1
1115.69	0
1115.91	0
1116.13	4
1116.35	3
1116.57	1
1116.79	0
1117.01	2
1117.23	1
1117.45	3
1117.67	1
1117.89	1
1118.11	2
1118.33	4
1118.55	3
1118.77	1
1118.99	1
1119.21	0
1119.43	0
1119.65	1
1119.87	1
1120.09	3
1120.31	0
1120.53	1
1120.75	0
1120.97	1
1121.19	2
1121.41	5
1121.63	1
1121.85	0
1122.07	0
1122.29	1
1122.51	0
1122.73	1
1122.95	1
1123.17	0
1123.39	2
1123.61	3
1123.83	1
1124.05	1
1124.27	0
1124.49	3
1124.71	1
1124.93	1
1125.15	2
1125.37	1
1125.59	1
1125.81	4
1126.03	3
1126.25	2
1126.47	0
1126.69	0
1126.91	2
1127.13	2
1127.35	2
1127.57	1
1127.79	1
1128.01	1
1128.23	1
1128.45	1
1128.67	1
1128.89	3
1129.11	0
1129.33	0
1129.55	0
1129.77	1
1129.99	2
1130.21	1
1130.43	0
1130.65	0
1130.87	0
1131.09	3
1131.31	3
1131.53	3
1131.75	2
1131.97	1
1132.19	1
1132.41	2
1132.63	3
1132.85	0
1133.07	1
1133.29	3
1133.51	0
1133.74	1
1133.96	3
1134.18	2
1134.4	0
1134.62	1
1134.84	0
1135.06	1
1135.28	2
1135.5	2
1135.72	3
1135.94	5
1136.16	3
1136.38	4
1136.6	2
1136.82	3
1137.04	0
1137.26	1
1137.48	0
1137.7	1
1137.92	1
1138.14	1
1138.36	2
1138.58	1
1138.8	0
1139.02	1
1139.24	3
1139.46	1
1139.68	1
1139.9	1
1140.12	0
1140.34	1
1140.56	1
1140.78	1
1141	2
1141.22	4
1141.44	3
1141.66	0
1141.88	1
1142.1	0
1142.32	3
1142.54	0
1142.76	4
1142.98	2
1143.2	0
1143.42	1
1143.64	1
1143.86	1
1144.08	1
1144.3	2
1144.52	2
1144.74	0
1144.96	1
1145.18	1
1145.4	2
1145.62	1
1145.84	0
1146.06	0
1146.28	1
1146.5	2
1146.72	1
1146.94	1
1147.16	0
1147.38	1
1147.6	0
1147.82	1
1148.04	0
1148.26	4
1148.48	1
1148.7	0
1148.92	2
1149.14	0
1149.36	0
1149.58	0
1149.8	1
1150.02	1
1150.24	0
1150.46	1
1150.68	1
1150.9	0
1151.12	0
1151.34	1
1151.56	0
1151.78	4
1152	1
1152.22	1
1152.44	1
1152.66	1
1152.88	0
1153.1	1
1153.32	2
1153.54	1
1153.76	1
1153.98	0
1154.2	1
1154.42	1
1154.64	1
1154.86	1
1155.08	2
1155.3	0
1155.52	2
1155.75	0
1155.97	1
1156.19	2
1156.41	1
1156.63	1
1156.85	0
1157.07	0
1157.29	1
1157.51	0
1157.73	1
1157.95	1
1158.17	1
1158.39	1
1158.61	1
1158.83	0
1159.05	1
1159.27	0
1159.49	0
1159.71	0
1159.93	0
1160.15	0
1160.37	1
1160.59	1
1160.81	0
1161.03	1
1161.25	2
1161.47	1
1161.69	1
1161.91	1
1162.13	0
1162.35	1
1162.57	1
1162.79	0
1163.01	2
1163.23	0
1163.45	2
1163.67	1
1163.89	1
1164.11	0
1164.33	1
1164.55	2
1164.77	4
1164.99	0
1165.21	0
1165.43	1
1165.65	2
1165.87	2
1166.09	0
1166.31	0
1166.53	1
1166.75	1
1166.97	0
1167.19	0
1167.41	0
1167.63	2
1167.85	1
1168.07	2
1168.29	0
1168.51	0
1168.73	1
1168.95	0
1169.17	0
1169.39	1
1169.61	2
1169.83	0
1170.05	0
1170.27	1
1170.49	1
1170.71	0
1170.93	1
1171.15	0
1171.37	0
1171.59	2
1171.81	1
1172.03	2
1172.25	0
1172.47	0
1172.69	0
1172.91	3
1173.13	2
1173.35	2
1173.57	0
1173.79	1
1174.01	1
1174.23	0
1174.45	0
1174.67	1
1174.89	2
1175.11	4
1175.33	9
1175.55	6
1175.77	15
1175.99	11
1176.21	17
1176.43	13
1176.65	12
1176.87	17
1177.09	11
1177.31	5
1177.53	1
1177.76	1
1177.98	4
1178.2	3
1178.42	1
1178.64	0
1178.86	1
1179.08	0
1179.3	3
1179.52	2
1179.74	0
1179.96	2
1180.18	0
1180.4	0
1180.62	1
1180.84	1
1181.06	0
1181.28	0
1181.5	0
1181.72	1
1181.94	2
1182.16	2
1182.38	2
1182.6	0
1182.82	0
1183.04	1
1183.26	1
1183.48	0
1183.7	0
1183.92	2
1184.14	1
1184.36	2
1184.58	2
1184.8	1
1185.02	0
1185.24	1
1185.46	2
1185.68	1
1185.9	0
1186.12	0
1186.34	0
1186.56	0
1186.78	0
1187	2
1187.22	0
1187.44	0
1187.66	1
1187.88	0
1188.1	1
1188.32	2
1188.54	1
1188.76	2
1188.98	2
1189.2	0
1189.42	1
1189.64	1
1189.86	2
1190.08	0
1190.3	0
1190.52	0
1190.74	1
1190.96	1
1191.18	2
1191.4	0
1191.62	0
1191.84	0
1192.06	1
1192.28	0
1192.5	1
1192.72	1
1192.94	0
1193.16	0
1193.38	1
1193.6	0
1193.82	0
1194.04	1
1194.26	0
1194.48	1
1194.7	1
1194.92	0
1195.14	2
1195.36	0
1195.58	0
1195.8	0
1196.02	1
1196.24	1
1196.46	0
1196.68	1
1196.9	0
1197.12	0
1197.34	2
1197.56	0
1197.78	1
1198	1
1198.22	0
1198.44	1
1198.66	0
1198.88	0
1199.1	2
1199.32	0
1199.54	1
1199.77	0
1199.99	0
1200.21	0
1200.43	0
1200.65	1
1200.87	0
1201.09	0
1201.31	0
1201.53	0
1201.75	1
1201.97	0
1202.19	1
1202.41	0
1202.63	0
1202.85	1
1203.07	0
1203.29	2
1203.51	0
1203.73	1
1203.95	1
1204.17	2
1204.39	1
1204.61	2
1204.83	0
1205.05	1
1205.27	0
1205.49	0
1205.71	1
1205.93	1
1206.15	0
1206.37	2
1206.59	1
1206.81	1
1207.03	1
1207.25	0
1207.47	1
1207.69	1
1207.91	1
1208.13	1
1208.35	0
1208.57	0
1208.79	0
1209.01	2
1209.23	2
1209.45	0
1209.67	2
1209.89	1
1210.11	0
1210.33	0
1210.55	0
1210.77	1
1210.99	0
1211.21	2
1211.43	0
1211.65	0
1211.87	1
1212.09	0
1212.31	0
1212.53	0
1212.75	1
1212.97	2
1213.19	1
1213.41	1
1213.63	0
1213.85	2
1214.07	1
1214.29	3
1214.51	1
1214.73	0
1214.95	2
1215.17	4
1215.39	3
1215.61	0
1215.83	1
1216.05	1
1216.27	2
1216.49	1
1216.71	1
1216.93	0
1217.15	0
1217.37	0
1217.59	1
1217.81	1
1218.03	1
1218.25	0
1218.47	1
1218.69	1
1218.91	1
1219.13	0
1219.35	1
1219.57	2
1219.79	0
1220.01	0
1220.23	0
1220.45	0
1220.67	1
1220.89	0
1221.11	0
1221.33	1
1221.55	0
1221.78	1
1222	1
1222.22	2
1222.44	1
1222.66	0
1222.88	0
1223.1	0
1223.32	1
1223.54	1
1223.76	0
1223.98	0
1224.2	0
1224.42	0
1224.64	0
1224.86	0
1225.08	0
1225.3	1
1225.52	0
1225.74	0
1225.96	1
1226.18	2
1226.4	0
1226.62	1
1226.84	0
1227.06	1
1227.28	1
1227.5	0
1227.72	0
1227.94	0
1228.16	1
1228.38	0
1228.6	1
1228.82	1
1229.04	0
1229.26	1
1229.48	0
1229.7	0
1229.92	0
1230.14	2
1230.36	0
1230.58	2
1230.8	0
1231.02	0
1231.24	0
1231.46	0
1231.68	0
1231.9	0
1232.12	0
1232.34	1
1232.56	1
1232.78	0
1233	0
1233.22	0
1233.44	0
1233.66	2
1233.88	0
1234.1	0
1234.32	0
1234.54	0
1234.76	1
1234.98	0
1235.2	0
1235.42	1
1235.64	1
1235.86	1
1236.08	1
1236.3	0
1236.52	0
1236.74	3
1236.96	0
1237.18	2
1237.4	0
1237.62	1
1237.84	0
1238.06	1
1238.28	0
1238.5	3
1238.72	1
1238.94	1
1239.16	0
1239.38	1
1239.6	0
1239.82	0
1240.04	1
1240.26	0
1240.48	1
1240.7	0
1240.92	0
1241.14	1
1241.36	0
1241.58	1
1241.8	0
1242.02	1
1242.24	0
1242.46	0
1242.68	0
1242.9	1
1243.12	2
1243.34	0
1243.57	0
1243.79	1
1244.01	0
1244.23	0
1244.45	0
1244.67	1
1244.89	0
1245.11	0
1245.33	0
1245.55	1
1245.77	0
1245.99	0
1246.21	0
1246.43	0
1246.65	1
1246.87	0
1247.09	2
1247.31	2
1247.53	1
1247.75	1
1247.97	0
1248.19	1
1248.41	0
1248.63	0
1248.85	0
1249.07	1
1249.29	1
1249.51	2
1249.73	1
1249.95	0
1250.17	1
1250.39	0
1250.61	0
1250.83	2
1251.05	0
1251.27	0
1251.49	1
1251.71	0
1251.93	0
1252.15	0
1252.37	0
1252.59	0
1252.81	0
1253.03	0
1253.25	0
1253.47	1
1253.69	1
1253.91	0
1254.13	0
1254.35	0
1254.57	3
1254.79	2
1255.01	2
1255.23	1
1255.45	0
1255.67	1
1255.89	0
1256.11	2
1256.33	0
1256.55	1
1256.77	0
1256.99	0
1257.21	0
1257.43	1
1257.65	0
1257.87	0
1258.09	0
1258.31	1
1258.53	1
1258.75	0
1258.97	0
1259.19	0
1259.41	1
1259.63	0
1259.85	1
1260.07	1
1260.29	2
1260.51	0
1260.73	1
1260.95	0
1261.17	1
1261.39	1
1261.61	5
1261.83	0
1262.05	0
1262.27	1
1262.49	1
1262.71	1
1262.93	1
1263.15	1
1263.37	1
1263.59	0
1263.81	0
1264.03	1
1264.25	2
1264.47	1
1264.69	1
1264.91	0
1265.13	1
1265.35	1
1265.58	0
1265.8	1
1266.02	1
1266.24	0
1266.46	0
1266.68	0
1266.9	0
1267.12	1
1267.34	0
1267.56	0
1267.78	0
1268	1
1268.22	1
1268.44	1
1268.66	0
1268.88	0
1269.1	1
1269.32	1
1269.54	3
1269.76	1
1269.98	0
1270.2	0
1270.42	0
1270.64	0
1270.86	0
1271.08	1
1271.3	0
1271.52	0
1271.74	0
1271.96	1
1272.18	0
1272.4	0
1272.62	1
1272.84	0
1273.06	1
1273.28	0
1273.5	2
1273.72	0
1273.94	1
1274.16	1
1274.38	1
1274.6	4
1274.82	0
1275.04	1
1275.26	0
1275.48	1
1275.7	0
1275.92	1
1276.14	0
1276.36	0
1276.58	0
1276.8	0
1277.02	0
1277.24	0
1277.46	0
1277.68	0
1277.9	1
1278.12	1
1278.34	0
1278.56	1
1278.78	1
1279	1
1279.22	1
1279.44	1
1279.66	2
1279.88	1
1280.1	0
1280.32	2
1280.54	0
1280.76	1
1280.98	0
1281.2	3
1281.42	0
1281.64	1
1281.86	0
1282.08	0
1282.3	1
1282.52	0
1282.74	1
1282.96	1
1283.18	0
1283.4	1
1283.62	0
1283.84	0
1284.06	2
1284.28	0
1284.5	0
1284.72	0
1284.94	0
1285.16	1
1285.38	1
1285.6	2
1285.82	0
1286.04	0
1286.26	1
1286.48	0
1286.7	0
1286.92	0
1287.14	1
1287.36	3
1287.59	0
1287.81	0
1288.03	0
1288.25	0
1288.47	0
1288.69	0
1288.91	0
1289.13	0
1289.35	0
1289.57	0
1289.79	2
1290.01	0
1290.23	0
1290.45	0
1290.67	1
1290.89	2
1291.11	0
1291.33	0
1291.55	0
1291.77	1
1291.99	1
1292.21	0
1292.43	2
1292.65	0
1292.87	0
1293.09	1
1293.31	0
1293.53	1
1293.75	0
1293.97	5
1294.19	2
1294.41	1
1294.63	0
1294.85	1
1295.07	3
1295.29	2
1295.51	3
1295.73	0
1295.95	3
1296.17	0
1296.39	0
1296.61	1
1296.83	0
1297.05	2
1297.27	1
1297.49	0
1297.71	2
1297.93	0
1298.15	1
1298.37	3
1298.59	1
1298.81	0
1299.03	1
1299.25	0
1299.47	0
1299.69	1
1299.91	1
1300.13	0
1300.35	1
1300.57	0
1300.79	2
1301.01	0
1301.23	0
1301.45	1
1301.67	0
1301.89	0
1302.11	2
1302.33	0
1302.55	0
1302.77	0
1302.99	1
1303.21	1
1303.43	0
1303.65	0
1303.87	1
1304.09	1
1304.31	0
1304.53	0
1304.75	0
1304.97	1
1305.19	1
1305.41	0
1305.63	0
1305.85	0
1306.07	2
1306.29	1
1306.51	0
1306.73	0
1306.95	1
1307.17	3
1307.39	1
1307.61	0
1307.83	0
1308.05	0
1308.27	0
1308.49	0
1308.71	2
1308.93	0
1309.15	2
1309.37	3
1309.6	0
1309.82	0
1310.04	2
1310.26	1
1310.48	0
1310.7	0
1310.92	0
1311.14	0
1311.36	0
1311.58	1
1311.8	2
1312.02	1
1312.24	2
1312.46	0
1312.68	1
1312.9	2
1313.12	1
1313.34	1
1313.56	1
1313.78	2
1314	2
1314.22	0
1314.44	1
1314.66	0
1314.88	3
1315.1	1
1315.32	0
1315.54	3
1315.76	1
1315.98	2
1316.2	0
1316.42	1
1316.64	4
1316.86	1
1317.08	1
1317.3	1
1317.52	0
1317.74	1
1317.96	1
1318.18	1
1318.4	1
1318.62	0
1318.84	2
1319.06	2
1319.28	0
1319.5	4
1319.72	1
1319.94	0
1320.16	0
1320.38	1
1320.6	3
1320.82	0
1321.04	1
1321.26	2
1321.48	1
1321.7	1
1321.92	2
1322.14	0
1322.36	0
1322.58	0
1322.8	0
1323.02	3
1323.24	0
1323.46	3
1323.68	1
1323.9	1
1324.12	2
1324.34	3
1324.56	4
1324.78	1
1325	0
1325.22	2
1325.44	2
1325.66	1
1325.88	2
1326.1	3
1326.32	1
1326.54	1
1326.76	4
1326.98	3
1327.2	1
1327.42	1
1327.64	2
1327.86	3
1328.08	1
1328.3	0
1328.52	0
1328.74	0
1328.96	1
1329.18	0
1329.4	0
1329.62	0
1329.84	0
1330.06	2
1330.28	0
1330.5	0
1330.72	0
1330.94	0
1331.16	0
1331.38	0
1331.61	0
1331.83	0
1332.05	0
1332.27	0
1332.49	0
1332.71	0
1332.93	0
1333.15	0
1333.37	0
1333.59	0
1333.81	1
1334.03	0
1334.25	0
1334.47	0
1334.69	1
1334.91	2
1335.13	2
1335.35	2
1335.57	6
1335.79	6
1336.01	9
1336.23	12
1336.45	10
1336.67	10
1336.89	7
1337.11	8
1337.33	9
1337.55	7
1337.77	6
1337.99	3
1338.21	3
1338.43	1
1338.65	0
1338.87	1
1339.09	2
1339.31	1
1339.53	0
1339.75	0
1339.97	0
1340.19	0
1340.41	0
1340.63	0
1340.85	0
1341.07	0
1341.29	0
1341.51	0
1341.73	0
1341.95	0
1342.17	0
1342.39	0
1342.61	0
1342.83	0
1343.05	0
1343.27	0
1343.49	0
1343.71	0
1343.93	0
1344.15	0
1344.37	0
1344.59	0
1344.81	0
1345.03	0
1345.25	0
1345.47	0
1345.69	0
1345.91	0
1346.13	0
1346.35	0
1346.57	0
1346.79	0
1347.01	0
1347.23	1
1347.45	0
1347.67	0
1347.89	0
1348.11	0
1348.33	0
1348.55	0
1348.77	0
1348.99	0
1349.21	1
1349.43	0
1349.65	0
1349.87	0
1350.09	0
1350.31	0
1350.53	0
1350.75	0
1350.97	0
1351.19	0
1351.41	0
1351.63	0
1351.85	0
1352.07	0
1352.29	1
1352.51	0
1352.73	1
1352.95	0
1353.17	0
1353.39	0
1353.62	0
1353.84	0
1354.06	0
1354.28	0
1354.5	0
1354.72	0
1354.94	0
1355.16	0
1355.38	1
1355.6	1
1355.82	0
1356.04	0
1356.26	0
1356.48	0
1356.7	0
1356.92	0
1357.14	0
1357.36	0
1357.58	0
1357.8	0
1358.02	0
1358.24	0
1358.46	0
1358.68	0
1358.9	0
1359.12	0
1359.34	0
1359.56	0
1359.78	0
1360	0
1360.22	0
1360.44	0
1360.66	0
1360.88	0
1361.1	0
1361.32	0
1361.54	0
1361.76	0
1361.98	0
1362.2	0
1362.42	0
1362.64	0
1362.86	0
1363.08	0
1363.3	0
1363.52	0
1363.74	0
1363.96	0
1364.18	0
1364.4	0
1364.62	0
1364.84	0
1365.06	0
1365.28	0
1365.5	1
1365.72	0
1365.94	0
1366.16	0
1366.38	0
1366.6	0
1366.82	0
1367.04	0
1367.26	0
1367.48	0
1367.7	0
1367.92	0
1368.14	0
1368.36	0
1368.58	0
1368.8	0
1369.02	0
1369.24	0
1369.46	0
1369.68	0
1369.9	0
1370.12	0
1370.34	0
1370.56	0
1370.78	0
1371	0
1371.22	0
1371.44	0
1371.66	0
1371.88	0
1372.1	0
1372.32	1
1372.54	0
1372.76	0
1372.98	0
1373.2	0
1373.42	0
1373.64	0
1373.86	0
1374.08	0
1374.3	0
1374.52	0
1374.74	0
1374.96	0
1375.18	0
1375.4	0
1375.63	0
1375.85	0
1376.07	0
1376.29	0
1376.51	0
1376.73	0
1376.95	0
1377.17	0
1377.39	0
1377.61	0
1377.83	0
1378.05	0
1378.27	0
1378.49	0
1378.71	1
1378.93	0
1379.15	0
1379.37	1
1379.59	0
1379.81	0
1380.03	0
1380.25	0
1380.47	0
1380.69	0
1380.91	0
1381.13	0
1381.35	0
1381.57	0
1381.79	1
1382.01	0
1382.23	0
1382.45	0
1382.67	0
1382.89	0
1383.11	0
1383.33	0
1383.55	0
1383.77	0
1383.99	0
1384.21	0
1384.43	0
1384.65	0
1384.87	0
1385.09	0
1385.31	0
1385.53	0
1385.75	0
1385.97	1
1386.19	0
1386.41	0
1386.63	0
1386.85	0
1387.07	0
1387.29	0
1387.51	1
1387.73	0
1387.95	0
1388.17	0
1388.39	0
1388.61	0
1388.83	0
1389.05	0
1389.27	0
1389.49	0
1389.71	0
1389.93	0
1390.15	0
1390.37	0
1390.59	0
1390.81	0
1391.03	0
1391.25	0
1391.47	0
1391.69	0
1391.91	0
1392.13	0
1392.35	0
1392.57	0
1392.79	0
1393.01	0
1393.23	0
1393.45	0
1393.67	0
1393.89	0
1394.11	0
1394.33	0
1394.55	0
1394.77	0
1394.99	0
1395.21	0
1395.43	0
1395.65	2
1395.87	0
1396.09	0
1396.31	0
1396.53	0
1396.75	0
1396.97	0
1397.19	0
1397.41	0
1397.64	0
1397.86	0
1398.08	0
1398.3	0
1398.52	1
1398.74	0
1398.96	0
1399.18	0
1399.4	0
1399.62	0
1399.84	0
1400.06	0
1400.28	0
1400.5	1
1400.72	1
1400.94	0
1401.16	0
1401.38	0
1401.6	0
1401.82	0
1402.04	0
1402.26	0
1402.48	0
1402.7	0
1402.92	0
1403.14	0
1403.36	0
1403.58	0
1403.8	0
1404.02	0
1404.24	0
1404.46	0
1404.68	0
1404.9	0
1405.12	0
1405.34	0
1405.56	0
1405.78	0
1406	0
1406.22	0
1406.44	0
1406.66	0
1406.88	0
1407.1	0
1407.32	0
1407.54	0
1407.76	0
1407.98	0
1408.2	0
1408.42	0
1408.64	0
1408.86	0
1409.08	0
1409.3	0
1409.52	0
1409.74	0
1409.96	0
1410.18	0
1410.4	0
1410.62	0
1410.84	0
1411.06	0
1411.28	0
1411.5	0
1411.72	0
1411.94	0
1412.16	0
1412.38	0
1412.6	0
1412.82	0
1413.04	0
1413.26	0
1413.48	0
1413.7	0
1413.92	0
1414.14	2
1414.36	0
1414.58	0
1414.8	0
1415.02	0
1415.24	0
1415.46	0
1415.68	0
1415.9	0
1416.12	1
1416.34	0
1416.56	1
1416.78	0
1417	0
1417.22	0
1417.44	0
1417.66	0
1417.88	0
1418.1	1
1418.32	0
1418.54	0
1418.76	0
1418.98	0
1419.2	0
1419.42	0
1419.65	0
1419.87	0
1420.09	0
1420.31	0
1420.53	0
1420.75	0
1420.97	0
1421.19	0
1421.41	0
1421.63	0
1421.85	0
1422.07	0
1422.29	0
1422.51	0
1422.73	0
1422.95	1
1423.17	0
1423.39	0
1423.61	0
1423.83	0
1424.05	0
1424.27	0
1424.49	0
1424.71	1
1424.93	0
1425.15	0
1425.37	0
1425.59	0
1425.81	0
1426.03	0
1426.25	0
1426.47	0
1426.69	0
1426.91	0
1427.13	0
1427.35	0
1427.57	0
1427.79	0
1428.01	0
1428.23	0
1428.45	0
1428.67	0
1428.89	0
1429.11	0
1429.33	0
1429.55	0
1429.77	0
1429.99	0
1430.21	0
1430.43	0
1430.65	0
1430.87	0
1431.09	0
1431.31	0
1431.53	0
1431.75	0
1431.97	0
1432.19	0
1432.41	0
1432.63	0
1432.85	1
1433.07	0
1433.29	0
1433.51	1
1433.73	0
1433.95	0
1434.17	0
1434.39	0
1434.61	0
1434.83	0
1435.05	0
1435.27	0
1435.49	0
1435.71	0
1435.93	0
1436.15	0
1436.37	0
1436.59	0
1436.81	0
1437.03	0
1437.25	0
1437.47	0
1437.69	0
1437.91	0
1438.13	0
1438.35	0
1438.57	0
1438.79	0
1439.01	0
1439.23	0
1439.45	0
1439.67	0
1439.89	0
1440.11	0
1440.33	0
1440.55	0
1440.77	0
1440.99	0
1441.21	0
1441.43	0
1441.66	0
1441.88	1
1442.1	0
1442.32	0
1442.54	0
1442.76	0
1442.98	0
1443.2	0
1443.42	0
1443.64	0
1443.86	0
1444.08	0
1444.3	0
1444.52	0
1444.74	0
1444.96	0
1445.18	0
1445.4	0
1445.62	0
1445.84	0
1446.06	0
1446.28	0
1446.5	0
1446.72	0
1446.94	0
1447.16	0
1447.38	0
1447.6	0
1447.82	0
1448.04	0
1448.26	0
1448.48	0
1448.7	0
1448.92	0
1449.14	0
1449.36	0
1449.58	0
1449.8	0
1450.02	0
1450.24	0
1450.46	0
1450.68	0
1450.9	0
1451.12	0
1451.34	0
1451.56	0
1451.78	0
1452	0
1452.22	0
1452.44	0
1452.66	0
1452.88	0
1453.1	0
1453.32	0
1453.54	0
1453.76	0
1453.98	0
1454.2	0
1454.42	0
1454.64	0
1454.86	0
1455.08	0
1455.3	0
1455.52	0
1455.74	0
1455.96	0
1456.18	0
1456.4	0
1456.62	1
1456.84	0
1457.06	0
1457.28	0
1457.5	0
1457.72	0
1457.94	0
1458.16	0
1458.38	0
1458.6	0
1458.82	0
1459.04	0
1459.26	0
1459.48	0
1459.7	0
1459.92	0
1460.14	0
1460.36	0
1460.58	0
1460.8	0
1461.02	0
1461.24	0
1461.46	0
1461.68	0
1461.9	0
1462.12	0
1462.34	0
1462.56	0
1462.78	0
1463	0
1463.22	1
1463.44	0
1463.67	0
1463.89	0
1464.11	1
1464.33	1
1464.55	1
1464.77	0
1464.99	0
1465.21	1
1465.43	0
1465.65	1
1465.87	1
1466.09	0
1466.31	0
1466.53	0
1466.75	1
1466.97	1
1467.19	0
1467.41	0
1467.63	0
1467.85	0
1468.07	0
1468.29	0
1468.51	0
1468.73	0
1468.95	0
1469.17	0
1469.39	0
1469.61	0
1469.83	0
1470.05	0
1470.27	0
1470.49	1
1470.71	0
1470.93	0
1471.15	0
1471.37	0
1471.59	1
1471.81	0
1472.03	0
1472.25	0
1472.47	0
1472.69	0
1472.91	0
1473.13	0
1473.35	0
1473.57	0
1473.79	0
1474.01	0
1474.23	0
1474.45	0
1474.67	0
1474.89	0
1475.11	0
1475.33	0
1475.55	0
1475.77	0
1475.99	0
1476.21	0
1476.43	0
1476.65	0
1476.87	0
1477.09	0
1477.31	2
1477.53	0
1477.75	0
1477.97	0
1478.19	0
1478.41	0
1478.63	0
1478.85	0
1479.07	0
1479.29	0
1479.51	0
1479.73	0
1479.95	0
1480.17	0
1480.39	0
1480.61	0
1480.83	0
1481.05	0
1481.27	1
1481.49	0
1481.71	0
1481.93	0
1482.15	0
1482.37	0
1482.59	0
1482.81	0
1483.03	0
1483.25	0
1483.47	0
1483.69	0
1483.91	0
1484.13	0
1484.35	0
1484.57	1
1484.79	0
1485.01	0
1485.23	0
1485.45	0
1485.68	0
1485.9	0
1486.12	0
1486.34	0
1486.56	0
1486.78	0
1487	0
1487.22	0
1487.44	0
1487.66	0
1487.88	0
1488.1	0
1488.32	0
1488.54	0
1488.76	0
1488.98	0
1489.2	0
1489.42	0
1489.64	0
1489.86	0
1490.08	0
1490.3	0
1490.52	0
1490.74	0
1490.96	0
1491.18	0
1491.4	0
1491.62	0
1491.84	0
1492.06	0
1492.28	0
1492.5	0
1492.72	0
1492.94	0
1493.16	0
1493.38	0
1493.6	0
1493.82	0
1494.04	0
1494.26	0
1494.48	0
1494.7	0
1494.92	0
1495.14	0
1495.36	0
1495.58	0
1495.8	0
1496.02	0
1496.24	0
1496.46	0
1496.68	0
1496.9	0
1497.12	0
1497.34	0
1497.56	0
1497.78	0
1498	0
1498.22	0
1498.44	0
1498.66	0
1498.88	0
1499.1	0
1499.32	0
1499.54	0
1499.76	0
1499.98	0
1500.2	0
1500.42	0
1500.64	0
1500.86	0
1501.08	0
1501.3	0
1501.52	0
1501.74	0
1501.96	0
1502.18	0
1502.4	0
1502.62	0
1502.84	0
1503.06	0
1503.28	0
1503.5	0
1503.72	2
1503.94	0
1504.16	0
1504.38	0
1504.6	0
1504.82	0
1505.04	0
1505.26	0
1505.48	0
1505.7	1
1505.92	0
1506.14	0
1506.36	0
1506.58	0
1506.8	0
1507.02	0
1507.24	0
1507.46	0
1507.68	0
1507.91	0
1508.13	0
1508.35	0
1508.57	0
1508.79	0
1509.01	0
1509.23	0
1509.45	0
1509.67	0
1509.89	1
1510.11	0
1510.33	1
1510.55	0
1510.77	0
1510.99	0
1511.21	0
1511.43	0
1511.65	0
1511.87	0
1512.09	0
1512.31	0
1512.53	0
1512.75	0
1512.97	0
1513.19	0
1513.41	0
1513.63	0
1513.85	0
1514.07	0
1514.29	0
1514.51	0
1514.73	0
1514.95	0
1515.17	0
1515.39	0
1515.61	0
1515.83	0
1516.05	0
1516.27	0
1516.49	0
1516.71	0
1516.93	0
1517.15	0
1517.37	0
1517.59	0
1517.81	0
1518.03	0
1518.25	0
1518.47	0
1518.69	0
1518.91	0
1519.13	0
1519.35	0
1519.57	0
1519.79	0
1520.01	0
1520.23	0
1520.45	0
1520.67	0
1520.89	0
1521.11	0
1521.33	0
1521.55	0
1521.77	0
1521.99	0
1522.21	0
1522.43	0
1522.65	0
1522.87	0
1523.09	0
1523.31	0
1523.53	0
1523.75	0
1523.97	0
1524.19	0
1524.41	0
1524.63	0
1524.85	0
1525.07	0
1525.29	0
1525.51	0
1525.73	0
1525.95	0
1526.17	0
1526.39	0
1526.61	0
1526.83	0
1527.05	0
1527.27	0
1527.49	0
1527.71	0
1527.93	0
1528.15	0
1528.37	0
1528.59	0
1528.81	0
1529.03	0
1529.25	0
1529.47	0
1529.69	0
1529.92	0
1530.14	0
1530.36	0
1530.58	0
1530.8	0
1531.02	0
1531.24	0
1531.46	0
1531.68	0
1531.9	0
1532.12	0
1532.34	0
1532.56	1
1532.78	0
1533	0
1533.22	0
1533.44	0
1533.66	0
1533.88	0
1534.1	0
1534.32	0
1534.54	0
1534.76	0
1534.98	0
1535.2	0
1535.42	0
1535.64	0
1535.86	0
1536.08	0
1536.3	0
1536.52	0
1536.74	0
1536.96	1
1537.18	0
1537.4	0
1537.62	0
1537.84	0
1538.06	0
1538.28	0
1538.5	0
1538.72	0
1538.94	0
1539.16	0
1539.38	0
1539.6	0
1539.82	0
1540.04	0
1540.26	0
1540.48	0
1540.7	0
1540.92	0
1541.14	0
1541.36	0
1541.58	0
1541.8	0
1542.02	0
1542.24	1
1542.46	0
1542.68	0
1542.9	0
1543.12	0
1543.34	0
1543.56	0
1543.78	0
1544	0
1544.22	0
1544.44	0
1544.66	0
1544.88	0
1545.1	0
1545.32	0
1545.54	0
1545.76	0
1545.98	0
1546.2	0
1546.42	0
1546.64	0
1546.86	0
1547.08	0
1547.3	0
1547.52	0
1547.74	0
1547.96	0
1548.18	0
1548.4	0
1548.62	0
1548.84	0
1549.06	0
1549.28	0
1549.5	0
1549.72	0
1549.94	0
1550.16	0
1550.38	0
1550.6	0
1550.82	0
1551.04	0
1551.26	0
1551.48	0
1551.7	0
1551.93	0
1552.15	0
1552.37	0
1552.59	0
1552.81	0
1553.03	0
1553.25	0
1553.47	0
1553.69	0
1553.91	0
1554.13	0
1554.35	0
1554.57	0
1554.79	0
1555.01	0
1555.23	0
1555.45	0
1555.67	0
1555.89	0
1556.11	0
1556.33	0
1556.55	0
1556.77	0
1556.99	0
1557.21	0
1557.43	0
1557.65	0
1557.87	0
1558.09	0
1558.31	0
1558.53	0
1558.75	0
1558.97	0
1559.19	0
1559.41	0
1559.63	0
1559.85	0
1560.07	0
1560.29	0
1560.51	0
1560.73	0
1560.95	0
1561.17	0
1561.39	0
1561.61	0
1561.83	0
1562.05	0
1562.27	0
1562.49	0
1562.71	0
1562.93	0
1563.15	0
1563.37	0
1563.59	0
1563.81	0
1564.03	0
1564.25	0
1564.47	0
1564.69	0
1564.91	1
1565.13	1
1565.35	0
1565.57	0
1565.79	0
1566.01	0
1566.23	0
1566.45	0
1566.67	0
1566.89	1
1567.11	0
1567.33	0
1567.55	0
1567.77	0
1567.99	0
1568.21	0
1568.43	0
1568.65	0
1568.87	0
1569.09	0
1569.31	0
1569.53	0
1569.75	0
1569.97	0
1570.19	0
1570.41	0
1570.63	0
1570.85	0
1571.07	0
1571.29	0
1571.51	0
1571.73	0
1571.95	0
1572.17	0
1572.39	0
1572.61	0
1572.83	0
1573.05	0
1573.27	0
1573.49	0
1573.71	0
1573.94	0
1574.16	0
1574.38	0
1574.6	0
1574.82	0
1575.04	0
1575.26	0
1575.48	0
1575.7	0
1575.92	0
1576.14	0
1576.36	0
1576.58	0
1576.8	0
1577.02	0
1577.24	0
1577.46	0
1577.68	0
1577.9	0
1578.12	0
1578.34	0
1578.56	0
1578.78	0
1579	0
1579.22	0
1579.44	0
1579.66	0
1579.88	0
1580.1	0
1580.32	0
1580.54	0
1580.76	0
1580.98	0
1581.2	0
1581.42	0
1581.64	0
1581.86	0
1582.08	0
1582.3	0
1582.52	0
1582.74	0
1582.96	0
1583.18	0
1583.4	0
1583.62	0
1583.84	0
1584.06	0
1584.28	0
1584.5	1
1584.72	0
1584.94	0
1585.16	0
1585.38	0
1585.6	0
1585.82	0
1586.04	0
1586.26	0
1586.48	0
1586.7	0
1586.92	0
1587.14	0
1587.36	0
1587.58	0
1587.8	0
1588.02	0
1588.24	0
1588.46	0
1588.68	0
1588.9	0
1589.12	0
1589.34	0
1589.56	0
1589.78	0
1590	0
1590.22	0
1590.44	0
1590.66	0
1590.88	0
1591.1	0
1591.32	0
1591.54	0
1591.76	0
1591.98	0
1592.2	0
1592.42	0
1592.64	0
1592.86	0
1593.08	0
1593.3	0
1593.52	0
1593.74	0
1593.96	0
1594.18	0
1594.4	0
1594.62	0
1594.84	0
1595.06	0
1595.28	0
1595.5	0
1595.72	0
1595.95	0
1596.17	0
1596.39	0
1596.61	0
1596.83	0
1597.05	0
1597.27	0
1597.49	0
1597.71	0
1597.93	0
1598.15	0
1598.37	0
1598.59	0
1598.81	0
1599.03	0
1599.25	0
1599.47	0
1599.69	0
1599.91	0
1600.13	0
1600.35	0
1600.57	0
1600.79	0
1601.01	0
1601.23	0
1601.45	0
1601.67	0
1601.89	0
1602.11	0
1602.33	0
1602.55	0
1602.77	0
1602.99	0
1603.21	0
1603.43	0
1603.65	0
1603.87	0
1604.09	0
1604.31	0
1604.53	0
1604.75	0
1604.97	0
1605.19	0
1605.41	0
1605.63	0
1605.85	0
1606.07	0
1606.29	0
1606.51	0
1606.73	0
1606.95	0
1607.17	0
1607.39	0
1607.61	0
1607.83	0
1608.05	1
1608.27	0
1608.49	0
1608.71	0
1608.93	0
1609.15	0
1609.37	0
1609.59	0
1609.81	0
1610.03	0
1610.25	0
1610.47	0
1610.69	0
1610.91	0
1611.13	0
1611.35	0
1611.57	0
1611.79	0
1612.01	0
1612.23	0
1612.45	0
1612.67	0
1612.89	0
1613.11	0
1613.33	0
1613.55	0
1613.77	0
1613.99	0
1614.21	0
1614.43	0
1614.65	0
1614.87	0
1615.09	0
1615.31	0
1615.53	0
1615.75	0
1615.97	0
1616.19	0
1616.41	0
1616.63	0
1616.85	0
1617.07	0
1617.29	0
1617.51	0
1617.73	0
1617.96	0
1618.18	0
1618.4	0
1618.62	0
1618.84	0
1619.06	0
1619.28	0
1619.5	0
1619.72	1
1619.94	0
1620.16	0
1620.38	0
1620.6	0
1620.82	0
1621.04	0
1621.26	0
1621.48	0
1621.7	0
1621.92	0
1622.14	0
1622.36	0
1622.58	0
1622.8	0
1623.02	0
1623.24	0
1623.46	0
1623.68	0
1623.9	0
1624.12	0
1624.34	0
1624.56	0
1624.78	0
1625	0
1625.22	0
1625.44	0
1625.66	0
1625.88	0
1626.1	0
1626.32	0
1626.54	0
1626.76	0
1626.98	0
1627.2	0
1627.42	0
1627.64	0
1627.86	0
1628.08	0
1628.3	0
1628.52	0
1628.74	0
1628.96	1
1629.18	0
1629.4	0
1629.62	0
1629.84	0
1630.06	0
1630.28	0
1630.5	0
1630.72	0
1630.94	0
1631.16	0
1631.38	0
1631.6	0
1631.82	0
1632.04	0
1632.26	0
1632.48	0
1632.7	0
1632.92	0
1633.14	0
1633.36	0
1633.58	0
1633.8	0
1634.02	0
1634.24	0
1634.46	0
1634.68	0
1634.9	0
1635.12	0
1635.34	0
1635.56	0
1635.78	0
1636	0
1636.22	0
1636.44	0
1636.66	0
1636.88	0
1637.1	0
1637.32	0
1637.54	0
1637.76	0
1637.98	0
1638.2	0
1638.42	0
1638.64	0
1638.86	0
1639.08	0
1639.3	0
1639.52	0
1639.74	0
1639.97	0
1640.19	0
1640.41	0
1640.63	0
1640.85	0
1641.07	0
1641.29	0
1641.51	0
1641.73	0
1641.95	0
1642.17	0
1642.39	0
1642.61	0
1642.83	0
1643.05	0
1643.27	0
1643.49	0
1643.71	0
1643.93	0
1644.15	0
1644.37	0
1644.59	0
1644.81	0
1645.03	0
1645.25	0
1645.47	0
1645.69	0
1645.91	0
1646.13	0
1646.35	0
1646.57	0
1646.79	0
1647.01	0
1647.23	0
1647.45	0
1647.67	0
1647.89	0
1648.11	0
1648.33	0
1648.55	0
1648.77	0
1648.99	0
1649.21	0
1649.43	0
1649.65	0
1649.87	0
1650.09	0
1650.31	0
1650.53	0
1650.75	0
1650.97	0
1651.19	1
1651.41	0
1651.63	0
1651.85	0
1652.07	0
1652.29	0
1652.51	0
1652.73	0
1652.95	0
1653.17	0
1653.39	0
1653.61	0
1653.83	0
1654.05	0
1654.27	0
1654.49	0
1654.71	0
1654.93	0
1655.15	0
1655.37	0
1655.59	0
1655.81	0
1656.03	0
1656.25	0
1656.47	0
1656.69	0
1656.91	0
1657.13	0
1657.35	0
1657.57	0
1657.79	0
1658.01	0
1658.23	0
1658.45	0
1658.67	0
1658.89	0
1659.11	0
1659.33	0
1659.55	0
1659.77	0
1659.99	0
1660.21	0
1660.43	0
1660.65	0
1660.87	0
1661.09	0
1661.31	0
1661.53	0
1661.75	0
1661.98	0
1662.2	0
1662.42	0
1662.64	0
1662.86	0
1663.08	0
1663.3	0
1663.52	0
1663.74	0
1663.96	0
1664.18	0
1664.4	0
1664.62	0
1664.84	1
1665.06	0
1665.28	0
1665.5	0
1665.72	0
1665.94	0
1666.16	0
1666.38	0
1666.6	0
1666.82	0
1667.04	1
1667.26	0
1667.48	0
1667.7	0
1667.92	0
1668.14	0
1668.36	0
1668.58	0
1668.8	0
1669.02	0
1669.24	0
1669.46	0
1669.68	0
1669.9	0
1670.12	0
1670.34	0
1670.56	0
1670.78	0
1671	0
1671.22	0
1671.44	1
1671.66	0
1671.88	0
1672.1	0
1672.32	0
1672.54	0
1672.76	0
1672.98	0
1673.2	0
1673.42	0
1673.64	0
1673.86	0
1674.08	0
1674.3	0
1674.52	0
1674.74	0
1674.96	0
1675.18	0
1675.4	0
1675.62	0
1675.84	0
1676.06	0
1676.28	0
1676.5	0
1676.72	0
1676.94	0
1677.16	0
1677.38	0
1677.6	0
1677.82	0
1678.04	0
1678.26	0
1678.48	0
1678.7	0
1678.92	0
1679.14	0
1679.36	0
1679.58	0
1679.8	0
1680.02	0
1680.24	0
1680.46	0
1680.68	0
1680.9	0
1681.12	0
1681.34	0
1681.56	0
1681.78	0
1682	0
1682.22	0
1682.44	0
1682.66	0
1682.88	0
1683.1	0
1683.32	1
1683.54	0
1683.76	0
1683.99	0
1684.21	0
1684.43	0
1684.65	0
1684.87	0
1685.09	0
1685.31	0
1685.53	0
1685.75	0
1685.97	0
1686.19	0
1686.41	0
1686.63	0
1686.85	0
1687.07	0
1687.29	0
1687.51	0
1687.73	0
1687.95	0
1688.17	0
1688.39	0
1688.61	0
1688.83	0
1689.05	0
1689.27	0
1689.49	0
1689.71	0
1689.93	0
1690.15	0
1690.37	1
1690.59	0
1690.81	0
1691.03	0
1691.25	0
1691.47	0
1691.69	0
1691.91	0
1692.13	1
1692.35	0
1692.57	0
1692.79	0
1693.01	0
1693.23	0
1693.45	0
1693.67	0
1693.89	0
1694.11	0
1694.33	0
1694.55	0
1694.77	0
1694.99	0
1695.21	0
1695.43	0
1695.65	0
1695.87	0
1696.09	0
1696.31	0
1696.53	0
1696.75	0
1696.97	0
1697.19	0
1697.41	0
1697.63	1
1697.85	0
1698.07	0
1698.29	0
1698.51	0
1698.73	0
1698.95	0
1699.17	0
1699.39	0
1699.61	0
1699.83	0
1700.05	0
1700.27	0
1700.49	0
1700.71	0
1700.93	0
1701.15	0
1701.37	0
1701.59	0
1701.81	0
1702.03	0
1702.25	0
1702.47	0
1702.69	0
1702.91	0
1703.13	0
1703.35	0
1703.57	0
1703.79	0
1704.01	0
1704.23	0
1704.45	0
1704.67	0
1704.89	0
1705.11	0
1705.33	0
1705.55	0
1705.77	0
1706	1
1706.22	0
1706.44	0
1706.66	0
1706.88	0
1707.1	0
1707.32	0
1707.54	0
1707.76	0
1707.98	0
1708.2	0
1708.42	0
1708.64	0
1708.86	0
1709.08	0
1709.3	0
1709.52	0
1709.74	0
1709.96	0
1710.18	0
1710.4	0
1710.62	0
1710.84	1
1711.06	0
1711.28	0
1711.5	0
1711.72	0
1711.94	0
1712.16	0
1712.38	0
1712.6	0
1712.82	0
1713.04	0
1713.26	0
1713.48	0
1713.7	0
1713.92	0
1714.14	0
1714.36	0
1714.58	0
1714.8	0
1715.02	0
1715.24	0
1715.46	0
1715.68	0
1715.9	0
1716.12	0
1716.34	0
1716.56	0
1716.78	0
1717	0
1717.22	0
1717.44	0
1717.66	0
1717.88	0
1718.1	0
1718.32	0
1718.54	0
1718.76	0
1718.98	0
1719.2	0
1719.42	0
1719.64	1
1719.86	1
1720.08	0
1720.3	0
1720.52	0
1720.74	0
1720.96	0
1721.18	0
1721.4	0
1721.62	0
1721.84	0
1722.06	0
1722.28	0
1722.5	0
1722.72	0
1722.94	0
1723.16	0
1723.38	0
1723.6	0
1723.82	0
1724.04	0
1724.26	0
1724.48	0
1724.7	0
1724.92	0
1725.14	0
1725.36	0
1725.58	0
1725.8	1
1726.02	1
1726.24	0
1726.46	0
1726.68	0
1726.9	0
1727.12	0
1727.34	0
1727.56	0
1727.78	0
1728.01	0
1728.23	0
1728.45	0
1728.67	0
1728.89	0
1729.11	0
1729.33	0
1729.55	0
1729.77	0
1729.99	0
1730.21	0
1730.43	0
1730.65	0
1730.87	0
1731.09	0
1731.31	0
1731.53	0
1731.75	0
1731.97	0
1732.19	0
1732.41	0
1732.63	0
1732.85	0
1733.07	0
1733.29	0
1733.51	0
1733.73	0
1733.95	0
1734.17	0
1734.39	0
1734.61	0
1734.83	0
1735.05	0
1735.27	0
1735.49	0
1735.71	0
1735.93	0
1736.15	0
1736.37	0
1736.59	0
1736.81	0
1737.03	0
1737.25	0
1737.47	0
1737.69	0
1737.91	0
1738.13	0
1738.35	0
1738.57	0
1738.79	0
1739.01	0
1739.23	0
1739.45	0
1739.67	0
1739.89	0
1740.11	0
1740.33	0
1740.55	0
1740.77	0
1740.99	0
1741.21	0
1741.43	0
1741.65	0
1741.87	0
1742.09	0
1742.31	0
1742.53	0
1742.75	0
1742.97	0
1743.19	0
1743.41	0
1743.63	0
1743.85	0
1744.07	0
1744.29	0
1744.51	0
1744.73	0
1744.95	0
1745.17	0
1745.39	0
1745.61	0
1745.83	0
1746.05	0
1746.27	0
1746.49	0
1746.71	0
1746.93	0
1747.15	0
1747.37	0
1747.59	0
1747.81	0
1748.03	0
1748.25	0
1748.47	0
1748.69	0
1748.91	0
1749.13	0
1749.35	0
1749.57	0
1749.79	0
1750.02	0
1750.24	0
1750.46	0
1750.68	0
1750.9	0
1751.12	0
1751.34	0
1751.56	0
1751.78	0
1752	0
1752.22	0
1752.44	0
1752.66	0
1752.88	0
1753.1	0
1753.32	0
1753.54	0
1753.76	0
1753.98	0
1754.2	0
1754.42	0
1754.64	0
1754.86	0
1755.08	0
1755.3	1
1755.52	0
1755.74	0
1755.96	0
1756.18	0
1756.4	0
1756.62	0
1756.84	0
1757.06	0
1757.28	0
1757.5	0
1757.72	0
1757.94	0
1758.16	0
1758.38	0
1758.6	0
1758.82	0
1759.04	0
1759.26	0
1759.48	0
1759.7	0
1759.92	0
1760.14	0
1760.36	0
1760.58	0
1760.8	0
1761.02	0
1761.24	0
1761.46	0
1761.68	0
1761.9	0
1762.12	0
1762.34	0
1762.56	0
1762.78	0
1763	0
1763.22	0
1763.44	0
1763.66	0
1763.88	0
1764.1	0
1764.32	0
1764.54	0
1764.76	0
1764.98	0
1765.2	0
1765.42	0
1765.64	0
1765.86	0
1766.08	0
1766.3	0
1766.52	1
1766.74	0
1766.96	0
1767.18	0
1767.4	0
1767.62	0
1767.84	0
1768.06	0
1768.28	0
1768.5	0
1768.72	0
1768.94	0
1769.16	0
1769.38	1
1769.6	0
1769.82	0
1770.04	0
1770.26	0
1770.48	1
1770.7	0
1770.92	0
1771.14	0
1771.36	0
1771.58	0
1771.8	0
1772.03	0
1772.25	0
1772.47	0
1772.69	0
1772.91	0
1773.13	0
1773.35	0
1773.57	0
1773.79	0
1774.01	0
1774.23	0
1774.45	0
1774.67	0
1774.89	0
1775.11	0
1775.33	0
1775.55	0
1775.77	0
1775.99	0
1776.21	0
1776.43	0
1776.65	0
1776.87	0
1777.09	0
1777.31	0
1777.53	0
1777.75	0
1777.97	0
1778.19	0
1778.41	0
1778.63	0
1778.85	0
1779.07	0
1779.29	0
1779.51	0
1779.73	0
1779.95	0
1780.17	0
1780.39	0
1780.61	0
1780.83	0
1781.05	0
1781.27	0
1781.49	0
1781.71	0
1781.93	0
1782.15	0
1782.37	0
1782.59	0
1782.81	0
1783.03	0
1783.25	0
1783.47	0
1783.69	0
1783.91	0
1784.13	0
1784.35	0
1784.57	0
1784.79	0
1785.01	0
1785.23	0
1785.45	0
1785.67	0
1785.89	0
1786.11	0
1786.33	0
1786.55	0
1786.77	0
1786.99	0
1787.21	0
1787.43	0
1787.65	0
1787.87	0
1788.09	0
1788.31	0
1788.53	0
1788.75	0
1788.97	0
1789.19	0
1789.41	0
1789.63	0
1789.85	0
1790.07	0
1790.29	0
1790.51	0
1790.73	0
1790.95	0
1791.17	0
1791.39	0
1791.61	0
1791.83	0
1792.05	0
1792.27	0
1792.49	0
1792.71	0
1792.93	0
1793.15	0
1793.37	0
1793.59	0
1793.81	0
1794.04	0
1794.26	0
1794.48	0
1794.7	0
1794.92	0
1795.14	0
1795.36	0
1795.58	0
1795.8	0
1796.02	0
1796.24	0
1796.46	0
1796.68	0
1796.9	0
1797.12	0
1797.34	0
1797.56	0
1797.78	0
1798	0
1798.22	0
1798.44	0
1798.66	0
1798.88	0
1799.1	0
1799.32	0
1799.54	0
1799.76	0
1799.98	0
1800.2	0
1800.42	0
1800.64	0
1800.86	0
1801.08	0
1801.3	0
1801.52	0
1801.74	0
1801.96	0
1802.18	0
1802.4	1
1802.62	0
1802.84	0
