-5.15587e-020	0
0.2201	0
0.4402	0
0.6603	0
0.8804	0
1.1005	0
1.3206	0
1.5407	0
1.7608	0
1.9809	0
2.201	0
2.4211	0
2.6412	0
2.8613	0
3.0814	0
3.3015	0
3.5216	0
3.7417	0
3.9618	0
4.1819	0
4.402	0
4.6221	0
4.8422	0
5.0623	0
5.2824	0
5.5025	0
5.7226	0
5.9427	0
6.1628	0
6.3829	0
6.603	0
6.8231	0
7.0432	0
7.2633	0
7.4834	0
7.7035	1
7.9236	1
8.1437	2
8.3638	1
8.5839	1
8.804	2
9.0241	1
9.2442	2
9.4643	2
9.6844	3
9.9045	4
10.1246	1
10.3447	3
10.5648	1
10.7849	2
11.005	0
11.2251	3
11.4452	4
11.6653	4
11.8854	4
12.1055	3
12.3256	2
12.5457	2
12.7658	2
12.9859	3
13.206	1
13.4261	2
13.6462	2
13.8663	1
14.0864	2
14.3065	3
14.5266	0
14.7467	3
14.9668	3
15.1869	2
15.407	2
15.6271	2
15.8472	0
16.0673	0
16.2874	0
16.5075	2
16.7276	0
16.9477	4
17.1678	1
17.3879	2
17.608	0
17.8281	2
18.0482	3
18.2683	1
18.4884	3
18.7085	3
18.9286	1
19.1487	5
19.3688	0
19.5889	1
19.809	3
20.0291	0
20.2492	4
20.4693	1
20.6894	0
20.9095	2
21.1296	0
21.3497	0
21.5698	3
21.7899	1
22.01	2
22.2301	1
22.4502	3
22.6703	2
22.8904	1
23.1105	1
23.3306	3
23.5507	2
23.7708	2
23.9909	3
24.211	1
24.4311	0
24.6512	0
24.8713	2
25.0914	2
25.3115	3
25.5316	1
25.7517	0
25.9718	0
26.1919	2
26.412	2
26.6321	2
26.8522	1
27.0723	2
27.2924	0
27.5125	3
27.7326	3
27.9527	0
28.1728	0
28.3929	2
28.613	2
28.8331	3
29.0532	0
29.2733	1
29.4934	0
29.7135	1
29.9336	1
30.1537	1
30.3738	5
30.5939	2
30.814	1
31.0341	1
31.2542	3
31.4743	0
31.6944	1
31.9145	1
32.1346	2
32.3547	2
32.5748	3
32.7949	4
33.015	2
33.2351	2
33.4552	0
33.6753	0
33.8954	1
34.1155	0
34.3356	1
34.5557	0
34.7758	1
34.9959	0
35.216	6
35.4361	0
35.6562	2
35.8763	0
36.0964	2
36.3165	3
36.5366	2
36.7567	1
36.9768	2
37.1969	0
37.417	0
37.6371	0
37.8572	3
38.0773	0
38.2974	1
38.5175	0
38.7376	1
38.9577	1
39.1778	2
39.3979	0
39.618	3
39.8381	2
40.0582	2
40.2783	1
40.4984	1
40.7185	1
40.9386	1
41.1587	0
41.3788	1
41.5989	1
41.819	1
42.0391	1
42.2592	1
42.4793	3
42.6994	0
42.9195	0
43.1396	3
43.3597	1
43.5798	2
43.7999	1
44.02	0
44.2401	0
44.4602	4
44.6803	4
44.9004	2
45.1205	2
45.3406	0
45.5607	0
45.7808	2
46.0009	2
46.221	1
46.4411	0
46.6612	1
46.8813	0
47.1014	0
47.3215	5
47.5416	2
47.7617	1
47.9818	0
48.2019	4
48.422	2
48.6421	3
48.8622	0
49.0823	0
49.3024	3
49.5225	2
49.7426	1
49.9627	1
50.1828	2
50.4029	1
50.623	1
50.8431	2
51.0632	0
51.2833	3
51.5034	0
51.7235	2
51.9436	1
52.1637	2
52.3838	0
52.6039	1
52.824	1
53.0441	2
53.2642	3
53.4843	0
53.7044	1
53.9245	2
54.1446	5
54.3647	2
54.5848	4
54.8049	2
55.025	1
55.2451	1
55.4652	0
55.6853	1
55.9054	2
56.1255	1
56.3456	3
56.5657	1
56.7858	0
57.0059	1
57.226	1
57.4461	0
57.6662	1
57.8863	0
58.1064	2
58.3265	1
58.5466	1
58.7667	3
58.9868	2
59.2069	6
59.427	2
59.6471	3
59.8672	1
60.0873	2
60.3074	0
60.5275	1
60.7476	2
60.9677	1
61.1878	1
61.4079	0
61.628	0
61.8481	1
62.0682	1
62.2883	1
62.5084	3
62.7285	3
62.9486	1
63.1687	0
63.3888	3
63.6089	1
63.829	3
64.0491	1
64.2692	1
64.4893	1
64.7094	1
64.9295	0
65.1496	3
65.3697	1
65.5898	3
65.8099	0
66.03	2
66.2501	4
66.4702	1
66.6903	2
66.9104	1
67.1305	1
67.3506	3
67.5707	1
67.7908	1
68.0109	2
68.231	1
68.4511	0
68.6712	1
68.8913	1
69.1114	2
69.3315	5
69.5516	7
69.7717	4
69.9918	1
70.2119	3
70.432	6
70.6521	4
70.8722	4
71.0923	4
71.3124	4
71.5325	5
71.7526	8
71.9727	4
72.1928	2
72.4129	2
72.633	3
72.8531	2
73.0732	1
73.2933	0
73.5134	3
73.7335	5
73.9536	2
74.1737	0
74.3938	1
74.6139	1
74.834	3
75.0541	1
75.2742	0
75.4943	4
75.7144	1
75.9345	2
76.1546	2
76.3747	1
76.5948	1
76.8149	0
77.035	2
77.2551	3
77.4752	2
77.6953	0
77.9154	0
78.1355	0
78.3556	5
78.5757	3
78.7958	1
79.0159	4
79.236	2
79.4561	5
79.6762	1
79.8963	2
80.1164	0
80.3365	6
80.5566	2
80.7767	4
80.9968	5
81.2169	4
81.437	5
81.6571	1
81.8772	4
82.0973	1
82.3174	4
82.5375	2
82.7576	2
82.9777	2
83.1978	2
83.4179	2
83.638	2
83.8581	3
84.0782	2
84.2983	2
84.5184	5
84.7385	3
84.9586	3
85.1787	0
85.3988	5
85.6189	0
85.839	2
86.0591	0
86.2792	2
86.4993	2
86.7194	1
86.9395	2
87.1596	1
87.3797	0
87.5998	3
87.8199	0
88.04	0
88.2601	2
88.4802	3
88.7003	1
88.9204	1
89.1405	0
89.3606	1
89.5807	3
89.8008	1
90.0209	0
90.241	3
90.4611	2
90.6812	2
90.9013	3
91.1214	3
91.3415	1
91.5616	1
91.7817	4
92.0018	0
92.2219	1
92.442	4
92.6621	2
92.8822	0
93.1023	0
93.3224	5
93.5425	2
93.7626	2
93.9827	2
94.2028	2
94.4229	1
94.643	1
94.8631	2
95.0832	1
95.3033	3
95.5234	0
95.7435	2
95.9636	4
96.1837	3
96.4038	1
96.6239	1
96.844	4
97.0641	6
97.2842	2
97.5043	3
97.7244	1
97.9445	1
98.1646	1
98.3847	1
98.6048	0
98.8249	0
99.045	2
99.2651	0
99.4852	3
99.7053	4
99.9254	2
100.146	0
100.366	0
100.586	2
100.806	1
101.026	2
101.246	0
101.466	2
101.686	1
101.906	0
102.126	1
102.346	2
102.567	1
102.787	0
103.007	1
103.227	2
103.447	0
103.667	3
103.887	0
104.107	3
104.327	2
104.548	2
104.768	0
104.988	1
105.208	1
105.428	4
105.648	1
105.868	1
106.088	2
106.308	1
106.528	1
106.748	2
106.969	1
107.189	0
107.409	0
107.629	1
107.849	3
108.069	4
108.289	1
108.509	1
108.729	2
108.95	1
109.17	1
109.39	1
109.61	3
109.83	2
110.05	2
110.27	0
110.49	1
110.71	2
110.93	1
111.15	2
111.371	2
111.591	2
111.811	2
112.031	3
112.251	1
112.471	0
112.691	2
112.911	1
113.131	1
113.352	2
113.572	2
113.792	3
114.012	0
114.232	1
114.452	0
114.672	1
114.892	2
115.112	1
115.332	1
115.552	2
115.773	1
115.993	3
116.213	1
116.433	1
116.653	0
116.873	2
117.093	2
117.313	3
117.533	2
117.753	2
117.974	1
118.194	2
118.414	4
118.634	0
118.854	0
119.074	1
119.294	2
119.514	0
119.734	1
119.955	1
120.175	0
120.395	2
120.615	0
120.835	0
121.055	3
121.275	1
121.495	4
121.715	3
121.935	0
122.155	1
122.376	2
122.596	1
122.816	3
123.036	1
123.256	0
123.476	0
123.696	1
123.916	1
124.136	1
124.357	1
124.577	0
124.797	1
125.017	1
125.237	0
125.457	3
125.677	2
125.897	2
126.117	1
126.337	0
126.557	0
126.778	1
126.998	2
127.218	2
127.438	3
127.658	0
127.878	1
128.098	1
128.318	2
128.538	2
128.759	2
128.979	0
129.199	1
129.419	0
129.639	2
129.859	0
130.079	1
130.299	3
130.519	1
130.739	2
130.959	2
131.18	3
131.4	2
131.62	1
131.84	1
132.06	1
132.28	2
132.5	0
132.72	0
132.94	0
133.16	1
133.381	1
133.601	0
133.821	0
134.041	0
134.261	2
134.481	0
134.701	2
134.921	3
135.141	3
135.362	1
135.582	0
135.802	0
136.022	0
136.242	1
136.462	5
136.682	4
136.902	1
137.122	0
137.342	2
137.563	2
137.783	1
138.003	2
138.223	3
138.443	0
138.663	0
138.883	2
139.103	0
139.323	3
139.543	0
139.763	0
139.984	2
140.204	1
140.424	0
140.644	2
140.864	1
141.084	1
141.304	2
141.524	2
141.744	2
141.964	0
142.185	0
142.405	3
142.625	0
142.845	2
143.065	1
143.285	1
143.505	0
143.725	0
143.945	0
144.165	3
144.386	0
144.606	2
144.826	3
145.046	3
145.266	1
145.486	0
145.706	0
145.926	1
146.146	1
146.367	1
146.587	1
146.807	2
147.027	3
147.247	2
147.467	0
147.687	2
147.907	2
148.127	0
148.347	2
148.568	2
148.788	6
149.008	0
149.228	0
149.448	2
149.668	3
149.888	2
150.108	2
150.328	2
150.548	1
150.768	2
150.989	0
151.209	1
151.429	4
151.649	0
151.869	1
152.089	1
152.309	2
152.529	2
152.749	1
152.969	0
153.19	1
153.41	1
153.63	2
153.85	0
154.07	3
154.29	3
154.51	0
154.73	0
154.95	1
155.171	2
155.391	0
155.611	1
155.831	0
156.051	1
156.271	0
156.491	2
156.711	1
156.931	3
157.151	0
157.372	0
157.592	1
157.812	0
158.032	2
158.252	2
158.472	1
158.692	2
158.912	1
159.132	3
159.352	1
159.572	1
159.793	4
160.013	2
160.233	0
160.453	2
160.673	2
160.893	0
161.113	1
161.333	5
161.553	1
161.773	2
161.994	1
162.214	1
162.434	2
162.654	2
162.874	1
163.094	0
163.314	2
163.534	2
163.754	1
163.975	3
164.195	2
164.415	1
164.635	1
164.855	0
165.075	1
165.295	1
165.515	0
165.735	1
165.955	2
166.176	2
166.396	1
166.616	1
166.836	3
167.056	2
167.276	0
167.496	2
167.716	0
167.936	0
168.156	1
168.376	0
168.597	1
168.817	0
169.037	2
169.257	1
169.477	1
169.697	1
169.917	3
170.137	0
170.357	1
170.577	1
170.798	2
171.018	2
171.238	3
171.458	0
171.678	2
171.898	2
172.118	1
172.338	2
172.558	2
172.778	3
172.999	1
173.219	2
173.439	3
173.659	1
173.879	1
174.099	1
174.319	0
174.539	1
174.759	1
174.98	3
175.2	1
175.42	1
175.64	1
175.86	2
176.08	1
176.3	1
176.52	0
176.74	2
176.96	2
177.18	1
177.401	1
177.621	0
177.841	0
178.061	2
178.281	1
178.501	0
178.721	0
178.941	1
179.161	1
179.381	1
179.602	0
179.822	3
180.042	2
180.262	1
180.482	1
180.702	0
180.922	1
181.142	1
181.362	0
181.582	0
181.803	2
182.023	0
182.243	3
182.463	1
182.683	0
182.903	1
183.123	0
183.343	1
183.563	1
183.784	1
184.004	2
184.224	3
184.444	1
184.664	0
184.884	3
185.104	1
185.324	0
185.544	0
185.764	0
185.985	1
186.205	2
186.425	1
186.645	1
186.865	1
187.085	1
187.305	1
187.525	0
187.745	0
187.965	0
188.185	2
188.406	0
188.626	0
188.846	1
189.066	2
189.286	1
189.506	0
189.726	1
189.946	3
190.166	2
190.386	4
190.607	1
190.827	2
191.047	2
191.267	0
191.487	4
191.707	0
191.927	0
192.147	0
192.367	1
192.587	0
192.808	2
193.028	0
193.248	1
193.468	1
193.688	2
193.908	0
194.128	1
194.348	0
194.568	1
194.789	2
195.009	1
195.229	3
195.449	1
195.669	0
195.889	3
196.109	1
196.329	5
196.549	2
196.769	2
196.989	0
197.21	1
197.43	1
197.65	1
197.87	2
198.09	2
198.31	1
198.53	1
198.75	1
198.97	0
199.19	1
199.411	0
199.631	2
199.851	2
200.071	4
200.291	0
200.511	0
200.731	1
200.951	1
201.171	0
201.391	2
201.612	1
201.832	2
202.052	1
202.272	3
202.492	1
202.712	1
202.932	0
203.152	0
203.372	1
203.593	2
203.813	2
204.033	1
204.253	5
204.473	0
204.693	0
204.913	0
205.133	3
205.353	0
205.573	0
205.793	0
206.014	1
206.234	2
206.454	0
206.674	0
206.894	0
207.114	0
207.334	2
207.554	3
207.774	2
207.994	0
208.215	1
208.435	0
208.655	0
208.875	2
209.095	1
209.315	0
209.535	1
209.755	1
209.975	0
210.195	3
210.416	2
210.636	1
210.856	0
211.076	3
211.296	1
211.516	0
211.736	1
211.956	2
212.176	1
212.397	2
212.617	0
212.837	2
213.057	1
213.277	0
213.497	0
213.717	1
213.937	2
214.157	0
214.377	0
214.598	0
214.818	1
215.038	1
215.258	1
215.478	4
215.698	0
215.918	1
216.138	0
216.358	0
216.578	1
216.798	1
217.019	3
217.239	0
217.459	2
217.679	2
217.899	0
218.119	1
218.339	0
218.559	3
218.779	0
218.999	0
219.22	2
219.44	1
219.66	1
219.88	1
220.1	1
220.32	1
220.54	2
220.76	1
220.98	2
221.2	0
221.421	2
221.641	0
221.861	3
222.081	1
222.301	0
222.521	1
222.741	2
222.961	2
223.181	0
223.402	0
223.622	3
223.842	1
224.062	0
224.282	1
224.502	0
224.722	1
224.942	2
225.162	0
225.382	1
225.602	5
225.823	0
226.043	1
226.263	1
226.483	0
226.703	1
226.923	0
227.143	3
227.363	1
227.583	0
227.803	0
228.024	1
228.244	2
228.464	1
228.684	1
228.904	1
229.124	1
229.344	1
229.564	3
229.784	1
230.004	2
230.225	0
230.445	0
230.665	2
230.885	3
231.105	1
231.325	1
231.545	3
231.765	0
231.985	1
232.206	0
232.426	0
232.646	1
232.866	0
233.086	0
233.306	0
233.526	1
233.746	1
233.966	0
234.186	0
234.406	0
234.627	0
234.847	1
235.067	1
235.287	1
235.507	0
235.727	0
235.947	2
236.167	0
236.387	0
236.607	0
236.828	0
237.048	2
237.268	0
237.488	1
237.708	0
237.928	0
238.148	0
238.368	0
238.588	3
238.808	0
239.029	1
239.249	1
239.469	3
239.689	1
239.909	1
240.129	0
240.349	2
240.569	0
240.789	0
241.01	0
241.23	0
241.45	0
241.67	2
241.89	1
242.11	1
242.33	0
242.55	2
242.77	3
242.99	0
243.211	0
243.431	0
243.651	1
243.871	0
244.091	1
244.311	0
244.531	1
244.751	1
244.971	1
245.191	1
245.411	1
245.632	2
245.852	0
246.072	0
246.292	3
246.512	1
246.732	0
246.952	0
247.172	1
247.392	1
247.612	0
247.833	1
248.053	0
248.273	2
248.493	2
248.713	0
248.933	3
249.153	0
249.373	1
249.593	0
249.813	0
250.034	2
250.254	0
250.474	1
250.694	1
250.914	0
251.134	3
251.354	1
251.574	0
251.794	0
252.015	1
252.235	0
252.455	0
252.675	2
252.895	1
253.115	2
253.335	1
253.555	3
253.775	2
253.995	1
254.215	0
254.436	1
254.656	0
254.876	0
255.096	0
255.316	1
255.536	0
255.756	1
255.976	0
256.196	0
256.416	1
256.637	0
256.857	1
257.077	0
257.297	1
257.517	1
257.737	2
257.957	0
258.177	0
258.397	1
258.618	3
258.838	2
259.058	1
259.278	1
259.498	2
259.718	0
259.938	1
260.158	0
260.378	1
260.598	1
260.818	0
261.039	2
261.259	2
261.479	1
261.699	0
261.919	1
262.139	0
262.359	1
262.579	0
262.799	0
263.019	0
263.24	1
263.46	1
263.68	1
263.9	0
264.12	1
264.34	0
264.56	1
264.78	1
265	1
265.221	1
265.441	0
265.661	2
265.881	1
266.101	0
266.321	1
266.541	0
266.761	1
266.981	2
267.201	1
267.421	1
267.642	0
267.862	1
268.082	1
268.302	2
268.522	3
268.742	0
268.962	4
269.182	2
269.402	1
269.623	0
269.843	0
270.063	0
270.283	0
270.503	1
270.723	0
270.943	1
271.163	0
271.383	1
271.603	0
271.823	0
272.044	1
272.264	0
272.484	0
272.704	0
272.924	0
273.144	0
273.364	1
273.584	1
273.804	1
274.024	0
274.245	1
274.465	1
274.685	2
274.905	1
275.125	1
275.345	0
275.565	1
275.785	1
276.005	1
276.226	1
276.446	1
276.666	1
276.886	0
277.106	0
277.326	0
277.546	0
277.766	1
277.986	0
278.206	0
278.426	1
278.647	1
278.867	1
279.087	3
279.307	0
279.527	1
279.747	1
279.967	1
280.187	1
280.407	0
280.628	1
280.848	1
281.068	1
281.288	1
281.508	0
281.728	0
281.948	1
282.168	1
282.388	0
282.608	0
282.828	1
283.049	1
283.269	1
283.489	0
283.709	0
283.929	0
284.149	1
284.369	1
284.589	0
284.809	0
285.029	3
285.25	0
285.47	2
285.69	0
285.91	1
286.13	0
286.35	1
286.57	3
286.79	0
287.01	0
287.231	1
287.451	1
287.671	1
287.891	0
288.111	1
288.331	0
288.551	0
288.771	1
288.991	1
289.211	2
289.431	0
289.652	0
289.872	1
290.092	0
290.312	1
290.532	0
290.752	0
290.972	1
291.192	1
291.412	1
291.632	1
291.853	0
292.073	1
292.293	1
292.513	0
292.733	2
292.953	2
293.173	2
293.393	0
293.613	0
293.834	0
294.054	1
294.274	0
294.494	2
294.714	0
294.934	2
295.154	2
295.374	1
295.594	0
295.814	1
296.034	1
296.255	0
296.475	1
296.695	0
296.915	0
297.135	0
297.355	3
297.575	0
297.795	2
298.015	1
298.236	2
298.456	2
298.676	1
298.896	2
299.116	0
299.336	0
299.556	1
299.776	1
299.996	2
300.216	2
300.436	0
300.657	1
300.877	1
301.097	0
301.317	0
301.537	2
301.757	1
301.977	1
302.197	0
302.417	0
302.637	1
302.858	0
303.078	1
303.298	0
303.518	1
303.738	2
303.958	1
304.178	1
304.398	3
304.618	0
304.839	0
305.059	0
305.279	0
305.499	0
305.719	0
305.939	0
306.159	0
306.379	1
306.599	1
306.819	1
307.039	0
307.26	0
307.48	1
307.7	0
307.92	0
308.14	1
308.36	0
308.58	0
308.8	1
309.02	2
309.241	0
309.461	0
309.681	0
309.901	0
310.121	0
310.341	1
310.561	0
310.781	0
311.001	1
311.221	1
311.441	0
311.662	0
311.882	0
312.102	0
312.322	2
312.542	0
312.762	0
312.982	1
313.202	0
313.422	0
313.642	3
313.863	1
314.083	2
314.303	0
314.523	0
314.743	1
314.963	2
315.183	3
315.403	2
315.623	0
315.844	1
316.064	1
316.284	0
316.504	0
316.724	1
316.944	0
317.164	1
317.384	0
317.604	0
317.824	0
318.044	0
318.265	0
318.485	1
318.705	1
318.925	1
319.145	0
319.365	0
319.585	0
319.805	1
320.025	1
320.245	1
320.466	0
320.686	0
320.906	1
321.126	1
321.346	0
321.566	0
321.786	0
322.006	0
322.226	1
322.446	0
322.667	2
322.887	1
323.107	0
323.327	1
323.547	1
323.767	1
323.987	0
324.207	0
324.427	0
324.647	0
324.868	2
325.088	1
325.308	3
325.528	1
325.748	1
325.968	0
326.188	0
326.408	2
326.628	0
326.849	1
327.069	0
327.289	3
327.509	1
327.729	2
327.949	0
328.169	1
328.389	1
328.609	1
328.829	3
329.049	0
329.27	4
329.49	1
329.71	0
329.93	0
330.15	1
330.37	3
330.59	0
330.81	1
331.03	1
331.25	0
331.471	1
331.691	0
331.911	0
332.131	1
332.351	0
332.571	0
332.791	2
333.011	0
333.231	0
333.452	0
333.672	2
333.892	1
334.112	1
334.332	0
334.552	0
334.772	0
334.992	0
335.212	2
335.432	0
335.652	0
335.873	1
336.093	1
336.313	1
336.533	1
336.753	0
336.973	1
337.193	0
337.413	2
337.633	1
337.854	0
338.074	4
338.294	0
338.514	1
338.734	3
338.954	1
339.174	0
339.394	0
339.614	0
339.834	1
340.054	0
340.275	0
340.495	1
340.715	3
340.935	1
341.155	1
341.375	0
341.595	1
341.815	0
342.035	0
342.255	1
342.476	0
342.696	1
342.916	0
343.136	0
343.356	1
343.576	0
343.796	1
344.016	1
344.236	0
344.457	1
344.677	0
344.897	0
345.117	0
345.337	0
345.557	0
345.777	0
345.997	0
346.217	0
346.437	2
346.657	1
346.878	0
347.098	2
347.318	0
347.538	0
347.758	0
347.978	1
348.198	0
348.418	0
348.638	0
348.858	1
349.079	0
349.299	0
349.519	1
349.739	0
349.959	1
350.179	0
350.399	2
350.619	0
350.839	0
351.059	1
351.28	0
351.5	0
351.72	0
351.94	0
352.16	0
352.38	0
352.6	0
352.82	0
353.04	0
353.26	0
353.481	1
353.701	0
353.921	1
354.141	0
354.361	0
354.581	0
354.801	0
355.021	0
355.241	0
355.462	2
355.682	0
355.902	1
356.122	1
356.342	0
356.562	1
356.782	0
357.002	0
357.222	0
357.442	0
357.662	0
357.883	1
358.103	1
358.323	0
358.543	1
358.763	0
358.983	1
359.203	1
359.423	0
359.643	0
359.863	1
360.084	1
360.304	0
360.524	0
360.744	1
360.964	2
361.184	0
361.404	0
361.624	0
361.844	1
362.065	0
362.285	0
362.505	2
362.725	1
362.945	0
363.165	0
363.385	0
363.605	1
363.825	2
364.045	0
364.265	0
364.486	0
364.706	1
364.926	1
365.146	0
365.366	0
365.586	0
365.806	0
366.026	0
366.246	0
366.467	0
366.687	0
366.907	1
367.127	0
367.347	0
367.567	0
367.787	2
368.007	0
368.227	0
368.447	0
368.667	0
368.888	0
369.108	1
369.328	0
369.548	0
369.768	1
369.988	0
370.208	1
370.428	0
370.648	2
370.868	2
371.089	0
371.309	0
371.529	0
371.749	1
371.969	2
372.189	2
372.409	0
372.629	0
372.849	0
373.07	0
373.29	0
373.51	0
373.73	3
373.95	1
374.17	1
374.39	0
374.61	1
374.83	0
375.05	0
375.27	0
375.491	0
375.711	2
375.931	3
376.151	0
376.371	0
376.591	0
376.811	0
377.031	0
377.251	0
377.471	0
377.692	0
377.912	0
378.132	0
378.352	1
378.572	0
378.792	0
379.012	0
379.232	0
379.452	0
379.672	0
379.893	0
380.113	0
380.333	0
380.553	1
380.773	1
380.993	0
381.213	1
381.433	1
381.653	0
381.873	0
382.094	0
382.314	0
382.534	0
382.754	0
382.974	1
383.194	0
383.414	0
383.634	0
383.854	0
384.075	0
384.295	0
384.515	0
384.735	0
384.955	1
385.175	1
385.395	0
385.615	0
385.835	0
386.055	0
386.275	0
386.496	0
386.716	1
386.936	0
387.156	0
387.376	0
387.596	0
387.816	0
388.036	1
388.256	0
388.476	0
388.697	2
388.917	1
389.137	0
389.357	0
389.577	1
389.797	1
390.017	1
390.237	1
390.457	0
390.678	0
390.898	0
391.118	0
391.338	0
391.558	0
391.778	0
391.998	0
392.218	0
392.438	0
392.658	0
392.878	0
393.099	0
393.319	0
393.539	0
393.759	1
393.979	0
394.199	0
394.419	0
394.639	0
394.859	0
395.08	0
395.3	1
395.52	0
395.74	1
395.96	0
396.18	1
396.4	0
396.62	1
396.84	0
397.06	1
397.28	0
397.501	2
397.721	0
397.941	0
398.161	0
398.381	0
398.601	0
398.821	0
399.041	0
399.261	0
399.481	0
399.702	0
399.922	0
400.142	0
400.362	0
400.582	0
400.802	2
401.022	0
401.242	0
401.462	1
401.683	0
401.903	0
402.123	0
402.343	0
402.563	2
402.783	0
403.003	0
403.223	0
403.443	0
403.663	0
403.883	0
404.104	0
404.324	1
404.544	0
404.764	0
404.984	0
405.204	1
405.424	1
405.644	0
405.864	0
406.084	1
406.305	0
406.525	1
406.745	0
406.965	0
407.185	0
407.405	1
407.625	0
407.845	0
408.065	1
408.285	0
408.506	1
408.726	0
408.946	0
409.166	0
409.386	1
409.606	0
409.826	1
410.046	0
410.266	1
410.486	0
410.707	0
410.927	0
411.147	0
411.367	0
411.587	0
411.807	0
412.027	0
412.247	0
412.467	0
412.688	0
412.908	0
413.128	0
413.348	0
413.568	0
413.788	1
414.008	0
414.228	0
414.448	0
414.668	0
414.888	0
415.109	0
415.329	0
415.549	0
415.769	1
415.989	1
416.209	1
416.429	0
416.649	0
416.869	0
417.089	0
417.31	0
417.53	0
417.75	0
417.97	0
418.19	1
418.41	1
418.63	0
418.85	0
419.07	1
419.291	0
419.511	0
419.731	0
419.951	0
420.171	0
420.391	0
420.611	0
420.831	0
421.051	1
421.271	1
421.491	0
421.712	0
421.932	0
422.152	0
422.372	0
422.592	0
422.812	0
423.032	0
423.252	0
423.472	0
423.693	0
423.913	1
424.133	0
424.353	0
424.573	0
424.793	0
425.013	0
425.233	1
425.453	0
425.673	0
425.893	0
426.114	0
426.334	0
426.554	1
426.774	0
426.994	0
427.214	0
427.434	0
427.654	0
427.874	0
428.094	0
428.315	0
428.535	0
428.755	0
428.975	0
429.195	0
429.415	0
429.635	0
429.855	0
430.075	0
430.296	1
430.516	0
430.736	0
430.956	0
431.176	0
431.396	0
431.616	0
431.836	0
432.056	0
432.276	0
432.496	0
432.717	0
432.937	1
433.157	0
433.377	1
433.597	0
433.817	0
434.037	0
434.257	0
434.477	0
434.697	0
434.918	0
435.138	0
435.358	0
435.578	0
435.798	0
436.018	1
436.238	0
436.458	0
436.678	0
436.898	0
437.119	0
437.339	0
437.559	0
437.779	0
437.999	0
438.219	0
438.439	0
438.659	1
438.879	1
439.099	0
439.32	1
439.54	0
439.76	1
439.98	1
440.2	0
440.42	0
440.64	1
440.86	0
441.08	0
441.301	0
441.521	0
441.741	0
441.961	0
442.181	0
442.401	1
442.621	0
442.841	0
443.061	0
443.281	1
443.501	0
443.722	0
443.942	1
444.162	0
444.382	0
444.602	0
444.822	1
445.042	0
445.262	0
445.482	0
445.702	1
445.923	0
446.143	0
446.363	0
446.583	1
446.803	1
447.023	0
447.243	0
447.463	0
447.683	0
447.904	0
448.124	0
448.344	0
448.564	1
448.784	0
449.004	1
449.224	0
449.444	0
449.664	0
449.884	1
450.104	0
450.325	0
450.545	1
450.765	0
450.985	0
451.205	0
451.425	0
451.645	0
451.865	1
452.085	1
452.305	0
452.526	0
452.746	0
452.966	0
453.186	2
453.406	0
453.626	0
453.846	0
454.066	0
454.286	0
454.506	0
454.727	0
454.947	0
455.167	0
455.387	0
455.607	0
455.827	0
456.047	0
456.267	1
456.487	0
456.707	0
456.928	0
457.148	1
457.368	0
457.588	0
457.808	0
458.028	1
458.248	0
458.468	1
458.688	1
458.909	0
459.129	0
459.349	0
459.569	0
459.789	0
460.009	0
460.229	0
460.449	0
460.669	0
460.889	0
461.109	0
461.33	0
461.55	0
461.77	0
461.99	0
462.21	0
462.43	0
462.65	1
462.87	0
463.09	0
463.31	0
463.531	1
463.751	0
463.971	0
464.191	0
464.411	0
464.631	0
464.851	0
465.071	0
465.291	1
465.511	0
465.732	0
465.952	0
466.172	0
466.392	0
466.612	0
466.832	0
467.052	0
467.272	0
467.492	1
467.712	0
467.933	0
468.153	0
468.373	0
468.593	0
468.813	0
469.033	0
469.253	1
469.473	0
469.693	0
469.914	2
470.134	0
470.354	0
470.574	0
470.794	0
471.014	0
471.234	0
471.454	0
471.674	0
471.894	0
472.114	1
472.335	0
472.555	0
472.775	0
472.995	0
473.215	0
473.435	0
473.655	0
473.875	0
474.095	0
474.315	0
474.536	0
474.756	0
474.976	0
475.196	0
475.416	0
475.636	0
475.856	1
476.076	0
476.296	0
476.516	0
476.737	1
476.957	0
477.177	0
477.397	0
477.617	0
477.837	0
478.057	0
478.277	0
478.497	0
478.717	1
478.938	1
479.158	0
479.378	0
479.598	0
479.818	1
480.038	0
480.258	0
480.478	0
480.698	1
480.918	1
481.139	0
481.359	0
481.579	1
481.799	0
482.019	1
482.239	0
482.459	0
482.679	0
482.899	0
483.119	0
483.34	0
483.56	0
483.78	0
484	0
484.22	1
484.44	0
484.66	0
484.88	0
485.1	0
485.32	0
485.541	0
485.761	0
485.981	0
486.201	0
486.421	0
486.641	0
486.861	0
487.081	0
487.301	0
487.522	0
487.742	0
487.962	0
488.182	1
488.402	0
488.622	0
488.842	1
489.062	0
489.282	0
489.502	0
489.722	0
489.943	1
490.163	1
490.383	0
490.603	1
490.823	0
491.043	0
491.263	0
491.483	0
491.703	0
491.923	0
492.144	0
492.364	1
492.584	0
492.804	0
493.024	0
493.244	0
493.464	0
493.684	0
493.904	0
494.124	1
494.345	0
494.565	0
494.785	0
495.005	0
495.225	0
495.445	0
495.665	1
495.885	0
496.105	0
496.325	1
496.546	0
496.766	0
496.986	0
497.206	0
497.426	0
497.646	1
497.866	0
498.086	0
498.306	0
498.527	0
498.747	0
498.967	0
499.187	0
499.407	0
499.627	0
499.847	0
500.067	0
500.287	0
500.507	1
500.727	0
500.948	0
501.168	0
501.388	0
501.608	0
501.828	0
502.048	0
502.268	0
502.488	0
502.708	1
502.928	0
503.149	0
503.369	0
503.589	1
503.809	0
504.029	0
504.249	0
504.469	0
504.689	0
504.909	0
505.129	0
505.35	0
505.57	0
505.79	1
506.01	0
506.23	0
506.45	0
506.67	0
506.89	0
507.11	2
507.33	2
507.551	1
507.771	2
507.991	4
508.211	1
508.431	4
508.651	5
508.871	5
509.091	10
509.311	10
509.531	11
509.752	15
509.972	16
510.192	20
510.412	10
510.632	17
510.852	12
511.072	12
511.292	13
511.512	8
511.732	7
511.953	8
512.173	5
512.393	3
512.613	5
512.833	0
513.053	0
513.273	0
513.493	2
513.713	1
513.933	1
514.154	1
514.374	0
514.594	0
514.814	0
515.034	0
515.254	0
515.474	0
515.694	0
515.914	1
516.135	0
516.355	1
516.575	1
516.795	0
517.015	0
517.235	0
517.455	0
517.675	0
517.895	0
518.115	0
518.336	1
518.556	0
518.776	0
518.996	0
519.216	0
519.436	0
519.656	0
519.876	1
520.096	1
520.316	1
520.536	0
520.757	0
520.977	0
521.197	0
521.417	0
521.637	0
521.857	1
522.077	0
522.297	0
522.517	0
522.737	0
522.958	0
523.178	0
523.398	0
523.618	0
523.838	0
524.058	0
524.278	0
524.498	0
524.718	0
524.938	0
525.159	0
525.379	0
525.599	0
525.819	1
526.039	0
526.259	0
526.479	0
526.699	0
526.919	0
527.14	0
527.36	0
527.58	1
527.8	0
528.02	0
528.24	0
528.46	0
528.68	0
528.9	0
529.12	0
529.341	0
529.561	0
529.781	0
530.001	0
530.221	1
530.441	0
530.661	0
530.881	1
531.101	0
531.321	1
531.541	0
531.762	0
531.982	0
532.202	0
532.422	0
532.642	0
532.862	0
533.082	1
533.302	0
533.522	0
533.742	0
533.963	0
534.183	0
534.403	0
534.623	0
534.843	0
535.063	0
535.283	0
535.503	0
535.723	0
535.943	0
536.164	0
536.384	0
536.604	0
536.824	0
537.044	0
537.264	0
537.484	0
537.704	0
537.924	0
538.144	0
538.365	0
538.585	0
538.805	0
539.025	0
539.245	0
539.465	1
539.685	0
539.905	0
540.125	0
540.346	1
540.566	0
540.786	0
541.006	0
541.226	0
541.446	0
541.666	0
541.886	0
542.106	0
542.326	0
542.546	0
542.767	1
542.987	0
543.207	0
543.427	0
543.647	0
543.867	0
544.087	1
544.307	0
544.527	1
544.747	1
544.968	0
545.188	0
545.408	0
545.628	0
545.848	0
546.068	1
546.288	0
546.508	0
546.728	0
546.948	0
547.169	0
547.389	0
547.609	0
547.829	0
548.049	0
548.269	0
548.489	0
548.709	0
548.929	0
549.149	0
549.37	0
549.59	0
549.81	0
550.03	1
550.25	0
550.47	0
550.69	0
550.91	1
551.13	0
551.351	0
551.571	0
551.791	0
552.011	0
552.231	0
552.451	0
552.671	0
552.891	0
553.111	0
553.331	0
553.551	0
553.772	0
553.992	0
554.212	0
554.432	0
554.652	2
554.872	0
555.092	0
555.312	0
555.532	0
555.752	0
555.973	0
556.193	0
556.413	0
556.633	0
556.853	0
557.073	0
557.293	0
557.513	0
557.733	0
557.953	0
558.174	0
558.394	0
558.614	1
558.834	0
559.054	0
559.274	0
559.494	1
559.714	0
559.934	1
560.154	0
560.375	1
560.595	0
560.815	0
561.035	0
561.255	0
561.475	0
561.695	0
561.915	0
562.135	0
562.356	0
562.576	0
562.796	0
563.016	0
563.236	1
563.456	0
563.676	0
563.896	0
564.116	0
564.336	0
564.557	0
564.777	0
564.997	0
565.217	0
565.437	1
565.657	0
565.877	0
566.097	0
566.317	1
566.537	0
566.757	0
566.978	0
567.198	0
567.418	1
567.638	1
567.858	0
568.078	0
568.298	0
568.518	0
568.738	1
568.958	0
569.179	0
569.399	0
569.619	0
569.839	0
570.059	0
570.279	0
570.499	0
570.719	0
570.939	0
571.159	0
571.38	0
571.6	0
571.82	0
572.04	0
572.26	0
572.48	0
572.7	0
572.92	0
573.14	0
573.361	0
573.581	0
573.801	0
574.021	0
574.241	0
574.461	0
574.681	0
574.901	0
575.121	0
575.341	1
575.562	0
575.782	0
576.002	0
576.222	0
576.442	0
576.662	0
576.882	0
577.102	0
577.322	0
577.542	0
577.762	0
577.983	0
578.203	0
578.423	0
578.643	0
578.863	0
579.083	0
579.303	0
579.523	0
579.743	0
579.963	0
580.184	0
580.404	0
580.624	1
580.844	0
581.064	1
581.284	0
581.504	0
581.724	0
581.944	0
582.164	0
582.385	0
582.605	0
582.825	1
583.045	0
583.265	0
583.485	0
583.705	0
583.925	0
584.145	0
584.366	0
584.586	0
584.806	0
585.026	0
585.246	0
585.466	1
585.686	0
585.906	0
586.126	0
586.346	0
586.567	0
586.787	0
587.007	1
587.227	0
587.447	0
587.667	0
587.887	1
588.107	0
588.327	0
588.547	0
588.767	0
588.988	0
589.208	0
589.428	0
589.648	0
589.868	1
590.088	0
590.308	0
590.528	0
590.748	1
590.968	0
591.189	0
591.409	0
591.629	0
591.849	0
592.069	0
592.289	0
592.509	0
592.729	0
592.949	0
593.169	0
593.39	0
593.61	0
593.83	0
594.05	0
594.27	0
594.49	0
594.71	0
594.93	0
595.15	1
595.37	1
595.591	0
595.811	0
596.031	0
596.251	0
596.471	0
596.691	0
596.911	0
597.131	1
597.351	0
597.572	0
597.792	0
598.012	0
598.232	0
598.452	1
598.672	0
598.892	0
599.112	0
599.332	0
599.552	1
599.772	0
599.993	0
600.213	0
600.433	0
600.653	0
600.873	0
601.093	0
601.313	0
601.533	0
601.753	0
601.973	0
602.194	1
602.414	0
602.634	0
602.854	0
603.074	0
603.294	0
603.514	0
603.734	0
603.954	1
604.174	0
604.395	0
604.615	0
604.835	0
605.055	1
605.275	0
605.495	0
605.715	0
605.935	0
606.155	0
606.375	0
606.596	0
606.816	0
607.036	0
607.256	0
607.476	0
607.696	0
607.916	0
608.136	0
608.356	0
608.577	0
608.797	2
609.017	0
609.237	0
609.457	0
609.677	0
609.897	0
610.117	0
610.337	0
610.557	0
610.777	1
610.998	0
611.218	0
611.438	0
611.658	0
611.878	0
612.098	1
612.318	0
612.538	0
612.758	0
612.978	0
613.199	0
613.419	0
613.639	0
613.859	0
614.079	0
614.299	0
614.519	0
614.739	0
614.959	1
615.179	0
615.4	0
615.62	0
615.84	0
616.06	0
616.28	0
616.5	0
616.72	0
616.94	0
617.16	0
617.38	0
617.601	0
617.821	0
618.041	0
618.261	0
618.481	1
618.701	0
618.921	0
619.141	0
619.361	0
619.582	0
619.802	0
620.022	0
620.242	0
620.462	2
620.682	0
620.902	0
621.122	0
621.342	0
621.562	0
621.783	1
622.003	0
622.223	0
622.443	0
622.663	0
622.883	0
623.103	1
623.323	0
623.543	0
623.763	0
623.983	0
624.204	0
624.424	0
624.644	1
624.864	0
625.084	1
625.304	0
625.524	0
625.744	0
625.964	1
626.184	0
626.405	0
626.625	0
626.845	0
627.065	0
627.285	0
627.505	0
627.725	0
627.945	0
628.165	0
628.385	0
628.606	0
628.826	0
629.046	0
629.266	0
629.486	0
629.706	0
629.926	0
630.146	1
630.366	1
630.587	0
630.807	0
631.027	0
631.247	0
631.467	0
631.687	0
631.907	1
632.127	0
632.347	1
632.567	0
632.788	0
633.008	0
633.228	0
633.448	0
633.668	0
633.888	0
634.108	0
634.328	0
634.548	0
634.768	0
634.988	0
635.209	0
635.429	0
635.649	0
635.869	0
636.089	0
636.309	0
636.529	0
636.749	0
636.969	0
637.189	0
637.41	0
637.63	0
637.85	0
638.07	0
638.29	0
638.51	0
638.73	0
638.95	0
639.17	0
639.39	0
639.611	0
639.831	0
640.051	0
640.271	0
640.491	0
640.711	0
640.931	0
641.151	0
641.371	0
641.592	0
641.812	0
642.032	0
642.252	0
642.472	1
642.692	0
642.912	0
643.132	0
643.352	0
643.572	0
643.793	1
644.013	0
644.233	0
644.453	0
644.673	0
644.893	0
645.113	1
645.333	0
645.553	1
645.773	0
645.993	1
646.214	0
646.434	0
646.654	0
646.874	0
647.094	0
647.314	0
647.534	0
647.754	0
647.974	0
648.194	0
648.415	0
648.635	0
648.855	0
649.075	0
649.295	0
649.515	0
649.735	0
649.955	0
650.175	0
650.395	0
650.616	0
650.836	0
651.056	1
651.276	0
651.496	1
651.716	0
651.936	0
652.156	0
652.376	0
652.596	0
652.817	0
653.037	0
653.257	0
653.477	0
653.697	0
653.917	0
654.137	0
654.357	0
654.577	0
654.798	0
655.018	0
655.238	0
655.458	0
655.678	0
655.898	0
656.118	0
656.338	0
656.558	0
656.778	0
656.998	0
657.219	0
657.439	1
657.659	0
657.879	1
658.099	0
658.319	0
658.539	0
658.759	0
658.979	0
659.199	0
659.42	0
659.64	0
659.86	0
660.08	0
660.3	0
660.52	0
660.74	0
660.96	0
661.18	1
661.4	0
661.621	0
661.841	0
662.061	0
662.281	0
662.501	0
662.721	1
662.941	0
663.161	1
663.381	1
663.601	0
663.822	0
664.042	0
664.262	0
664.482	0
664.702	0
664.922	0
665.142	0
665.362	0
665.582	0
665.803	0
666.023	0
666.243	0
666.463	1
666.683	0
666.903	0
667.123	0
667.343	0
667.563	0
667.783	0
668.003	0
668.224	0
668.444	0
668.664	0
668.884	0
669.104	0
669.324	0
669.544	0
669.764	0
669.984	1
670.204	0
670.425	0
670.645	0
670.865	0
671.085	0
671.305	0
671.525	0
671.745	0
671.965	0
672.185	0
672.405	1
672.626	0
672.846	0
673.066	0
673.286	0
673.506	0
673.726	0
673.946	0
674.166	0
674.386	0
674.606	0
674.827	0
675.047	0
675.267	0
675.487	0
675.707	0
675.927	0
676.147	0
676.367	0
676.587	0
676.808	0
677.028	0
677.248	0
677.468	1
677.688	0
677.908	0
678.128	0
678.348	0
678.568	0
678.788	0
679.008	0
679.229	0
679.449	1
679.669	0
679.889	0
680.109	0
680.329	0
680.549	0
680.769	1
680.989	0
681.209	0
681.43	0
681.65	0
681.87	0
682.09	0
682.31	0
682.53	0
682.75	0
682.97	0
683.19	0
683.41	0
683.631	0
683.851	0
684.071	0
684.291	0
684.511	1
684.731	0
684.951	0
685.171	0
685.391	0
685.611	0
685.832	0
686.052	0
686.272	0
686.492	0
686.712	0
686.932	0
687.152	0
687.372	0
687.592	0
687.813	0
688.033	0
688.253	0
688.473	0
688.693	0
688.913	0
689.133	0
689.353	1
689.573	0
689.793	0
690.014	0
690.234	0
690.454	0
690.674	0
690.894	0
691.114	0
691.334	0
691.554	0
691.774	0
691.994	0
692.214	1
692.435	0
692.655	0
692.875	1
693.095	1
693.315	0
693.535	0
693.755	0
693.975	0
694.195	0
694.415	0
694.636	0
694.856	0
695.076	0
695.296	0
695.516	1
695.736	0
695.956	0
696.176	0
696.396	1
696.616	0
696.837	0
697.057	0
697.277	0
697.497	0
697.717	0
697.937	0
698.157	0
698.377	0
698.597	0
698.818	0
699.038	0
699.258	0
699.478	0
699.698	0
699.918	1
700.138	0
700.358	0
700.578	2
700.798	0
701.019	0
701.239	1
701.459	0
701.679	1
701.899	0
702.119	0
702.339	0
702.559	0
702.779	0
702.999	0
703.219	0
703.44	0
703.66	0
703.88	0
704.1	2
704.32	0
704.54	0
704.76	0
704.98	0
705.2	1
705.42	0
705.641	0
705.861	0
706.081	0
706.301	0
706.521	0
706.741	1
706.961	1
707.181	0
707.401	0
707.621	1
707.842	0
708.062	0
708.282	0
708.502	0
708.722	0
708.942	0
709.162	0
709.382	0
709.602	1
709.822	0
710.043	0
710.263	0
710.483	0
710.703	0
710.923	0
711.143	0
711.363	1
711.583	0
711.803	0
712.024	0
712.244	0
712.464	0
712.684	0
712.904	0
713.124	0
713.344	0
713.564	1
713.784	0
714.004	0
714.224	0
714.445	0
714.665	1
714.885	0
715.105	0
715.325	0
715.545	1
715.765	0
715.985	0
716.205	0
716.425	0
716.646	0
716.866	0
717.086	0
717.306	1
717.526	0
717.746	0
717.966	0
718.186	0
718.406	0
718.626	0
718.847	0
719.067	1
719.287	0
719.507	0
719.727	0
719.947	0
720.167	0
720.387	1
720.607	0
720.827	0
721.048	0
721.268	0
721.488	0
721.708	0
721.928	0
722.148	0
722.368	0
722.588	0
722.808	0
723.029	0
723.249	0
723.469	0
723.689	1
723.909	0
724.129	0
724.349	0
724.569	0
724.789	0
725.009	0
725.229	0
725.45	0
725.67	0
725.89	1
726.11	0
726.33	0
726.55	0
726.77	0
726.99	0
727.21	0
727.43	0
727.651	0
727.871	0
728.091	0
728.311	0
728.531	0
728.751	0
728.971	0
729.191	1
729.411	0
729.631	0
729.852	0
730.072	0
730.292	0
730.512	0
730.732	0
730.952	1
731.172	0
731.392	0
731.612	0
731.832	0
732.053	0
732.273	0
732.493	0
732.713	0
732.933	0
733.153	0
733.373	0
733.593	0
733.813	0
734.034	0
734.254	0
734.474	0
734.694	0
734.914	0
735.134	0
735.354	0
735.574	0
735.794	1
736.014	0
736.234	0
736.455	0
736.675	0
736.895	0
737.115	0
737.335	0
737.555	0
737.775	0
737.995	0
738.215	0
738.435	0
738.656	0
738.876	0
739.096	1
739.316	0
739.536	0
739.756	0
739.976	1
740.196	0
740.416	0
740.636	0
740.857	0
741.077	0
741.297	0
741.517	0
741.737	0
741.957	0
742.177	0
742.397	0
742.617	1
742.837	0
743.058	0
743.278	0
743.498	0
743.718	0
743.938	0
744.158	0
744.378	0
744.598	0
744.818	0
745.039	0
745.259	0
745.479	0
745.699	0
745.919	0
746.139	0
746.359	0
746.579	0
746.799	0
747.019	0
747.24	0
747.46	0
747.68	0
747.9	0
748.12	0
748.34	1
748.56	0
748.78	0
749	1
749.22	0
749.44	0
749.661	0
749.881	0
750.101	0
750.321	0
750.541	0
750.761	0
750.981	0
751.201	0
751.421	0
751.641	1
751.862	2
752.082	0
752.302	0
752.522	0
752.742	0
752.962	0
753.182	0
753.402	0
753.622	0
753.842	0
754.063	0
754.283	0
754.503	0
754.723	0
754.943	0
755.163	0
755.383	0
755.603	0
755.823	1
756.043	0
756.264	0
756.484	0
756.704	1
756.924	0
757.144	0
757.364	0
757.584	1
757.804	0
758.024	0
758.245	0
758.465	0
758.685	0
758.905	0
759.125	0
759.345	0
759.565	0
759.785	0
760.005	0
760.225	0
760.445	0
760.666	0
760.886	0
761.106	1
761.326	0
761.546	0
761.766	0
761.986	0
762.206	0
762.426	0
762.646	0
762.867	0
763.087	0
763.307	0
763.527	0
763.747	0
763.967	0
764.187	0
764.407	0
764.627	0
764.847	1
765.068	0
765.288	0
765.508	0
765.728	1
765.948	0
766.168	0
766.388	0
766.608	0
766.828	0
767.048	1
767.269	0
767.489	0
767.709	0
767.929	0
768.149	0
768.369	0
768.589	1
768.809	0
769.029	0
769.25	0
769.47	0
769.69	0
769.91	0
770.13	0
770.35	0
770.57	1
770.79	1
771.01	0
771.23	0
771.45	0
771.671	0
771.891	0
772.111	1
772.331	0
772.551	0
772.771	0
772.991	0
773.211	1
773.431	0
773.651	0
773.872	0
774.092	0
774.312	0
774.532	0
774.752	1
774.972	0
775.192	0
775.412	1
775.632	0
775.852	0
776.073	0
776.293	0
776.513	0
776.733	0
776.953	1
777.173	0
777.393	0
777.613	0
777.833	0
778.053	0
778.274	0
778.494	0
778.714	1
778.934	0
779.154	0
779.374	0
779.594	0
779.814	0
780.034	0
780.255	1
780.475	0
780.695	1
780.915	1
781.135	0
781.355	0
781.575	0
781.795	0
782.015	1
782.235	0
782.455	0
782.676	0
782.896	0
783.116	0
783.336	0
783.556	0
783.776	1
783.996	0
784.216	0
784.436	0
784.656	0
784.877	0
785.097	0
785.317	0
785.537	0
785.757	0
785.977	0
786.197	0
786.417	0
786.637	0
786.857	0
787.078	1
787.298	0
787.518	1
787.738	0
787.958	0
788.178	0
788.398	1
788.618	0
788.838	0
789.058	0
789.279	1
789.499	1
789.719	0
789.939	0
790.159	0
790.379	0
790.599	0
790.819	0
791.039	0
791.26	0
791.48	1
791.7	0
791.92	0
792.14	0
792.36	0
792.58	0
792.8	1
793.02	0
793.24	0
793.46	0
793.681	0
793.901	0
794.121	0
794.341	0
794.561	0
794.781	1
795.001	0
795.221	0
795.441	1
795.661	0
795.882	0
796.102	1
796.322	0
796.542	1
796.762	0
796.982	0
797.202	2
797.422	0
797.642	0
797.862	0
798.083	0
798.303	0
798.523	0
798.743	0
798.963	0
799.183	0
799.403	0
799.623	0
799.843	0
800.063	0
800.284	0
800.504	0
800.724	0
800.944	1
801.164	1
801.384	0
801.604	0
801.824	0
802.044	0
802.265	0
802.485	0
802.705	0
802.925	0
803.145	0
803.365	0
803.585	0
803.805	0
804.025	0
804.245	0
804.466	1
804.686	0
804.906	0
805.126	0
805.346	0
805.566	0
805.786	0
806.006	0
806.226	0
806.446	1
806.666	0
806.887	0
807.107	1
807.327	0
807.547	0
807.767	0
807.987	0
808.207	0
808.427	0
808.647	0
808.867	0
809.088	0
809.308	0
809.528	1
809.748	0
809.968	0
810.188	0
810.408	0
810.628	0
810.848	0
811.068	0
811.289	0
811.509	1
811.729	0
811.949	0
812.169	0
812.389	0
812.609	0
812.829	0
813.049	0
813.269	1
813.49	0
813.71	0
813.93	0
814.15	0
814.37	0
814.59	0
814.81	1
815.03	0
815.25	0
815.471	0
815.691	1
815.911	0
816.131	0
816.351	0
816.571	1
816.791	0
817.011	0
817.231	0
817.451	1
817.671	0
817.892	0
818.112	0
818.332	0
818.552	0
818.772	0
818.992	0
819.212	0
819.432	0
819.652	0
819.872	0
820.093	0
820.313	0
820.533	0
820.753	0
820.973	0
821.193	0
821.413	0
821.633	0
821.853	0
822.073	0
822.294	0
822.514	0
822.734	0
822.954	0
823.174	0
823.394	1
823.614	0
823.834	0
824.054	0
824.274	0
824.495	0
824.715	0
824.935	0
825.155	0
825.375	0
825.595	0
825.815	0
826.035	0
826.255	0
826.476	0
826.696	0
826.916	0
827.136	0
827.356	0
827.576	1
827.796	0
828.016	0
828.236	0
828.456	0
828.676	0
828.897	0
829.117	0
829.337	0
829.557	0
829.777	0
829.997	0
830.217	0
830.437	0
830.657	0
830.877	0
831.098	0
831.318	0
831.538	0
831.758	0
831.978	0
832.198	0
832.418	0
832.638	1
832.858	0
833.078	0
833.299	0
833.519	0
833.739	0
833.959	0
834.179	0
834.399	1
834.619	1
834.839	1
835.059	0
835.279	0
835.5	0
835.72	0
835.94	0
836.16	0
836.38	1
836.6	0
836.82	0
837.04	1
837.26	1
837.481	0
837.701	0
837.921	1
838.141	1
838.361	0
838.581	0
838.801	0
839.021	0
839.241	0
839.461	0
839.681	0
839.902	0
840.122	0
840.342	0
840.562	0
840.782	1
841.002	0
841.222	0
841.442	0
841.662	0
841.882	0
842.103	0
842.323	0
842.543	0
842.763	0
842.983	0
843.203	0
843.423	0
843.643	0
843.863	0
844.083	2
844.304	0
844.524	0
844.744	0
844.964	0
845.184	0
845.404	1
845.624	0
845.844	0
846.064	0
846.284	0
846.505	0
846.725	0
846.945	0
847.165	0
847.385	0
847.605	0
847.825	0
848.045	0
848.265	0
848.486	0
848.706	1
848.926	0
849.146	0
849.366	0
849.586	0
849.806	0
850.026	0
850.246	0
850.466	0
850.686	0
850.907	0
851.127	0
851.347	0
851.567	0
851.787	0
852.007	0
852.227	0
852.447	1
852.667	1
852.887	0
853.108	0
853.328	0
853.548	0
853.768	1
853.988	0
854.208	1
854.428	0
854.648	0
854.868	0
855.088	0
855.309	0
855.529	0
855.749	0
855.969	0
856.189	0
856.409	0
856.629	0
856.849	0
857.069	0
857.289	0
857.51	1
857.73	0
857.95	0
858.17	0
858.39	0
858.61	0
858.83	0
859.05	0
859.27	0
859.491	0
859.711	0
859.931	1
860.151	0
860.371	0
860.591	0
860.811	0
861.031	1
861.251	0
861.471	0
861.691	1
861.912	0
862.132	0
862.352	0
862.572	0
862.792	0
863.012	0
863.232	0
863.452	0
863.672	0
863.892	0
864.113	1
864.333	0
864.553	0
864.773	0
864.993	0
865.213	0
865.433	0
865.653	1
865.873	0
866.093	0
866.314	0
866.534	0
866.754	0
866.974	0
867.194	1
867.414	0
867.634	0
867.854	0
868.074	0
868.294	0
868.515	0
868.735	0
868.955	0
869.175	0
869.395	0
869.615	0
869.835	0
870.055	0
870.275	1
870.495	0
870.716	0
870.936	0
871.156	0
871.376	0
871.596	0
871.816	0
872.036	0
872.256	0
872.476	1
872.697	0
872.917	0
873.137	0
873.357	1
873.577	0
873.797	1
874.017	0
874.237	0
874.457	1
874.677	0
874.897	0
875.118	0
875.338	0
875.558	0
875.778	0
875.998	0
876.218	0
876.438	0
876.658	0
876.878	0
877.098	0
877.319	0
877.539	0
877.759	0
877.979	0
878.199	0
878.419	0
878.639	0
878.859	1
879.079	0
879.299	0
879.52	1
879.74	0
879.96	0
880.18	1
880.4	0
880.62	0
880.84	0
881.06	0
881.28	0
881.5	0
881.721	0
881.941	0
882.161	0
882.381	0
882.601	0
882.821	0
883.041	0
883.261	0
883.481	0
883.702	0
883.922	0
884.142	0
884.362	1
884.582	0
884.802	0
885.022	1
885.242	0
885.462	0
885.682	0
885.902	0
886.123	0
886.343	1
886.563	1
886.783	0
887.003	0
887.223	0
887.443	0
887.663	0
887.883	0
888.103	0
888.324	0
888.544	0
888.764	0
888.984	0
889.204	1
889.424	0
889.644	0
889.864	0
890.084	0
890.304	0
890.525	0
890.745	1
890.965	0
891.185	0
891.405	0
891.625	0
891.845	0
892.065	0
892.285	0
892.505	0
892.726	0
892.946	0
893.166	0
893.386	0
893.606	0
893.826	0
894.046	0
894.266	0
894.486	0
894.707	0
894.927	0
895.147	0
895.367	0
895.587	0
895.807	0
896.027	0
896.247	0
896.467	0
896.687	0
896.907	0
897.128	0
897.348	0
897.568	0
897.788	0
898.008	0
898.228	0
898.448	0
898.668	0
898.888	0
899.108	1
899.329	0
899.549	0
899.769	1
899.989	0
900.209	0
900.429	0
900.649	1
900.869	0
901.089	0
901.309	0
901.53	0
901.75	0
901.97	0
902.19	0
902.41	0
902.63	0
902.85	0
903.07	0
903.29	0
903.51	0
903.731	0
903.951	0
904.171	0
904.391	0
904.611	0
904.831	0
905.051	0
905.271	0
905.491	0
905.712	0
905.932	0
906.152	0
906.372	0
906.592	0
906.812	0
907.032	0
907.252	0
907.472	0
907.692	0
907.912	0
908.133	0
908.353	0
908.573	0
908.793	0
909.013	0
909.233	0
909.453	0
909.673	0
909.893	0
910.113	0
910.334	0
910.554	0
910.774	1
910.994	1
911.214	0
911.434	0
911.654	0
911.874	0
912.094	0
912.314	0
912.535	0
912.755	0
912.975	0
913.195	1
913.415	0
913.635	0
913.855	0
914.075	0
914.295	0
914.515	0
914.736	0
914.956	1
915.176	0
915.396	0
915.616	0
915.836	0
916.056	0
916.276	0
916.496	0
916.717	0
916.937	0
917.157	0
917.377	0
917.597	0
917.817	0
918.037	0
918.257	0
918.477	0
918.697	0
918.917	0
919.138	1
919.358	0
919.578	1
919.798	0
920.018	0
920.238	0
920.458	0
920.678	0
920.898	0
921.118	0
921.339	0
921.559	0
921.779	0
921.999	0
922.219	0
922.439	0
922.659	1
922.879	0
923.099	0
923.319	0
923.54	0
923.76	0
923.98	0
924.2	0
924.42	0
924.64	0
924.86	0
925.08	0
925.3	0
925.52	0
925.741	0
925.961	0
926.181	0
926.401	0
926.621	0
926.841	0
927.061	0
927.281	0
927.501	0
927.721	0
927.942	0
928.162	1
928.382	0
928.602	1
928.822	0
929.042	0
929.262	0
929.482	0
929.702	0
929.923	0
930.143	0
930.363	0
930.583	0
930.803	0
931.023	0
931.243	0
931.463	1
931.683	0
931.903	0
932.123	0
932.344	0
932.564	0
932.784	0
933.004	0
933.224	1
933.444	0
933.664	1
933.884	0
934.104	1
934.324	0
934.545	0
934.765	1
934.985	0
935.205	0
935.425	0
935.645	0
935.865	0
936.085	0
936.305	0
936.525	0
936.746	0
936.966	0
937.186	0
937.406	0
937.626	0
937.846	1
938.066	0
938.286	0
938.506	0
938.726	0
938.947	0
939.167	0
939.387	0
939.607	0
939.827	0
940.047	0
940.267	0
940.487	0
940.707	1
940.928	0
941.148	0
941.368	0
941.588	0
941.808	0
942.028	0
942.248	0
942.468	0
942.688	0
942.908	0
943.128	1
943.349	0
943.569	0
943.789	0
944.009	0
944.229	0
944.449	0
944.669	1
944.889	0
945.109	0
945.329	0
945.55	0
945.77	1
945.99	0
946.21	0
946.43	0
946.65	0
946.87	0
947.09	0
947.31	0
947.53	0
947.751	0
947.971	0
948.191	0
948.411	0
948.631	0
948.851	0
949.071	0
949.291	0
949.511	0
949.731	0
949.952	0
950.172	0
950.392	0
950.612	1
950.832	0
951.052	0
951.272	0
951.492	0
951.712	0
951.933	0
952.153	0
952.373	1
952.593	0
952.813	0
953.033	1
953.253	0
953.473	0
953.693	0
953.913	0
954.133	0
954.354	0
954.574	0
954.794	0
955.014	0
955.234	0
955.454	0
955.674	0
955.894	1
956.114	0
956.334	0
956.555	0
956.775	0
956.995	0
957.215	0
957.435	0
957.655	0
957.875	0
958.095	0
958.315	0
958.535	0
958.756	0
958.976	0
959.196	0
959.416	1
959.636	0
959.856	0
960.076	0
960.296	0
960.516	0
960.736	0
960.957	0
961.177	0
961.397	0
961.617	0
961.837	0
962.057	0
962.277	1
962.497	0
962.717	0
962.938	0
963.158	0
963.378	0
963.598	0
963.818	0
964.038	0
964.258	1
964.478	0
964.698	0
964.918	0
965.138	0
965.359	0
965.579	0
965.799	0
966.019	0
966.239	0
966.459	0
966.679	0
966.899	0
967.119	1
967.339	0
967.56	0
967.78	0
968	0
968.22	0
968.44	0
968.66	0
968.88	0
969.1	0
969.32	0
969.54	0
969.761	0
969.981	0
970.201	0
970.421	1
970.641	0
970.861	0
971.081	0
971.301	0
971.521	0
971.741	0
971.962	0
972.182	0
972.402	0
972.622	0
972.842	0
973.062	0
973.282	0
973.502	0
973.722	0
973.943	0
974.163	0
974.383	1
974.603	0
974.823	1
975.043	0
975.263	0
975.483	0
975.703	0
975.923	1
976.143	0
976.364	0
976.584	0
976.804	0
977.024	0
977.244	1
977.464	0
977.684	0
977.904	1
978.124	0
978.344	0
978.565	0
978.785	0
979.005	0
979.225	0
979.445	2
979.665	0
979.885	0
980.105	0
980.325	0
980.545	0
980.766	0
980.986	0
981.206	0
981.426	0
981.646	0
981.866	0
982.086	0
982.306	0
982.526	0
982.746	1
982.967	0
983.187	0
983.407	0
983.627	0
983.847	0
984.067	0
984.287	0
984.507	0
984.727	0
984.947	0
985.168	0
985.388	0
985.608	0
985.828	0
986.048	0
986.268	0
986.488	0
986.708	0
986.928	0
987.148	0
987.369	0
987.589	0
987.809	0
988.029	0
988.249	0
988.469	0
988.689	0
988.909	0
989.129	0
989.349	0
989.57	0
989.79	0
990.01	0
990.23	0
990.45	0
990.67	0
990.89	0
991.11	0
991.33	0
991.55	0
991.771	0
991.991	0
992.211	0
992.431	0
992.651	1
992.871	0
993.091	0
993.311	0
993.531	0
993.751	0
993.972	0
994.192	0
994.412	0
994.632	0
994.852	0
995.072	0
995.292	0
995.512	0
995.732	0
995.952	0
996.173	0
996.393	0
996.613	0
996.833	0
997.053	1
997.273	0
997.493	0
997.713	0
997.933	0
998.154	0
998.374	0
998.594	0
998.814	0
999.034	0
999.254	0
999.474	0
999.694	0
999.914	0
1000.13	0
1000.35	0
1000.57	0
1000.79	0
1001.01	0
1001.23	0
1001.45	0
1001.68	0
1001.9	0
1002.12	0
1002.34	0
1002.56	1
1002.78	0
1003	0
1003.22	0
1003.44	0
1003.66	0
1003.88	0
1004.1	1
1004.32	0
1004.54	0
1004.76	0
1004.98	0
1005.2	0
1005.42	0
1005.64	0
1005.86	0
1006.08	0
1006.3	0
1006.52	0
1006.74	0
1006.96	0
1007.18	0
1007.4	1
1007.62	0
1007.84	0
1008.06	0
1008.28	0
1008.5	0
1008.72	0
1008.94	0
1009.16	0
1009.38	2
1009.6	0
1009.82	0
1010.04	0
1010.26	0
1010.48	0
1010.7	0
1010.92	0
1011.14	0
1011.36	0
1011.58	0
1011.8	0
1012.02	0
1012.24	0
1012.46	0
1012.68	0
1012.9	0
1013.12	0
1013.34	0
1013.56	0
1013.78	0
1014	0
1014.22	0
1014.44	0
1014.66	0
1014.88	0
1015.1	0
1015.32	0
1015.54	0
1015.76	0
1015.98	0
1016.2	0
1016.42	0
1016.64	0
1016.86	1
1017.08	0
1017.3	0
1017.52	1
1017.74	0
1017.96	0
1018.18	0
1018.4	0
1018.62	0
1018.84	0
1019.06	0
1019.28	0
1019.5	0
1019.72	0
1019.94	0
1020.16	0
1020.38	0
1020.6	1
1020.82	0
1021.04	0
1021.26	0
1021.48	0
1021.7	0
1021.92	0
1022.14	0
1022.36	0
1022.58	0
1022.8	1
1023.02	0
1023.24	0
1023.46	0
1023.69	0
1023.91	0
1024.13	0
1024.35	1
1024.57	0
1024.79	0
1025.01	1
1025.23	0
1025.45	0
1025.67	0
1025.89	0
1026.11	0
1026.33	0
1026.55	0
1026.77	0
1026.99	0
1027.21	0
1027.43	0
1027.65	0
1027.87	0
1028.09	0
1028.31	0
1028.53	1
1028.75	0
1028.97	0
1029.19	0
1029.41	0
1029.63	0
1029.85	0
1030.07	0
1030.29	0
1030.51	0
1030.73	0
1030.95	0
1031.17	0
1031.39	0
1031.61	0
1031.83	1
1032.05	0
1032.27	0
1032.49	0
1032.71	0
1032.93	0
1033.15	1
1033.37	0
1033.59	0
1033.81	0
1034.03	0
1034.25	0
1034.47	0
1034.69	0
1034.91	0
1035.13	0
1035.35	0
1035.57	0
1035.79	0
1036.01	0
1036.23	0
1036.45	0
1036.67	0
1036.89	0
1037.11	0
1037.33	0
1037.55	0
1037.77	0
1037.99	0
1038.21	1
1038.43	0
1038.65	0
1038.87	0
1039.09	0
1039.31	0
1039.53	0
1039.75	0
1039.97	0
1040.19	0
1040.41	0
1040.63	1
1040.85	0
1041.07	0
1041.29	0
1041.51	0
1041.73	2
1041.95	0
1042.17	0
1042.39	1
1042.61	0
1042.83	0
1043.05	0
1043.27	0
1043.49	0
1043.71	0
1043.93	0
1044.15	0
1044.37	0
1044.59	0
1044.81	0
1045.03	0
1045.25	0
1045.47	0
1045.7	1
1045.92	0
1046.14	0
1046.36	0
1046.58	0
1046.8	0
1047.02	0
1047.24	0
1047.46	1
1047.68	1
1047.9	0
1048.12	0
1048.34	0
1048.56	0
1048.78	0
1049	0
1049.22	0
1049.44	0
1049.66	0
1049.88	0
1050.1	0
1050.32	0
1050.54	0
1050.76	0
1050.98	0
1051.2	0
1051.42	0
1051.64	1
1051.86	0
1052.08	0
1052.3	0
1052.52	0
1052.74	0
1052.96	0
1053.18	0
1053.4	0
1053.62	0
1053.84	0
1054.06	0
1054.28	0
1054.5	1
1054.72	0
1054.94	0
1055.16	0
1055.38	0
1055.6	0
1055.82	0
1056.04	0
1056.26	0
1056.48	0
1056.7	0
1056.92	0
1057.14	1
1057.36	0
1057.58	0
1057.8	0
1058.02	0
1058.24	0
1058.46	1
1058.68	0
1058.9	0
1059.12	0
1059.34	0
1059.56	1
1059.78	0
1060	0
1060.22	1
1060.44	0
1060.66	0
1060.88	0
1061.1	0
1061.32	0
1061.54	0
1061.76	0
1061.98	0
1062.2	0
1062.42	0
1062.64	0
1062.86	0
1063.08	0
1063.3	0
1063.52	1
1063.74	1
1063.96	0
1064.18	0
1064.4	1
1064.62	0
1064.84	0
1065.06	0
1065.28	0
1065.5	0
1065.72	0
1065.94	0
1066.16	0
1066.38	0
1066.6	0
1066.82	0
1067.04	0
1067.26	0
1067.48	0
1067.71	0
1067.93	0
1068.15	0
1068.37	0
1068.59	0
1068.81	0
1069.03	0
1069.25	0
1069.47	0
1069.69	0
1069.91	0
1070.13	0
1070.35	0
1070.57	0
1070.79	0
1071.01	0
1071.23	0
1071.45	0
1071.67	0
1071.89	0
1072.11	0
1072.33	0
1072.55	0
1072.77	0
1072.99	0
1073.21	0
1073.43	0
1073.65	0
1073.87	0
1074.09	0
1074.31	0
1074.53	0
1074.75	0
1074.97	0
1075.19	0
1075.41	0
1075.63	0
1075.85	0
1076.07	0
1076.29	0
1076.51	0
1076.73	0
1076.95	0
1077.17	0
1077.39	0
1077.61	0
1077.83	0
1078.05	0
1078.27	0
1078.49	0
1078.71	0
1078.93	0
1079.15	0
1079.37	0
1079.59	0
1079.81	0
1080.03	0
1080.25	0
1080.47	1
1080.69	0
1080.91	0
1081.13	0
1081.35	0
1081.57	0
1081.79	0
1082.01	0
1082.23	0
1082.45	0
1082.67	0
1082.89	0
1083.11	0
1083.33	0
1083.55	0
1083.77	0
1083.99	0
1084.21	0
1084.43	0
1084.65	0
1084.87	0
1085.09	0
1085.31	0
1085.53	0
1085.75	0
1085.97	0
1086.19	0
1086.41	0
1086.63	0
1086.85	0
1087.07	0
1087.29	0
1087.51	0
1087.73	0
1087.95	0
1088.17	0
1088.39	0
1088.61	0
1088.83	0
1089.05	0
1089.27	0
1089.49	0
1089.72	0
1089.94	0
1090.16	0
1090.38	0
1090.6	0
1090.82	0
1091.04	0
1091.26	0
1091.48	0
1091.7	0
1091.92	0
1092.14	0
1092.36	0
1092.58	0
1092.8	1
1093.02	0
1093.24	0
1093.46	0
1093.68	0
1093.9	0
1094.12	0
1094.34	0
1094.56	0
1094.78	0
1095	0
1095.22	0
1095.44	0
1095.66	0
1095.88	0
1096.1	0
1096.32	0
1096.54	0
1096.76	0
1096.98	0
1097.2	0
1097.42	0
1097.64	0
1097.86	0
1098.08	0
1098.3	0
1098.52	0
1098.74	0
1098.96	0
1099.18	0
1099.4	0
1099.62	0
1099.84	0
1100.06	0
1100.28	1
1100.5	0
1100.72	1
1100.94	0
1101.16	1
1101.38	0
1101.6	0
1101.82	0
1102.04	0
1102.26	0
1102.48	0
1102.7	0
1102.92	0
1103.14	0
1103.36	0
1103.58	0
1103.8	0
1104.02	1
1104.24	0
1104.46	0
1104.68	0
1104.9	0
1105.12	0
1105.34	0
1105.56	0
1105.78	1
1106	0
1106.22	0
1106.44	0
1106.66	0
1106.88	0
1107.1	0
1107.32	0
1107.54	0
1107.76	0
1107.98	0
1108.2	0
1108.42	0
1108.64	1
1108.86	0
1109.08	0
1109.3	0
1109.52	0
1109.74	0
1109.96	0
1110.18	0
1110.4	0
1110.62	1
1110.84	1
1111.06	0
1111.28	0
1111.5	0
1111.73	0
1111.95	0
1112.17	0
1112.39	0
1112.61	0
1112.83	0
1113.05	0
1113.27	0
1113.49	0
1113.71	0
1113.93	0
1114.15	0
1114.37	0
1114.59	0
1114.81	0
1115.03	0
1115.25	0
1115.47	0
1115.69	0
1115.91	0
1116.13	0
1116.35	1
1116.57	0
1116.79	0
1117.01	0
1117.23	0
1117.45	0
1117.67	0
1117.89	0
1118.11	0
1118.33	0
1118.55	0
1118.77	0
1118.99	0
1119.21	0
1119.43	1
1119.65	0
1119.87	0
1120.09	0
1120.31	0
1120.53	0
1120.75	0
1120.97	0
1121.19	0
1121.41	0
1121.63	0
1121.85	0
1122.07	0
1122.29	0
1122.51	0
1122.73	1
1122.95	0
1123.17	0
1123.39	0
1123.61	0
1123.83	0
1124.05	0
1124.27	2
1124.49	0
1124.71	0
1124.93	0
1125.15	0
1125.37	0
1125.59	1
1125.81	1
1126.03	0
1126.25	0
1126.47	0
1126.69	0
1126.91	0
1127.13	0
1127.35	0
1127.57	0
1127.79	0
1128.01	0
1128.23	0
1128.45	0
1128.67	0
1128.89	0
1129.11	0
1129.33	0
1129.55	0
1129.77	0
1129.99	1
1130.21	0
1130.43	0
1130.65	0
1130.87	0
1131.09	0
1131.31	1
1131.53	0
1131.75	0
1131.97	0
1132.19	0
1132.41	0
1132.63	0
1132.85	0
1133.07	0
1133.29	1
1133.51	0
1133.74	0
1133.96	0
1134.18	0
1134.4	0
1134.62	0
1134.84	0
1135.06	0
1135.28	0
1135.5	0
1135.72	0
1135.94	0
1136.16	0
1136.38	0
1136.6	0
1136.82	0
1137.04	0
1137.26	1
1137.48	1
1137.7	0
1137.92	0
1138.14	0
1138.36	0
1138.58	0
1138.8	0
1139.02	0
1139.24	0
1139.46	0
1139.68	0
1139.9	0
1140.12	0
1140.34	0
1140.56	0
1140.78	0
1141	0
1141.22	0
1141.44	0
1141.66	0
1141.88	0
1142.1	0
1142.32	0
1142.54	0
1142.76	0
1142.98	0
1143.2	0
1143.42	0
1143.64	0
1143.86	0
1144.08	0
1144.3	0
1144.52	0
1144.74	0
1144.96	0
1145.18	0
1145.4	0
1145.62	0
1145.84	0
1146.06	0
1146.28	0
1146.5	0
1146.72	1
1146.94	0
1147.16	0
1147.38	0
1147.6	0
1147.82	0
1148.04	0
1148.26	0
1148.48	0
1148.7	1
1148.92	0
1149.14	0
1149.36	0
1149.58	0
1149.8	0
1150.02	0
1150.24	0
1150.46	0
1150.68	0
1150.9	0
1151.12	0
1151.34	0
1151.56	0
1151.78	0
1152	0
1152.22	0
1152.44	0
1152.66	1
1152.88	1
1153.1	0
1153.32	0
1153.54	0
1153.76	0
1153.98	0
1154.2	0
1154.42	0
1154.64	0
1154.86	0
1155.08	0
1155.3	0
1155.52	0
1155.75	0
1155.97	0
1156.19	0
1156.41	0
1156.63	0
1156.85	0
1157.07	0
1157.29	0
1157.51	0
1157.73	0
1157.95	0
1158.17	0
1158.39	0
1158.61	0
1158.83	0
1159.05	0
1159.27	0
1159.49	0
1159.71	0
1159.93	0
1160.15	0
1160.37	0
1160.59	0
1160.81	0
1161.03	0
1161.25	0
1161.47	0
1161.69	0
1161.91	0
1162.13	0
1162.35	0
1162.57	0
1162.79	0
1163.01	0
1163.23	0
1163.45	0
1163.67	0
1163.89	0
1164.11	0
1164.33	1
1164.55	0
1164.77	0
1164.99	0
1165.21	0
1165.43	0
1165.65	0
1165.87	0
1166.09	0
1166.31	0
1166.53	0
1166.75	0
1166.97	0
1167.19	0
1167.41	0
1167.63	0
1167.85	0
1168.07	0
1168.29	1
1168.51	0
1168.73	0
1168.95	0
1169.17	0
1169.39	0
1169.61	1
1169.83	0
1170.05	0
1170.27	0
1170.49	0
1170.71	0
1170.93	0
1171.15	0
1171.37	0
1171.59	1
1171.81	0
1172.03	0
1172.25	0
1172.47	0
1172.69	0
1172.91	0
1173.13	0
1173.35	0
1173.57	0
1173.79	0
1174.01	0
1174.23	0
1174.45	0
1174.67	1
1174.89	0
1175.11	0
1175.33	0
1175.55	0
1175.77	0
1175.99	0
1176.21	0
1176.43	0
1176.65	0
1176.87	1
1177.09	0
1177.31	0
1177.53	0
1177.76	0
1177.98	0
1178.2	0
1178.42	0
1178.64	0
1178.86	0
1179.08	0
1179.3	2
1179.52	0
1179.74	0
1179.96	0
1180.18	0
1180.4	0
1180.62	0
1180.84	0
1181.06	0
1181.28	0
1181.5	0
1181.72	0
1181.94	0
1182.16	0
1182.38	0
1182.6	0
1182.82	0
1183.04	0
1183.26	0
1183.48	0
1183.7	0
1183.92	0
1184.14	0
1184.36	0
1184.58	0
1184.8	0
1185.02	0
1185.24	0
1185.46	0
1185.68	0
1185.9	0
1186.12	0
1186.34	0
1186.56	0
1186.78	0
1187	0
1187.22	0
1187.44	1
1187.66	0
1187.88	0
1188.1	0
1188.32	0
1188.54	0
1188.76	0
1188.98	0
1189.2	0
1189.42	0
1189.64	0
1189.86	0
1190.08	0
1190.3	0
1190.52	0
1190.74	0
1190.96	0
1191.18	0
1191.4	0
1191.62	0
1191.84	0
1192.06	0
1192.28	0
1192.5	0
1192.72	0
1192.94	0
1193.16	0
1193.38	0
1193.6	0
1193.82	0
1194.04	0
1194.26	0
1194.48	0
1194.7	0
1194.92	0
1195.14	0
1195.36	0
1195.58	0
1195.8	0
1196.02	0
1196.24	0
1196.46	1
1196.68	0
1196.9	0
1197.12	0
1197.34	0
1197.56	0
1197.78	0
1198	0
1198.22	0
1198.44	0
1198.66	0
1198.88	0
1199.1	0
1199.32	0
1199.54	0
1199.77	0
1199.99	0
1200.21	0
1200.43	0
1200.65	0
1200.87	0
1201.09	0
1201.31	0
1201.53	1
1201.75	0
1201.97	0
1202.19	0
1202.41	0
1202.63	0
1202.85	0
1203.07	0
1203.29	0
1203.51	0
1203.73	0
1203.95	0
1204.17	0
1204.39	0
1204.61	0
1204.83	0
1205.05	0
1205.27	0
1205.49	0
1205.71	0
1205.93	0
1206.15	0
1206.37	0
1206.59	0
1206.81	0
1207.03	0
1207.25	0
1207.47	0
1207.69	0
1207.91	0
1208.13	0
1208.35	0
1208.57	0
1208.79	0
1209.01	1
1209.23	0
1209.45	0
1209.67	0
1209.89	0
1210.11	0
1210.33	0
1210.55	0
1210.77	0
1210.99	0
1211.21	0
1211.43	0
1211.65	0
1211.87	0
1212.09	0
1212.31	0
1212.53	0
1212.75	0
1212.97	1
1213.19	0
1213.41	0
1213.63	0
1213.85	0
1214.07	0
1214.29	0
1214.51	0
1214.73	0
1214.95	0
1215.17	0
1215.39	0
1215.61	0
1215.83	0
1216.05	0
1216.27	0
1216.49	0
1216.71	0
1216.93	0
1217.15	0
1217.37	1
1217.59	0
1217.81	0
1218.03	0
1218.25	0
1218.47	0
1218.69	0
1218.91	0
1219.13	0
1219.35	0
1219.57	0
1219.79	0
1220.01	0
1220.23	0
1220.45	0
1220.67	0
1220.89	0
1221.11	0
1221.33	0
1221.55	0
1221.78	0
1222	0
1222.22	0
1222.44	0
1222.66	0
1222.88	0
1223.1	0
1223.32	0
1223.54	0
1223.76	0
1223.98	0
1224.2	0
1224.42	0
1224.64	0
1224.86	0
1225.08	0
1225.3	0
1225.52	0
1225.74	0
1225.96	0
1226.18	0
1226.4	0
1226.62	0
1226.84	1
1227.06	0
1227.28	0
1227.5	0
1227.72	0
1227.94	0
1228.16	0
1228.38	0
1228.6	0
1228.82	0
1229.04	0
1229.26	0
1229.48	0
1229.7	0
1229.92	0
1230.14	0
1230.36	0
1230.58	0
1230.8	0
1231.02	0
1231.24	1
1231.46	0
1231.68	0
1231.9	0
1232.12	0
1232.34	0
1232.56	0
1232.78	1
1233	0
1233.22	0
1233.44	0
1233.66	0
1233.88	0
1234.1	0
1234.32	0
1234.54	0
1234.76	0
1234.98	0
1235.2	0
1235.42	0
1235.64	0
1235.86	0
1236.08	0
1236.3	0
1236.52	0
1236.74	0
1236.96	0
1237.18	0
1237.4	0
1237.62	0
1237.84	0
1238.06	0
1238.28	0
1238.5	0
1238.72	0
1238.94	0
1239.16	0
1239.38	0
1239.6	0
1239.82	0
1240.04	0
1240.26	0
1240.48	0
1240.7	0
1240.92	0
1241.14	0
1241.36	0
1241.58	0
1241.8	0
1242.02	1
1242.24	0
1242.46	0
1242.68	0
1242.9	0
1243.12	0
1243.34	0
1243.57	0
1243.79	0
1244.01	0
1244.23	0
1244.45	0
1244.67	0
1244.89	0
1245.11	0
1245.33	0
1245.55	0
1245.77	0
1245.99	0
1246.21	0
1246.43	0
1246.65	0
1246.87	0
1247.09	0
1247.31	0
1247.53	0
1247.75	0
1247.97	0
1248.19	0
1248.41	0
1248.63	0
1248.85	0
1249.07	0
1249.29	0
1249.51	0
1249.73	0
1249.95	0
1250.17	0
1250.39	0
1250.61	0
1250.83	0
1251.05	0
1251.27	0
1251.49	0
1251.71	0
1251.93	0
1252.15	0
1252.37	0
1252.59	0
1252.81	0
1253.03	0
1253.25	0
1253.47	0
1253.69	0
1253.91	0
1254.13	0
1254.35	0
1254.57	0
1254.79	0
1255.01	0
1255.23	0
1255.45	0
1255.67	0
1255.89	0
1256.11	0
1256.33	0
1256.55	0
1256.77	0
1256.99	0
1257.21	0
1257.43	0
1257.65	0
1257.87	0
1258.09	0
1258.31	0
1258.53	0
1258.75	0
1258.97	0
1259.19	0
1259.41	0
1259.63	0
1259.85	0
1260.07	0
1260.29	0
1260.51	0
1260.73	0
1260.95	0
1261.17	0
1261.39	0
1261.61	0
1261.83	0
1262.05	0
1262.27	0
1262.49	0
1262.71	0
1262.93	0
1263.15	0
1263.37	0
1263.59	0
1263.81	0
1264.03	0
1264.25	0
1264.47	0
1264.69	0
1264.91	0
1265.13	0
1265.35	0
1265.58	0
1265.8	0
1266.02	0
1266.24	0
1266.46	0
1266.68	0
1266.9	0
1267.12	0
1267.34	1
1267.56	0
1267.78	0
1268	0
1268.22	0
1268.44	0
1268.66	0
1268.88	0
1269.1	0
1269.32	0
1269.54	0
1269.76	0
1269.98	0
1270.2	0
1270.42	0
1270.64	0
1270.86	1
1271.08	0
1271.3	0
1271.52	0
1271.74	0
1271.96	0
1272.18	0
1272.4	0
1272.62	0
1272.84	0
1273.06	0
1273.28	0
1273.5	0
1273.72	0
1273.94	0
1274.16	0
1274.38	0
1274.6	0
1274.82	0
1275.04	0
1275.26	0
1275.48	0
1275.7	0
1275.92	0
1276.14	0
1276.36	1
1276.58	2
1276.8	2
1277.02	3
1277.24	1
1277.46	4
1277.68	4
1277.9	7
1278.12	4
1278.34	4
1278.56	3
1278.78	6
1279	6
1279.22	3
1279.44	0
1279.66	2
1279.88	0
1280.1	0
1280.32	0
1280.54	0
1280.76	0
1280.98	0
1281.2	0
1281.42	0
1281.64	0
1281.86	0
1282.08	0
1282.3	0
1282.52	0
1282.74	0
1282.96	0
1283.18	0
1283.4	0
1283.62	0
1283.84	0
1284.06	0
1284.28	0
1284.5	0
1284.72	0
1284.94	0
1285.16	0
1285.38	0
1285.6	0
1285.82	0
1286.04	0
1286.26	0
1286.48	0
1286.7	0
1286.92	0
1287.14	0
1287.36	0
1287.59	0
1287.81	0
1288.03	0
1288.25	0
1288.47	0
1288.69	0
1288.91	0
1289.13	0
1289.35	0
1289.57	0
1289.79	0
1290.01	0
1290.23	0
1290.45	0
1290.67	0
1290.89	0
1291.11	0
1291.33	0
1291.55	0
1291.77	0
1291.99	0
1292.21	0
1292.43	0
1292.65	0
1292.87	0
1293.09	0
1293.31	0
1293.53	0
1293.75	0
1293.97	0
1294.19	0
1294.41	0
1294.63	0
1294.85	0
1295.07	0
1295.29	0
1295.51	0
1295.73	0
1295.95	0
1296.17	0
1296.39	0
1296.61	0
1296.83	0
1297.05	0
1297.27	0
1297.49	0
1297.71	0
1297.93	0
1298.15	0
1298.37	0
1298.59	0
1298.81	0
1299.03	0
1299.25	0
1299.47	0
1299.69	0
1299.91	0
1300.13	0
1300.35	0
1300.57	0
1300.79	0
1301.01	0
1301.23	0
1301.45	0
1301.67	0
1301.89	0
1302.11	0
1302.33	0
1302.55	0
1302.77	0
1302.99	0
1303.21	0
1303.43	0
1303.65	0
1303.87	0
1304.09	0
1304.31	0
1304.53	0
1304.75	0
1304.97	0
1305.19	0
1305.41	0
1305.63	0
1305.85	0
1306.07	0
1306.29	0
1306.51	0
1306.73	0
1306.95	0
1307.17	0
1307.39	0
1307.61	0
1307.83	0
1308.05	0
1308.27	0
1308.49	0
1308.71	0
1308.93	1
1309.15	0
1309.37	0
1309.6	0
1309.82	0
1310.04	0
1310.26	0
1310.48	1
1310.7	0
1310.92	0
1311.14	0
1311.36	1
1311.58	0
1311.8	0
1312.02	0
1312.24	0
1312.46	0
1312.68	0
1312.9	0
1313.12	0
1313.34	0
1313.56	0
1313.78	0
1314	0
1314.22	0
1314.44	0
1314.66	0
1314.88	0
1315.1	0
1315.32	0
1315.54	0
1315.76	0
1315.98	0
1316.2	0
1316.42	0
1316.64	0
1316.86	0
1317.08	0
1317.3	0
1317.52	0
1317.74	0
1317.96	0
1318.18	0
1318.4	0
1318.62	0
1318.84	0
1319.06	0
1319.28	0
1319.5	0
1319.72	0
1319.94	0
1320.16	0
1320.38	1
1320.6	0
1320.82	0
1321.04	0
1321.26	0
1321.48	0
1321.7	0
1321.92	0
1322.14	0
1322.36	0
1322.58	0
1322.8	0
1323.02	0
1323.24	0
1323.46	0
1323.68	0
1323.9	0
1324.12	0
1324.34	0
1324.56	0
1324.78	0
1325	0
1325.22	0
1325.44	0
1325.66	0
1325.88	0
1326.1	0
1326.32	0
1326.54	0
1326.76	0
1326.98	0
1327.2	0
1327.42	1
1327.64	0
1327.86	0
1328.08	0
1328.3	0
1328.52	0
1328.74	0
1328.96	0
1329.18	0
1329.4	0
1329.62	0
1329.84	0
1330.06	0
1330.28	1
1330.5	0
1330.72	0
1330.94	0
1331.16	0
1331.38	0
1331.61	0
1331.83	0
1332.05	0
1332.27	0
1332.49	0
1332.71	0
1332.93	0
1333.15	0
1333.37	0
1333.59	0
1333.81	0
1334.03	0
1334.25	0
1334.47	0
1334.69	0
1334.91	0
1335.13	0
1335.35	0
1335.57	0
1335.79	0
1336.01	0
1336.23	0
1336.45	0
1336.67	0
1336.89	0
1337.11	0
1337.33	0
1337.55	0
1337.77	0
1337.99	0
1338.21	0
1338.43	0
1338.65	0
1338.87	0
1339.09	0
1339.31	0
1339.53	0
1339.75	0
1339.97	0
1340.19	0
1340.41	0
1340.63	0
1340.85	0
1341.07	0
1341.29	0
1341.51	0
1341.73	0
1341.95	1
1342.17	0
1342.39	0
1342.61	0
1342.83	0
1343.05	0
1343.27	0
1343.49	0
1343.71	0
1343.93	0
1344.15	0
1344.37	0
1344.59	0
1344.81	0
1345.03	0
1345.25	0
1345.47	0
1345.69	0
1345.91	0
1346.13	0
1346.35	0
1346.57	0
1346.79	0
1347.01	0
1347.23	0
1347.45	0
1347.67	0
1347.89	0
1348.11	0
1348.33	0
1348.55	0
1348.77	0
1348.99	0
1349.21	0
1349.43	0
1349.65	0
1349.87	0
1350.09	0
1350.31	0
1350.53	0
1350.75	0
1350.97	0
1351.19	0
1351.41	0
1351.63	0
1351.85	0
1352.07	0
1352.29	0
1352.51	0
1352.73	0
1352.95	0
1353.17	0
1353.39	0
1353.62	0
1353.84	0
1354.06	0
1354.28	0
1354.5	0
1354.72	0
1354.94	0
1355.16	0
1355.38	0
1355.6	0
1355.82	0
1356.04	0
1356.26	0
1356.48	0
1356.7	0
1356.92	0
1357.14	0
1357.36	0
1357.58	0
1357.8	1
1358.02	0
1358.24	0
1358.46	0
1358.68	0
1358.9	0
1359.12	0
1359.34	0
1359.56	0
1359.78	0
1360	0
1360.22	0
1360.44	0
1360.66	0
1360.88	0
1361.1	0
1361.32	0
1361.54	0
1361.76	0
1361.98	0
1362.2	0
1362.42	0
1362.64	1
1362.86	0
1363.08	0
1363.3	0
1363.52	0
1363.74	0
1363.96	0
1364.18	0
1364.4	0
1364.62	0
1364.84	0
1365.06	0
1365.28	0
1365.5	0
1365.72	0
1365.94	0
1366.16	0
1366.38	0
1366.6	0
1366.82	0
1367.04	0
1367.26	0
1367.48	0
1367.7	0
1367.92	0
1368.14	0
1368.36	0
1368.58	0
1368.8	0
1369.02	0
1369.24	0
1369.46	0
1369.68	0
1369.9	0
1370.12	0
1370.34	0
1370.56	0
1370.78	0
1371	0
1371.22	0
1371.44	0
1371.66	0
1371.88	0
1372.1	0
1372.32	0
1372.54	0
1372.76	0
1372.98	0
1373.2	0
1373.42	0
1373.64	0
1373.86	0
1374.08	0
1374.3	0
1374.52	0
1374.74	0
1374.96	0
1375.18	0
1375.4	0
1375.63	0
1375.85	0
1376.07	0
1376.29	0
1376.51	0
1376.73	0
1376.95	0
1377.17	0
1377.39	0
1377.61	0
1377.83	0
1378.05	0
1378.27	0
1378.49	0
1378.71	0
1378.93	0
1379.15	0
1379.37	0
1379.59	0
1379.81	0
1380.03	0
1380.25	0
1380.47	0
1380.69	0
1380.91	0
1381.13	0
1381.35	0
1381.57	0
1381.79	0
1382.01	0
1382.23	0
1382.45	0
1382.67	0
1382.89	0
1383.11	0
1383.33	0
1383.55	0
1383.77	0
1383.99	0
1384.21	0
1384.43	0
1384.65	0
1384.87	0
1385.09	0
1385.31	0
1385.53	0
1385.75	0
1385.97	0
1386.19	0
1386.41	0
1386.63	0
1386.85	0
1387.07	0
1387.29	0
1387.51	0
1387.73	0
1387.95	0
1388.17	0
1388.39	0
1388.61	0
1388.83	0
1389.05	0
1389.27	0
1389.49	0
1389.71	0
1389.93	0
1390.15	0
1390.37	0
1390.59	0
1390.81	0
1391.03	0
1391.25	0
1391.47	0
1391.69	0
1391.91	0
1392.13	0
1392.35	0
1392.57	0
1392.79	0
1393.01	0
1393.23	0
1393.45	0
1393.67	0
1393.89	0
1394.11	0
1394.33	0
1394.55	0
1394.77	0
1394.99	0
1395.21	0
1395.43	0
1395.65	0
1395.87	0
1396.09	0
1396.31	0
1396.53	0
1396.75	0
1396.97	0
1397.19	0
1397.41	0
1397.64	0
1397.86	0
1398.08	0
1398.3	0
1398.52	0
1398.74	0
1398.96	0
1399.18	0
1399.4	0
1399.62	0
1399.84	0
1400.06	0
1400.28	0
1400.5	0
1400.72	0
1400.94	0
1401.16	0
1401.38	0
1401.6	0
1401.82	0
1402.04	0
1402.26	0
1402.48	0
1402.7	0
1402.92	0
1403.14	0
1403.36	0
1403.58	0
1403.8	0
1404.02	0
1404.24	0
1404.46	0
1404.68	0
1404.9	0
1405.12	0
1405.34	0
1405.56	0
1405.78	0
1406	0
1406.22	0
1406.44	1
1406.66	0
1406.88	0
1407.1	0
1407.32	0
1407.54	0
1407.76	0
1407.98	0
1408.2	1
1408.42	0
1408.64	0
1408.86	0
1409.08	0
1409.3	0
1409.52	0
1409.74	0
1409.96	0
1410.18	0
1410.4	0
1410.62	0
1410.84	0
1411.06	0
1411.28	0
1411.5	0
1411.72	0
1411.94	0
1412.16	0
1412.38	0
1412.6	0
1412.82	0
1413.04	0
1413.26	0
1413.48	0
1413.7	0
1413.92	0
1414.14	0
1414.36	0
1414.58	0
1414.8	0
1415.02	0
1415.24	0
1415.46	0
1415.68	0
1415.9	0
1416.12	0
1416.34	0
1416.56	0
1416.78	0
1417	0
1417.22	0
1417.44	0
1417.66	0
1417.88	0
1418.1	0
1418.32	0
1418.54	0
1418.76	0
1418.98	0
1419.2	0
1419.42	0
1419.65	0
1419.87	0
1420.09	0
1420.31	0
1420.53	0
1420.75	0
1420.97	0
1421.19	0
1421.41	0
1421.63	0
1421.85	0
1422.07	0
1422.29	0
1422.51	0
1422.73	0
1422.95	0
1423.17	0
1423.39	0
1423.61	0
1423.83	0
1424.05	0
1424.27	0
1424.49	0
1424.71	0
1424.93	0
1425.15	0
1425.37	0
1425.59	0
1425.81	0
1426.03	0
1426.25	0
1426.47	0
1426.69	0
1426.91	0
1427.13	0
1427.35	0
1427.57	0
1427.79	0
1428.01	0
1428.23	0
1428.45	0
1428.67	0
1428.89	0
1429.11	0
1429.33	0
1429.55	0
1429.77	0
1429.99	0
1430.21	0
1430.43	0
1430.65	0
1430.87	0
1431.09	0
1431.31	0
1431.53	0
1431.75	0
1431.97	0
1432.19	0
1432.41	0
1432.63	0
1432.85	0
1433.07	0
1433.29	0
1433.51	0
1433.73	0
1433.95	0
1434.17	0
1434.39	0
1434.61	0
1434.83	0
1435.05	0
1435.27	0
1435.49	0
1435.71	0
1435.93	0
1436.15	0
1436.37	0
1436.59	0
1436.81	0
1437.03	0
1437.25	0
1437.47	0
1437.69	0
1437.91	0
1438.13	0
1438.35	0
1438.57	0
1438.79	0
1439.01	0
1439.23	0
1439.45	0
1439.67	0
1439.89	0
1440.11	0
1440.33	0
1440.55	0
1440.77	0
1440.99	0
1441.21	0
1441.43	0
1441.66	0
1441.88	0
1442.1	0
1442.32	0
1442.54	0
1442.76	0
1442.98	0
1443.2	0
1443.42	0
1443.64	0
1443.86	0
1444.08	0
1444.3	0
1444.52	0
1444.74	0
1444.96	0
1445.18	0
1445.4	0
1445.62	0
1445.84	0
1446.06	0
1446.28	0
1446.5	0
1446.72	0
1446.94	0
1447.16	0
1447.38	0
1447.6	0
1447.82	0
1448.04	0
1448.26	0
1448.48	0
1448.7	0
1448.92	0
1449.14	0
1449.36	0
1449.58	0
1449.8	0
1450.02	0
1450.24	0
1450.46	0
1450.68	0
1450.9	0
1451.12	0
1451.34	0
1451.56	0
1451.78	0
1452	0
1452.22	0
1452.44	0
1452.66	0
1452.88	0
1453.1	0
1453.32	0
1453.54	0
1453.76	0
1453.98	0
1454.2	0
1454.42	0
1454.64	0
1454.86	0
1455.08	0
1455.3	0
1455.52	0
1455.74	1
1455.96	0
1456.18	0
1456.4	0
1456.62	0
1456.84	0
1457.06	0
1457.28	0
1457.5	0
1457.72	0
1457.94	0
1458.16	0
1458.38	0
1458.6	0
1458.82	0
1459.04	0
1459.26	0
1459.48	0
1459.7	0
1459.92	0
1460.14	0
1460.36	0
1460.58	0
1460.8	0
1461.02	0
1461.24	0
1461.46	0
1461.68	0
1461.9	0
1462.12	0
1462.34	0
1462.56	0
1462.78	0
1463	0
1463.22	0
1463.44	0
1463.67	0
1463.89	1
1464.11	0
1464.33	0
1464.55	0
1464.77	0
1464.99	0
1465.21	0
1465.43	1
1465.65	0
1465.87	0
1466.09	1
1466.31	0
1466.53	0
1466.75	0
1466.97	1
1467.19	1
1467.41	0
1467.63	0
1467.85	0
1468.07	0
1468.29	0
1468.51	0
1468.73	0
1468.95	0
1469.17	0
1469.39	0
1469.61	0
1469.83	0
1470.05	0
1470.27	0
1470.49	0
1470.71	0
1470.93	0
1471.15	0
1471.37	0
1471.59	0
1471.81	0
1472.03	0
1472.25	0
1472.47	0
1472.69	0
1472.91	0
1473.13	0
1473.35	0
1473.57	0
1473.79	0
1474.01	0
1474.23	0
1474.45	0
1474.67	0
1474.89	0
1475.11	0
1475.33	0
1475.55	0
1475.77	0
1475.99	0
1476.21	0
1476.43	0
1476.65	0
1476.87	0
1477.09	0
1477.31	0
1477.53	0
1477.75	0
1477.97	0
1478.19	0
1478.41	0
1478.63	0
1478.85	0
1479.07	0
1479.29	0
1479.51	0
1479.73	0
1479.95	0
1480.17	0
1480.39	0
1480.61	0
1480.83	0
1481.05	0
1481.27	0
1481.49	0
1481.71	0
1481.93	0
1482.15	0
1482.37	0
1482.59	0
1482.81	0
1483.03	0
1483.25	0
1483.47	0
1483.69	0
1483.91	0
1484.13	0
1484.35	0
1484.57	0
1484.79	0
1485.01	0
1485.23	0
1485.45	0
1485.68	0
1485.9	0
1486.12	0
1486.34	0
1486.56	0
1486.78	0
1487	0
1487.22	0
1487.44	0
1487.66	0
1487.88	0
1488.1	0
1488.32	0
1488.54	0
1488.76	0
1488.98	0
1489.2	0
1489.42	0
1489.64	0
1489.86	0
1490.08	0
1490.3	0
1490.52	0
1490.74	0
1490.96	0
1491.18	0
1491.4	0
1491.62	0
1491.84	0
1492.06	0
1492.28	0
1492.5	0
1492.72	0
1492.94	0
1493.16	0
1493.38	0
1493.6	0
1493.82	0
1494.04	0
1494.26	0
1494.48	0
1494.7	0
1494.92	0
1495.14	0
1495.36	0
1495.58	0
1495.8	0
1496.02	0
1496.24	0
1496.46	0
1496.68	0
1496.9	0
1497.12	0
1497.34	0
1497.56	0
1497.78	0
1498	0
1498.22	0
1498.44	0
1498.66	0
1498.88	0
1499.1	0
1499.32	0
1499.54	0
1499.76	0
1499.98	0
1500.2	0
1500.42	0
1500.64	0
1500.86	0
1501.08	0
1501.3	0
1501.52	0
1501.74	0
1501.96	0
1502.18	0
1502.4	0
1502.62	0
1502.84	0
1503.06	0
1503.28	0
1503.5	0
1503.72	0
1503.94	0
1504.16	0
1504.38	0
1504.6	0
1504.82	0
1505.04	0
1505.26	0
1505.48	0
1505.7	0
1505.92	0
1506.14	0
1506.36	0
1506.58	0
1506.8	0
1507.02	0
1507.24	0
1507.46	0
1507.68	0
1507.91	0
1508.13	0
1508.35	0
1508.57	0
1508.79	0
1509.01	0
1509.23	0
1509.45	0
1509.67	0
1509.89	0
1510.11	0
1510.33	0
1510.55	0
1510.77	0
1510.99	0
1511.21	0
1511.43	0
1511.65	0
1511.87	0
1512.09	0
1512.31	0
1512.53	0
1512.75	0
1512.97	0
1513.19	0
1513.41	0
1513.63	0
1513.85	0
1514.07	0
1514.29	0
1514.51	0
1514.73	0
1514.95	0
1515.17	0
1515.39	0
1515.61	0
1515.83	0
1516.05	0
1516.27	0
1516.49	0
1516.71	0
1516.93	0
1517.15	0
1517.37	0
1517.59	0
1517.81	0
1518.03	0
1518.25	0
1518.47	0
1518.69	0
1518.91	0
1519.13	0
1519.35	0
1519.57	0
1519.79	0
1520.01	0
1520.23	0
1520.45	0
1520.67	0
1520.89	0
1521.11	0
1521.33	0
1521.55	0
1521.77	0
1521.99	0
1522.21	0
1522.43	0
1522.65	0
1522.87	0
1523.09	0
1523.31	0
1523.53	0
1523.75	0
1523.97	0
1524.19	0
1524.41	0
1524.63	0
1524.85	0
1525.07	0
1525.29	0
1525.51	0
1525.73	0
1525.95	0
1526.17	0
1526.39	0
1526.61	0
1526.83	0
1527.05	0
1527.27	0
1527.49	0
1527.71	0
1527.93	0
1528.15	0
1528.37	0
1528.59	0
1528.81	0
1529.03	0
1529.25	0
1529.47	0
1529.69	0
1529.92	0
1530.14	0
1530.36	0
1530.58	0
1530.8	0
1531.02	0
1531.24	0
1531.46	0
1531.68	0
1531.9	0
1532.12	0
1532.34	0
1532.56	0
1532.78	0
1533	0
1533.22	0
1533.44	0
1533.66	0
1533.88	0
1534.1	0
1534.32	0
1534.54	0
1534.76	0
1534.98	0
1535.2	0
1535.42	0
1535.64	0
1535.86	0
1536.08	0
1536.3	0
1536.52	0
1536.74	0
1536.96	0
1537.18	0
1537.4	0
1537.62	0
1537.84	0
1538.06	0
1538.28	0
1538.5	0
1538.72	0
1538.94	0
1539.16	0
1539.38	0
1539.6	0
1539.82	0
1540.04	0
1540.26	0
1540.48	0
1540.7	0
1540.92	0
1541.14	0
1541.36	0
1541.58	0
1541.8	0
1542.02	0
1542.24	0
1542.46	0
1542.68	0
1542.9	0
1543.12	0
1543.34	0
1543.56	0
1543.78	0
1544	0
1544.22	0
1544.44	0
1544.66	0
1544.88	0
1545.1	0
1545.32	0
1545.54	0
1545.76	0
1545.98	0
1546.2	0
1546.42	0
1546.64	0
1546.86	0
1547.08	0
1547.3	0
1547.52	0
1547.74	0
1547.96	0
1548.18	0
1548.4	0
1548.62	0
1548.84	0
1549.06	0
1549.28	0
1549.5	0
1549.72	0
1549.94	0
1550.16	0
1550.38	0
1550.6	0
1550.82	0
1551.04	0
1551.26	0
1551.48	0
1551.7	0
1551.93	0
1552.15	0
1552.37	0
1552.59	0
1552.81	0
1553.03	0
1553.25	0
1553.47	0
1553.69	0
1553.91	0
1554.13	0
1554.35	0
1554.57	0
1554.79	0
1555.01	0
1555.23	0
1555.45	0
1555.67	0
1555.89	0
1556.11	0
1556.33	0
1556.55	0
1556.77	0
1556.99	0
1557.21	0
1557.43	0
1557.65	0
1557.87	1
1558.09	0
1558.31	0
1558.53	0
1558.75	1
1558.97	0
1559.19	0
1559.41	0
1559.63	0
1559.85	0
1560.07	0
1560.29	0
1560.51	0
1560.73	0
1560.95	0
1561.17	0
1561.39	0
1561.61	0
1561.83	0
1562.05	0
1562.27	0
1562.49	0
1562.71	0
1562.93	0
1563.15	0
1563.37	0
1563.59	0
1563.81	0
1564.03	0
1564.25	0
1564.47	0
1564.69	0
1564.91	0
1565.13	0
1565.35	0
1565.57	0
1565.79	0
1566.01	0
1566.23	0
1566.45	0
1566.67	0
1566.89	0
1567.11	0
1567.33	0
1567.55	0
1567.77	0
1567.99	0
1568.21	0
1568.43	0
1568.65	0
1568.87	0
1569.09	0
1569.31	0
1569.53	0
1569.75	0
1569.97	0
1570.19	0
1570.41	0
1570.63	0
1570.85	0
1571.07	0
1571.29	0
1571.51	0
1571.73	0
1571.95	0
1572.17	0
1572.39	0
1572.61	0
1572.83	0
1573.05	0
1573.27	0
1573.49	0
1573.71	0
1573.94	0
1574.16	0
1574.38	0
1574.6	0
1574.82	0
1575.04	0
1575.26	0
1575.48	0
1575.7	0
1575.92	0
1576.14	0
1576.36	0
1576.58	0
1576.8	0
1577.02	0
1577.24	0
1577.46	0
1577.68	1
1577.9	0
1578.12	0
1578.34	0
1578.56	0
1578.78	0
1579	0
1579.22	0
1579.44	0
1579.66	0
1579.88	0
1580.1	0
1580.32	0
1580.54	0
1580.76	0
1580.98	0
1581.2	0
1581.42	0
1581.64	0
1581.86	0
1582.08	0
1582.3	0
1582.52	0
1582.74	0
1582.96	0
1583.18	0
1583.4	0
1583.62	0
1583.84	0
1584.06	0
1584.28	0
1584.5	0
1584.72	0
1584.94	0
1585.16	0
1585.38	0
1585.6	0
1585.82	0
1586.04	0
1586.26	0
1586.48	0
1586.7	0
1586.92	0
1587.14	0
1587.36	0
1587.58	0
1587.8	0
1588.02	0
1588.24	0
1588.46	0
1588.68	0
1588.9	0
1589.12	0
1589.34	0
1589.56	0
1589.78	0
1590	0
1590.22	0
1590.44	0
1590.66	0
1590.88	0
1591.1	0
1591.32	0
1591.54	0
1591.76	0
1591.98	0
1592.2	0
1592.42	0
1592.64	0
1592.86	0
1593.08	1
1593.3	0
1593.52	0
1593.74	0
1593.96	0
1594.18	0
1594.4	0
1594.62	0
1594.84	0
1595.06	0
1595.28	0
1595.5	0
1595.72	0
1595.95	0
1596.17	0
1596.39	0
1596.61	0
1596.83	0
1597.05	0
1597.27	0
1597.49	0
1597.71	0
1597.93	0
1598.15	1
1598.37	1
1598.59	0
1598.81	0
1599.03	0
1599.25	0
1599.47	0
1599.69	0
1599.91	0
1600.13	0
1600.35	0
1600.57	0
1600.79	0
1601.01	0
1601.23	0
1601.45	0
1601.67	0
1601.89	0
1602.11	0
1602.33	0
1602.55	0
1602.77	0
1602.99	0
1603.21	0
1603.43	0
1603.65	0
1603.87	0
1604.09	0
1604.31	0
1604.53	0
1604.75	0
1604.97	0
1605.19	0
1605.41	0
1605.63	0
1605.85	0
1606.07	0
1606.29	0
1606.51	0
1606.73	0
1606.95	0
1607.17	0
1607.39	0
1607.61	0
1607.83	0
1608.05	0
1608.27	0
1608.49	0
1608.71	0
1608.93	0
1609.15	0
1609.37	0
1609.59	0
1609.81	0
1610.03	0
1610.25	0
1610.47	0
1610.69	0
1610.91	0
1611.13	0
1611.35	0
1611.57	0
1611.79	0
1612.01	0
1612.23	0
1612.45	0
1612.67	1
1612.89	0
1613.11	0
1613.33	0
1613.55	0
1613.77	0
1613.99	0
1614.21	0
1614.43	0
1614.65	0
1614.87	0
1615.09	0
1615.31	0
1615.53	0
1615.75	0
1615.97	0
1616.19	0
1616.41	0
1616.63	0
1616.85	0
1617.07	0
1617.29	0
1617.51	0
1617.73	0
1617.96	0
1618.18	0
1618.4	0
1618.62	0
1618.84	0
1619.06	0
1619.28	0
1619.5	0
1619.72	0
1619.94	0
1620.16	0
1620.38	0
1620.6	0
1620.82	0
1621.04	0
1621.26	0
1621.48	0
1621.7	0
1621.92	0
1622.14	0
1622.36	0
1622.58	0
1622.8	0
1623.02	0
1623.24	0
1623.46	0
1623.68	0
1623.9	0
1624.12	0
1624.34	0
1624.56	0
1624.78	0
1625	0
1625.22	0
1625.44	0
1625.66	0
1625.88	0
1626.1	0
1626.32	0
1626.54	0
1626.76	0
1626.98	0
1627.2	0
1627.42	0
1627.64	0
1627.86	0
1628.08	0
1628.3	0
1628.52	0
1628.74	0
1628.96	0
1629.18	0
1629.4	0
1629.62	0
1629.84	0
1630.06	0
1630.28	0
1630.5	0
1630.72	0
1630.94	0
1631.16	0
1631.38	0
1631.6	0
1631.82	0
1632.04	0
1632.26	0
1632.48	0
1632.7	0
1632.92	0
1633.14	0
1633.36	0
1633.58	0
1633.8	0
1634.02	0
1634.24	0
1634.46	0
1634.68	0
1634.9	1
1635.12	0
1635.34	0
1635.56	1
1635.78	0
1636	0
1636.22	0
1636.44	0
1636.66	0
1636.88	0
1637.1	0
1637.32	0
1637.54	0
1637.76	0
1637.98	0
1638.2	0
1638.42	0
1638.64	0
1638.86	0
1639.08	0
1639.3	0
1639.52	0
1639.74	0
1639.97	0
1640.19	0
1640.41	0
1640.63	0
1640.85	0
1641.07	0
1641.29	0
1641.51	0
1641.73	0
1641.95	1
1642.17	0
1642.39	0
1642.61	0
1642.83	0
1643.05	0
1643.27	0
1643.49	0
1643.71	0
1643.93	0
1644.15	0
1644.37	0
1644.59	0
1644.81	0
1645.03	0
1645.25	0
1645.47	0
1645.69	0
1645.91	0
1646.13	0
1646.35	0
1646.57	0
1646.79	0
1647.01	0
1647.23	0
1647.45	0
1647.67	0
1647.89	0
1648.11	0
1648.33	0
1648.55	0
1648.77	0
1648.99	0
1649.21	0
1649.43	0
1649.65	0
1649.87	0
1650.09	0
1650.31	0
1650.53	0
1650.75	0
1650.97	0
1651.19	0
1651.41	0
1651.63	0
1651.85	0
1652.07	0
1652.29	0
1652.51	0
1652.73	0
1652.95	0
1653.17	0
1653.39	0
1653.61	0
1653.83	0
1654.05	0
1654.27	0
1654.49	0
1654.71	0
1654.93	0
1655.15	0
1655.37	0
1655.59	0
1655.81	0
1656.03	0
1656.25	0
1656.47	0
1656.69	0
1656.91	0
1657.13	0
1657.35	0
1657.57	0
1657.79	0
1658.01	0
1658.23	0
1658.45	0
1658.67	0
1658.89	0
1659.11	0
1659.33	0
1659.55	0
1659.77	0
1659.99	0
1660.21	0
1660.43	0
1660.65	0
1660.87	0
1661.09	0
1661.31	0
1661.53	0
1661.75	0
1661.98	0
1662.2	0
1662.42	0
1662.64	0
1662.86	0
1663.08	0
1663.3	0
1663.52	0
1663.74	0
1663.96	0
1664.18	0
1664.4	0
1664.62	0
1664.84	0
1665.06	0
1665.28	0
1665.5	0
1665.72	0
1665.94	0
1666.16	0
1666.38	0
1666.6	0
1666.82	0
1667.04	0
1667.26	0
1667.48	0
1667.7	0
1667.92	0
1668.14	0
1668.36	0
1668.58	0
1668.8	0
1669.02	0
1669.24	0
1669.46	0
1669.68	0
1669.9	0
1670.12	0
1670.34	0
1670.56	0
1670.78	0
1671	0
1671.22	0
1671.44	0
1671.66	0
1671.88	0
1672.1	0
1672.32	0
1672.54	0
1672.76	0
1672.98	0
1673.2	0
1673.42	0
1673.64	0
1673.86	0
1674.08	0
1674.3	0
1674.52	0
1674.74	0
1674.96	0
1675.18	0
1675.4	0
1675.62	0
1675.84	0
1676.06	0
1676.28	0
1676.5	0
1676.72	0
1676.94	0
1677.16	0
1677.38	0
1677.6	0
1677.82	0
1678.04	0
1678.26	0
1678.48	0
1678.7	0
1678.92	0
1679.14	0
1679.36	0
1679.58	0
1679.8	0
1680.02	0
1680.24	0
1680.46	0
1680.68	0
1680.9	0
1681.12	0
1681.34	0
1681.56	0
1681.78	0
1682	0
1682.22	0
1682.44	0
1682.66	0
1682.88	0
1683.1	0
1683.32	0
1683.54	0
1683.76	0
1683.99	0
1684.21	0
1684.43	0
1684.65	0
1684.87	0
1685.09	0
1685.31	0
1685.53	0
1685.75	0
1685.97	0
1686.19	0
1686.41	0
1686.63	0
1686.85	0
1687.07	0
1687.29	0
1687.51	0
1687.73	0
1687.95	0
1688.17	0
1688.39	0
1688.61	0
1688.83	0
1689.05	0
1689.27	0
1689.49	0
1689.71	0
1689.93	0
1690.15	0
1690.37	0
1690.59	0
1690.81	0
1691.03	0
1691.25	1
1691.47	0
1691.69	0
1691.91	0
1692.13	0
1692.35	0
1692.57	0
1692.79	0
1693.01	0
1693.23	0
1693.45	0
1693.67	0
1693.89	0
1694.11	0
1694.33	0
1694.55	0
1694.77	0
1694.99	0
1695.21	0
1695.43	0
1695.65	0
1695.87	0
1696.09	0
1696.31	0
1696.53	0
1696.75	0
1696.97	0
1697.19	0
1697.41	0
1697.63	0
1697.85	0
1698.07	0
1698.29	0
1698.51	0
1698.73	0
1698.95	0
1699.17	0
1699.39	0
1699.61	0
1699.83	0
1700.05	0
1700.27	0
1700.49	0
1700.71	0
1700.93	0
1701.15	0
1701.37	0
1701.59	0
1701.81	0
1702.03	0
1702.25	0
1702.47	0
1702.69	0
1702.91	0
1703.13	0
1703.35	0
1703.57	0
1703.79	0
1704.01	0
1704.23	0
1704.45	0
1704.67	0
1704.89	0
1705.11	0
1705.33	0
1705.55	0
1705.77	0
1706	0
1706.22	0
1706.44	0
1706.66	0
1706.88	0
1707.1	0
1707.32	0
1707.54	0
1707.76	0
1707.98	0
1708.2	0
1708.42	0
1708.64	0
1708.86	0
1709.08	0
1709.3	0
1709.52	0
1709.74	0
1709.96	0
1710.18	0
1710.4	0
1710.62	0
1710.84	0
1711.06	0
1711.28	0
1711.5	0
1711.72	0
1711.94	0
1712.16	0
1712.38	0
1712.6	0
1712.82	0
1713.04	0
1713.26	0
1713.48	0
1713.7	0
1713.92	0
1714.14	1
1714.36	0
1714.58	0
1714.8	0
1715.02	0
1715.24	0
1715.46	0
1715.68	0
1715.9	0
1716.12	0
1716.34	0
1716.56	0
1716.78	0
1717	0
1717.22	0
1717.44	0
1717.66	0
1717.88	0
1718.1	0
1718.32	0
1718.54	0
1718.76	0
1718.98	0
1719.2	0
1719.42	0
1719.64	0
1719.86	0
1720.08	0
1720.3	0
1720.52	0
1720.74	0
1720.96	0
1721.18	0
1721.4	0
1721.62	0
1721.84	0
1722.06	0
1722.28	0
1722.5	0
1722.72	0
1722.94	0
1723.16	0
1723.38	0
1723.6	0
1723.82	0
1724.04	0
1724.26	0
1724.48	0
1724.7	0
1724.92	0
1725.14	0
1725.36	0
1725.58	0
1725.8	0
1726.02	0
1726.24	0
1726.46	0
1726.68	0
1726.9	0
1727.12	0
1727.34	0
1727.56	0
1727.78	0
1728.01	0
1728.23	1
1728.45	0
1728.67	0
1728.89	0
1729.11	0
1729.33	0
1729.55	0
1729.77	0
1729.99	0
1730.21	0
1730.43	0
1730.65	0
1730.87	0
1731.09	0
1731.31	0
1731.53	0
1731.75	0
1731.97	0
1732.19	0
1732.41	0
1732.63	0
1732.85	0
1733.07	0
1733.29	0
1733.51	0
1733.73	0
1733.95	0
1734.17	0
1734.39	0
1734.61	0
1734.83	0
1735.05	0
1735.27	0
1735.49	0
1735.71	0
1735.93	0
1736.15	0
1736.37	0
1736.59	0
1736.81	0
1737.03	0
1737.25	0
1737.47	0
1737.69	0
1737.91	0
1738.13	0
1738.35	0
1738.57	0
1738.79	0
1739.01	0
1739.23	0
1739.45	0
1739.67	0
1739.89	0
1740.11	0
1740.33	0
1740.55	0
1740.77	0
1740.99	0
1741.21	0
1741.43	0
1741.65	0
1741.87	0
1742.09	0
1742.31	0
1742.53	0
1742.75	0
1742.97	0
1743.19	0
1743.41	0
1743.63	0
1743.85	0
1744.07	0
1744.29	0
1744.51	0
1744.73	0
1744.95	0
1745.17	0
1745.39	0
1745.61	0
1745.83	0
1746.05	0
1746.27	0
1746.49	0
1746.71	0
1746.93	0
1747.15	0
1747.37	0
1747.59	0
1747.81	0
1748.03	0
1748.25	0
1748.47	0
1748.69	0
1748.91	0
1749.13	0
1749.35	0
1749.57	0
1749.79	0
1750.02	0
1750.24	0
1750.46	0
1750.68	0
1750.9	0
1751.12	0
1751.34	0
1751.56	0
1751.78	0
1752	0
1752.22	0
1752.44	0
1752.66	0
1752.88	0
1753.1	0
1753.32	0
1753.54	0
1753.76	0
1753.98	0
1754.2	0
1754.42	0
1754.64	0
1754.86	0
1755.08	0
1755.3	0
1755.52	0
1755.74	0
1755.96	0
1756.18	0
1756.4	0
1756.62	0
1756.84	0
1757.06	0
1757.28	0
1757.5	0
1757.72	0
1757.94	0
1758.16	0
1758.38	0
1758.6	0
1758.82	0
1759.04	0
1759.26	0
1759.48	0
1759.7	0
1759.92	0
1760.14	0
1760.36	0
1760.58	0
1760.8	0
1761.02	0
1761.24	0
1761.46	0
1761.68	0
1761.9	0
1762.12	0
1762.34	0
1762.56	0
1762.78	0
1763	0
1763.22	0
1763.44	0
1763.66	0
1763.88	0
1764.1	0
1764.32	0
1764.54	0
1764.76	0
1764.98	0
1765.2	0
1765.42	0
1765.64	0
1765.86	0
1766.08	0
1766.3	0
1766.52	0
1766.74	0
1766.96	0
1767.18	0
1767.4	0
1767.62	0
1767.84	0
1768.06	0
1768.28	0
1768.5	0
1768.72	0
1768.94	0
1769.16	0
1769.38	0
1769.6	0
1769.82	0
1770.04	0
1770.26	1
1770.48	0
1770.7	0
1770.92	0
1771.14	0
1771.36	0
1771.58	0
1771.8	0
1772.03	0
1772.25	0
1772.47	0
1772.69	0
1772.91	0
1773.13	0
1773.35	0
1773.57	0
1773.79	0
1774.01	0
1774.23	0
1774.45	0
1774.67	0
1774.89	0
1775.11	0
1775.33	0
1775.55	0
1775.77	0
1775.99	0
1776.21	0
1776.43	0
1776.65	0
1776.87	0
1777.09	0
1777.31	0
1777.53	0
1777.75	0
1777.97	0
1778.19	0
1778.41	0
1778.63	0
1778.85	0
1779.07	0
1779.29	0
1779.51	0
1779.73	0
1779.95	0
1780.17	0
1780.39	0
1780.61	0
1780.83	0
1781.05	0
1781.27	0
1781.49	0
1781.71	0
1781.93	0
1782.15	0
1782.37	0
1782.59	0
1782.81	0
1783.03	0
1783.25	0
1783.47	0
1783.69	0
1783.91	0
1784.13	0
1784.35	0
1784.57	0
1784.79	0
1785.01	0
1785.23	0
1785.45	0
1785.67	0
1785.89	0
1786.11	0
1786.33	0
1786.55	0
1786.77	0
1786.99	0
1787.21	0
1787.43	0
1787.65	0
1787.87	0
1788.09	0
1788.31	0
1788.53	0
1788.75	0
1788.97	0
1789.19	0
1789.41	0
1789.63	0
1789.85	0
1790.07	0
1790.29	0
1790.51	0
1790.73	0
1790.95	0
1791.17	0
1791.39	0
1791.61	0
1791.83	0
1792.05	0
1792.27	0
1792.49	0
1792.71	0
1792.93	0
1793.15	0
1793.37	0
1793.59	0
1793.81	0
1794.04	0
1794.26	0
1794.48	0
1794.7	0
1794.92	0
1795.14	0
1795.36	0
1795.58	0
1795.8	0
1796.02	0
1796.24	0
1796.46	0
1796.68	0
1796.9	0
1797.12	0
1797.34	0
1797.56	0
1797.78	0
1798	0
1798.22	0
1798.44	0
1798.66	0
1798.88	0
1799.1	0
1799.32	0
1799.54	0
1799.76	0
1799.98	0
1800.2	0
1800.42	0
1800.64	0
1800.86	0
1801.08	0
1801.3	0
1801.52	0
1801.74	0
1801.96	0
1802.18	0
1802.4	0
1802.62	0
1802.84	0
