-5.15587e-020	0
0.2201	0
0.4402	0
0.6603	0
0.8804	0
1.1005	0
1.3206	0
1.5407	0
1.7608	0
1.9809	0
2.201	0
2.4211	0
2.6412	0
2.8613	0
3.0814	0
3.3015	0
3.5216	0
3.7417	0
3.9618	0
4.1819	0
4.402	0
4.6221	0
4.8422	0
5.0623	0
5.2824	0
5.5025	0
5.7226	0
5.9427	0
6.1628	0
6.3829	0
6.603	0
6.8231	0
7.0432	0
7.2633	0
7.4834	0
7.7035	2
7.9236	3
8.1437	8
8.3638	2
8.5839	5
8.804	2
9.0241	2
9.2442	2
9.4643	1
9.6844	3
9.9045	3
10.1246	5
10.3447	4
10.5648	7
10.7849	6
11.005	3
11.2251	3
11.4452	2
11.6653	6
11.8854	5
12.1055	2
12.3256	4
12.5457	1
12.7658	2
12.9859	2
13.206	2
13.4261	5
13.6462	5
13.8663	2
14.0864	2
14.3065	5
14.5266	1
14.7467	5
14.9668	3
15.1869	4
15.407	2
15.6271	4
15.8472	2
16.0673	2
16.2874	4
16.5075	5
16.7276	3
16.9477	2
17.1678	2
17.3879	1
17.608	1
17.8281	7
18.0482	3
18.2683	3
18.4884	2
18.7085	2
18.9286	2
19.1487	4
19.3688	2
19.5889	9
19.809	1
20.0291	1
20.2492	3
20.4693	3
20.6894	0
20.9095	3
21.1296	1
21.3497	2
21.5698	4
21.7899	3
22.01	0
22.2301	7
22.4502	6
22.6703	5
22.8904	1
23.1105	2
23.3306	4
23.5507	4
23.7708	5
23.9909	1
24.211	2
24.4311	4
24.6512	1
24.8713	8
25.0914	4
25.3115	4
25.5316	3
25.7517	2
25.9718	4
26.1919	1
26.412	4
26.6321	3
26.8522	1
27.0723	2
27.2924	3
27.5125	0
27.7326	2
27.9527	5
28.1728	4
28.3929	4
28.613	2
28.8331	5
29.0532	3
29.2733	4
29.4934	1
29.7135	2
29.9336	5
30.1537	2
30.3738	7
30.5939	2
30.814	4
31.0341	6
31.2542	2
31.4743	1
31.6944	2
31.9145	1
32.1346	1
32.3547	2
32.5748	2
32.7949	3
33.015	7
33.2351	2
33.4552	2
33.6753	2
33.8954	2
34.1155	3
34.3356	2
34.5557	5
34.7758	3
34.9959	2
35.216	2
35.4361	3
35.6562	1
35.8763	2
36.0964	3
36.3165	2
36.5366	1
36.7567	4
36.9768	3
37.1969	3
37.417	4
37.6371	2
37.8572	5
38.0773	3
38.2974	3
38.5175	5
38.7376	1
38.9577	1
39.1778	4
39.3979	5
39.618	3
39.8381	5
40.0582	0
40.2783	3
40.4984	1
40.7185	0
40.9386	1
41.1587	5
41.3788	3
41.5989	3
41.819	2
42.0391	3
42.2592	4
42.4793	4
42.6994	6
42.9195	3
43.1396	1
43.3597	2
43.5798	2
43.7999	0
44.02	4
44.2401	1
44.4602	7
44.6803	1
44.9004	4
45.1205	8
45.3406	5
45.5607	1
45.7808	0
46.0009	2
46.221	6
46.4411	1
46.6612	3
46.8813	8
47.1014	1
47.3215	3
47.5416	2
47.7617	1
47.9818	0
48.2019	2
48.422	1
48.6421	3
48.8622	7
49.0823	0
49.3024	4
49.5225	2
49.7426	4
49.9627	3
50.1828	5
50.4029	1
50.623	2
50.8431	6
51.0632	0
51.2833	3
51.5034	6
51.7235	2
51.9436	1
52.1637	3
52.3838	2
52.6039	5
52.824	2
53.0441	3
53.2642	5
53.4843	1
53.7044	5
53.9245	4
54.1446	1
54.3647	1
54.5848	1
54.8049	2
55.025	1
55.2451	2
55.4652	3
55.6853	5
55.9054	1
56.1255	3
56.3456	5
56.5657	6
56.7858	5
57.0059	6
57.226	4
57.4461	2
57.6662	2
57.8863	3
58.1064	4
58.3265	2
58.5466	1
58.7667	5
58.9868	2
59.2069	2
59.427	4
59.6471	2
59.8672	6
60.0873	1
60.3074	2
60.5275	4
60.7476	2
60.9677	2
61.1878	2
61.4079	1
61.628	3
61.8481	2
62.0682	2
62.2883	1
62.5084	4
62.7285	3
62.9486	8
63.1687	3
63.3888	3
63.6089	6
63.829	0
64.0491	1
64.2692	1
64.4893	5
64.7094	4
64.9295	0
65.1496	4
65.3697	0
65.5898	3
65.8099	1
66.03	3
66.2501	6
66.4702	3
66.6903	4
66.9104	3
67.1305	1
67.3506	2
67.5707	2
67.7908	5
68.0109	0
68.231	3
68.4511	2
68.6712	7
68.8913	4
69.1114	5
69.3315	6
69.5516	5
69.7717	2
69.9918	3
70.2119	3
70.432	2
70.6521	4
70.8722	3
71.0923	1
71.3124	4
71.5325	8
71.7526	5
71.9727	12
72.1928	3
72.4129	1
72.633	3
72.8531	4
73.0732	3
73.2933	2
73.5134	6
73.7335	2
73.9536	3
74.1737	3
74.3938	3
74.6139	3
74.834	1
75.0541	4
75.2742	1
75.4943	2
75.7144	5
75.9345	2
76.1546	3
76.3747	2
76.5948	1
76.8149	4
77.035	1
77.2551	3
77.4752	8
77.6953	3
77.9154	5
78.1355	2
78.3556	2
78.5757	5
78.7958	6
79.0159	3
79.236	3
79.4561	0
79.6762	2
79.8963	1
80.1164	2
80.3365	2
80.5566	11
80.7767	0
80.9968	4
81.2169	4
81.437	1
81.6571	3
81.8772	6
82.0973	3
82.3174	1
82.5375	1
82.7576	5
82.9777	5
83.1978	3
83.4179	1
83.638	2
83.8581	0
84.0782	4
84.2983	4
84.5184	1
84.7385	4
84.9586	3
85.1787	2
85.3988	3
85.6189	4
85.839	4
86.0591	1
86.2792	4
86.4993	1
86.7194	2
86.9395	4
87.1596	2
87.3797	1
87.5998	4
87.8199	0
88.04	2
88.2601	3
88.4802	3
88.7003	5
88.9204	7
89.1405	1
89.3606	5
89.5807	0
89.8008	0
90.0209	3
90.241	0
90.4611	3
90.6812	1
90.9013	3
91.1214	3
91.3415	1
91.5616	4
91.7817	4
92.0018	4
92.2219	3
92.442	8
92.6621	3
92.8822	5
93.1023	4
93.3224	3
93.5425	2
93.7626	3
93.9827	3
94.2028	1
94.4229	6
94.643	5
94.8631	2
95.0832	4
95.3033	3
95.5234	0
95.7435	1
95.9636	4
96.1837	4
96.4038	4
96.6239	1
96.844	1
97.0641	2
97.2842	3
97.5043	2
97.7244	3
97.9445	4
98.1646	1
98.3847	1
98.6048	5
98.8249	4
99.045	4
99.2651	1
99.4852	0
99.7053	4
99.9254	4
100.146	4
100.366	8
100.586	2
100.806	6
101.026	0
101.246	1
101.466	3
101.686	2
101.906	2
102.126	3
102.346	1
102.567	2
102.787	3
103.007	5
103.227	1
103.447	4
103.667	1
103.887	3
104.107	5
104.327	2
104.548	1
104.768	2
104.988	1
105.208	3
105.428	6
105.648	4
105.868	3
106.088	3
106.308	4
106.528	5
106.748	3
106.969	0
107.189	1
107.409	4
107.629	1
107.849	3
108.069	3
108.289	2
108.509	6
108.729	0
108.95	3
109.17	5
109.39	2
109.61	5
109.83	2
110.05	5
110.27	0
110.49	2
110.71	2
110.93	1
111.15	1
111.371	0
111.591	2
111.811	4
112.031	5
112.251	4
112.471	2
112.691	4
112.911	5
113.131	3
113.352	5
113.572	2
113.792	3
114.012	3
114.232	3
114.452	2
114.672	2
114.892	6
115.112	2
115.332	2
115.552	2
115.773	5
115.993	3
116.213	3
116.433	0
116.653	2
116.873	6
117.093	1
117.313	4
117.533	3
117.753	4
117.974	5
118.194	2
118.414	3
118.634	2
118.854	3
119.074	2
119.294	2
119.514	4
119.734	3
119.955	3
120.175	0
120.395	4
120.615	2
120.835	1
121.055	5
121.275	1
121.495	2
121.715	1
121.935	2
122.155	4
122.376	1
122.596	4
122.816	1
123.036	0
123.256	3
123.476	1
123.696	3
123.916	0
124.136	2
124.357	3
124.577	1
124.797	3
125.017	3
125.237	2
125.457	0
125.677	3
125.897	2
126.117	3
126.337	2
126.557	2
126.778	3
126.998	1
127.218	6
127.438	5
127.658	4
127.878	1
128.098	2
128.318	2
128.538	2
128.759	2
128.979	3
129.199	3
129.419	3
129.639	2
129.859	1
130.079	4
130.299	6
130.519	2
130.739	1
130.959	1
131.18	3
131.4	5
131.62	1
131.84	0
132.06	1
132.28	3
132.5	1
132.72	2
132.94	2
133.16	1
133.381	3
133.601	5
133.821	0
134.041	0
134.261	2
134.481	3
134.701	2
134.921	3
135.141	1
135.362	7
135.582	3
135.802	2
136.022	0
136.242	3
136.462	1
136.682	2
136.902	2
137.122	2
137.342	2
137.563	2
137.783	2
138.003	1
138.223	1
138.443	3
138.663	3
138.883	5
139.103	2
139.323	2
139.543	3
139.763	2
139.984	3
140.204	1
140.424	2
140.644	2
140.864	3
141.084	3
141.304	2
141.524	3
141.744	4
141.964	2
142.185	2
142.405	3
142.625	0
142.845	1
143.065	2
143.285	2
143.505	1
143.725	0
143.945	5
144.165	3
144.386	1
144.606	2
144.826	1
145.046	2
145.266	0
145.486	2
145.706	3
145.926	3
146.146	2
146.367	2
146.587	4
146.807	4
147.027	3
147.247	3
147.467	2
147.687	1
147.907	3
148.127	3
148.347	0
148.568	3
148.788	1
149.008	1
149.228	2
149.448	2
149.668	4
149.888	1
150.108	3
150.328	2
150.548	3
150.768	3
150.989	5
151.209	5
151.429	5
151.649	3
151.869	3
152.089	1
152.309	2
152.529	3
152.749	2
152.969	2
153.19	1
153.41	2
153.63	3
153.85	4
154.07	3
154.29	4
154.51	2
154.73	4
154.95	3
155.171	3
155.391	5
155.611	1
155.831	6
156.051	1
156.271	2
156.491	3
156.711	1
156.931	2
157.151	1
157.372	4
157.592	3
157.812	3
158.032	4
158.252	0
158.472	3
158.692	2
158.912	1
159.132	4
159.352	5
159.572	1
159.793	2
160.013	3
160.233	3
160.453	4
160.673	5
160.893	4
161.113	2
161.333	3
161.553	4
161.773	4
161.994	3
162.214	0
162.434	1
162.654	2
162.874	3
163.094	2
163.314	0
163.534	4
163.754	2
163.975	3
164.195	3
164.415	0
164.635	0
164.855	1
165.075	2
165.295	4
165.515	3
165.735	5
165.955	1
166.176	1
166.396	3
166.616	1
166.836	6
167.056	6
167.276	2
167.496	2
167.716	1
167.936	4
168.156	5
168.376	4
168.597	4
168.817	1
169.037	1
169.257	5
169.477	2
169.697	1
169.917	3
170.137	2
170.357	0
170.577	2
170.798	0
171.018	6
171.238	3
171.458	3
171.678	3
171.898	5
172.118	7
172.338	6
172.558	4
172.778	1
172.999	1
173.219	2
173.439	4
173.659	4
173.879	5
174.099	6
174.319	2
174.539	3
174.759	3
174.98	5
175.2	2
175.42	2
175.64	7
175.86	3
176.08	5
176.3	5
176.52	8
176.74	1
176.96	4
177.18	4
177.401	4
177.621	4
177.841	6
178.061	3
178.281	4
178.501	1
178.721	1
178.941	4
179.161	0
179.381	4
179.602	2
179.822	4
180.042	5
180.262	5
180.482	3
180.702	4
180.922	1
181.142	3
181.362	5
181.582	4
181.803	7
182.023	2
182.243	8
182.463	5
182.683	1
182.903	3
183.123	2
183.343	4
183.563	4
183.784	6
184.004	1
184.224	1
184.444	3
184.664	2
184.884	4
185.104	2
185.324	3
185.544	3
185.764	5
185.985	2
186.205	3
186.425	4
186.645	7
186.865	2
187.085	3
187.305	4
187.525	2
187.745	5
187.965	2
188.185	2
188.406	5
188.626	5
188.846	5
189.066	3
189.286	3
189.506	4
189.726	1
189.946	4
190.166	2
190.386	2
190.607	4
190.827	0
191.047	3
191.267	3
191.487	2
191.707	5
191.927	7
192.147	1
192.367	4
192.587	4
192.808	5
193.028	4
193.248	5
193.468	1
193.688	4
193.908	5
194.128	2
194.348	3
194.568	2
194.789	2
195.009	3
195.229	2
195.449	4
195.669	5
195.889	2
196.109	2
196.329	2
196.549	4
196.769	4
196.989	2
197.21	4
197.43	1
197.65	1
197.87	6
198.09	2
198.31	6
198.53	1
198.75	3
198.97	3
199.19	3
199.411	2
199.631	0
199.851	2
200.071	4
200.291	2
200.511	2
200.731	3
200.951	2
201.171	2
201.391	1
201.612	2
201.832	2
202.052	3
202.272	2
202.492	5
202.712	5
202.932	2
203.152	2
203.372	1
203.593	0
203.813	0
204.033	1
204.253	1
204.473	0
204.693	2
204.913	0
205.133	3
205.353	3
205.573	0
205.793	0
206.014	4
206.234	0
206.454	0
206.674	2
206.894	4
207.114	1
207.334	0
207.554	4
207.774	1
207.994	4
208.215	4
208.435	0
208.655	1
208.875	2
209.095	1
209.315	2
209.535	3
209.755	4
209.975	0
210.195	0
210.416	1
210.636	6
210.856	3
211.076	2
211.296	4
211.516	1
211.736	2
211.956	1
212.176	5
212.397	2
212.617	3
212.837	0
213.057	9
213.277	2
213.497	5
213.717	3
213.937	4
214.157	0
214.377	3
214.598	2
214.818	2
215.038	1
215.258	2
215.478	2
215.698	1
215.918	2
216.138	4
216.358	2
216.578	3
216.798	8
217.019	2
217.239	1
217.459	2
217.679	4
217.899	3
218.119	2
218.339	1
218.559	4
218.779	2
218.999	1
219.22	3
219.44	2
219.66	0
219.88	1
220.1	2
220.32	2
220.54	3
220.76	1
220.98	3
221.2	4
221.421	4
221.641	2
221.861	1
222.081	4
222.301	1
222.521	1
222.741	1
222.961	3
223.181	3
223.402	3
223.622	3
223.842	0
224.062	1
224.282	2
224.502	2
224.722	2
224.942	1
225.162	0
225.382	1
225.602	2
225.823	3
226.043	2
226.263	2
226.483	4
226.703	3
226.923	5
227.143	4
227.363	2
227.583	0
227.803	2
228.024	5
228.244	2
228.464	3
228.684	3
228.904	3
229.124	1
229.344	3
229.564	3
229.784	2
230.004	2
230.225	2
230.445	0
230.665	4
230.885	1
231.105	1
231.325	1
231.545	5
231.765	3
231.985	3
232.206	3
232.426	1
232.646	1
232.866	3
233.086	4
233.306	4
233.526	1
233.746	2
233.966	2
234.186	0
234.406	3
234.627	4
234.847	5
235.067	3
235.287	3
235.507	2
235.727	4
235.947	6
236.167	2
236.387	1
236.607	2
236.828	2
237.048	0
237.268	0
237.488	2
237.708	4
237.928	2
238.148	1
238.368	1
238.588	0
238.808	6
239.029	0
239.249	3
239.469	5
239.689	2
239.909	4
240.129	0
240.349	2
240.569	1
240.789	2
241.01	0
241.23	1
241.45	1
241.67	4
241.89	0
242.11	2
242.33	2
242.55	1
242.77	2
242.99	4
243.211	1
243.431	2
243.651	1
243.871	1
244.091	0
244.311	2
244.531	2
244.751	3
244.971	2
245.191	1
245.411	4
245.632	3
245.852	5
246.072	3
246.292	5
246.512	2
246.732	2
246.952	2
247.172	3
247.392	2
247.612	4
247.833	1
248.053	4
248.273	3
248.493	1
248.713	2
248.933	2
249.153	1
249.373	4
249.593	1
249.813	3
250.034	0
250.254	1
250.474	1
250.694	2
250.914	3
251.134	1
251.354	2
251.574	2
251.794	2
252.015	1
252.235	3
252.455	2
252.675	1
252.895	1
253.115	0
253.335	3
253.555	1
253.775	1
253.995	0
254.215	4
254.436	1
254.656	0
254.876	3
255.096	4
255.316	4
255.536	2
255.756	1
255.976	2
256.196	2
256.416	1
256.637	0
256.857	2
257.077	2
257.297	2
257.517	3
257.737	3
257.957	1
258.177	2
258.397	0
258.618	5
258.838	2
259.058	1
259.278	3
259.498	1
259.718	0
259.938	2
260.158	6
260.378	1
260.598	1
260.818	1
261.039	2
261.259	2
261.479	2
261.699	4
261.919	2
262.139	1
262.359	0
262.579	4
262.799	5
263.019	1
263.24	1
263.46	2
263.68	2
263.9	2
264.12	1
264.34	4
264.56	2
264.78	2
265	6
265.221	0
265.441	1
265.661	2
265.881	2
266.101	2
266.321	2
266.541	3
266.761	3
266.981	2
267.201	1
267.421	2
267.642	1
267.862	3
268.082	2
268.302	1
268.522	1
268.742	1
268.962	1
269.182	4
269.402	2
269.623	3
269.843	1
270.063	4
270.283	0
270.503	0
270.723	2
270.943	2
271.163	5
271.383	2
271.603	0
271.823	1
272.044	2
272.264	1
272.484	3
272.704	5
272.924	0
273.144	2
273.364	1
273.584	1
273.804	1
274.024	1
274.245	2
274.465	4
274.685	1
274.905	3
275.125	3
275.345	3
275.565	1
275.785	1
276.005	3
276.226	2
276.446	2
276.666	2
276.886	3
277.106	2
277.326	1
277.546	2
277.766	0
277.986	3
278.206	1
278.426	5
278.647	3
278.867	2
279.087	4
279.307	3
279.527	3
279.747	1
279.967	0
280.187	0
280.407	0
280.628	1
280.848	2
281.068	4
281.288	3
281.508	0
281.728	2
281.948	1
282.168	3
282.388	0
282.608	4
282.828	2
283.049	2
283.269	2
283.489	2
283.709	2
283.929	4
284.149	1
284.369	2
284.589	1
284.809	0
285.029	5
285.25	6
285.47	3
285.69	0
285.91	2
286.13	3
286.35	1
286.57	3
286.79	3
287.01	0
287.231	1
287.451	1
287.671	4
287.891	2
288.111	2
288.331	4
288.551	2
288.771	0
288.991	2
289.211	3
289.431	0
289.652	4
289.872	0
290.092	1
290.312	4
290.532	1
290.752	3
290.972	1
291.192	3
291.412	5
291.632	2
291.853	1
292.073	3
292.293	2
292.513	2
292.733	0
292.953	2
293.173	2
293.393	1
293.613	2
293.834	0
294.054	0
294.274	2
294.494	0
294.714	2
294.934	3
295.154	4
295.374	0
295.594	1
295.814	1
296.034	0
296.255	1
296.475	4
296.695	2
296.915	1
297.135	2
297.355	4
297.575	1
297.795	1
298.015	4
298.236	3
298.456	1
298.676	3
298.896	1
299.116	2
299.336	2
299.556	5
299.776	1
299.996	0
300.216	4
300.436	5
300.657	3
300.877	0
301.097	1
301.317	2
301.537	3
301.757	1
301.977	1
302.197	2
302.417	1
302.637	3
302.858	2
303.078	4
303.298	1
303.518	3
303.738	1
303.958	2
304.178	2
304.398	2
304.618	5
304.839	3
305.059	2
305.279	1
305.499	2
305.719	1
305.939	2
306.159	0
306.379	0
306.599	1
306.819	0
307.039	4
307.26	1
307.48	3
307.7	3
307.92	1
308.14	2
308.36	3
308.58	1
308.8	3
309.02	4
309.241	6
309.461	3
309.681	0
309.901	1
310.121	2
310.341	1
310.561	1
310.781	2
311.001	1
311.221	0
311.441	3
311.662	2
311.882	3
312.102	0
312.322	0
312.542	4
312.762	2
312.982	4
313.202	3
313.422	5
313.642	2
313.863	0
314.083	1
314.303	4
314.523	2
314.743	4
314.963	7
315.183	3
315.403	5
315.623	4
315.844	0
316.064	2
316.284	4
316.504	2
316.724	7
316.944	3
317.164	1
317.384	2
317.604	3
317.824	5
318.044	3
318.265	2
318.485	0
318.705	0
318.925	5
319.145	2
319.365	4
319.585	0
319.805	4
320.025	1
320.245	4
320.466	1
320.686	3
320.906	0
321.126	3
321.346	2
321.566	4
321.786	0
322.006	2
322.226	1
322.446	8
322.667	4
322.887	2
323.107	1
323.327	5
323.547	3
323.767	1
323.987	3
324.207	2
324.427	3
324.647	1
324.868	1
325.088	1
325.308	2
325.528	1
325.748	3
325.968	4
326.188	4
326.408	3
326.628	1
326.849	2
327.069	7
327.289	4
327.509	5
327.729	4
327.949	1
328.169	1
328.389	1
328.609	3
328.829	2
329.049	2
329.27	6
329.49	6
329.71	1
329.93	2
330.15	2
330.37	3
330.59	3
330.81	3
331.03	2
331.25	5
331.471	2
331.691	3
331.911	1
332.131	3
332.351	3
332.571	3
332.791	2
333.011	5
333.231	1
333.452	2
333.672	6
333.892	2
334.112	2
334.332	2
334.552	2
334.772	3
334.992	4
335.212	4
335.432	2
335.652	4
335.873	2
336.093	2
336.313	2
336.533	1
336.753	3
336.973	4
337.193	1
337.413	1
337.633	5
337.854	2
338.074	0
338.294	2
338.514	3
338.734	0
338.954	2
339.174	3
339.394	1
339.614	5
339.834	3
340.054	1
340.275	2
340.495	0
340.715	2
340.935	2
341.155	0
341.375	2
341.595	3
341.815	1
342.035	3
342.255	3
342.476	1
342.696	3
342.916	1
343.136	1
343.356	1
343.576	4
343.796	1
344.016	4
344.236	1
344.457	2
344.677	2
344.897	2
345.117	1
345.337	0
345.557	2
345.777	1
345.997	1
346.217	0
346.437	0
346.657	2
346.878	2
347.098	0
347.318	2
347.538	2
347.758	1
347.978	0
348.198	2
348.418	3
348.638	1
348.858	1
349.079	1
349.299	0
349.519	2
349.739	1
349.959	2
350.179	2
350.399	2
350.619	1
350.839	2
351.059	2
351.28	3
351.5	2
351.72	2
351.94	1
352.16	0
352.38	0
352.6	1
352.82	1
353.04	1
353.26	0
353.481	0
353.701	1
353.921	2
354.141	2
354.361	1
354.581	3
354.801	2
355.021	1
355.241	1
355.462	5
355.682	2
355.902	1
356.122	2
356.342	0
356.562	1
356.782	3
357.002	2
357.222	0
357.442	1
357.662	3
357.883	2
358.103	1
358.323	1
358.543	2
358.763	3
358.983	3
359.203	2
359.423	1
359.643	2
359.863	1
360.084	1
360.304	1
360.524	1
360.744	1
360.964	0
361.184	1
361.404	0
361.624	4
361.844	1
362.065	2
362.285	1
362.505	0
362.725	0
362.945	0
363.165	2
363.385	2
363.605	1
363.825	0
364.045	1
364.265	0
364.486	1
364.706	3
364.926	3
365.146	1
365.366	1
365.586	0
365.806	0
366.026	0
366.246	2
366.467	0
366.687	1
366.907	0
367.127	0
367.347	2
367.567	1
367.787	2
368.007	0
368.227	0
368.447	1
368.667	2
368.888	0
369.108	1
369.328	0
369.548	1
369.768	2
369.988	0
370.208	2
370.428	1
370.648	1
370.868	4
371.089	2
371.309	2
371.529	1
371.749	1
371.969	0
372.189	1
372.409	2
372.629	2
372.849	1
373.07	0
373.29	0
373.51	1
373.73	4
373.95	2
374.17	0
374.39	2
374.61	0
374.83	2
375.05	0
375.27	1
375.491	0
375.711	1
375.931	3
376.151	0
376.371	1
376.591	2
376.811	0
377.031	2
377.251	2
377.471	0
377.692	0
377.912	0
378.132	2
378.352	2
378.572	1
378.792	1
379.012	2
379.232	0
379.452	0
379.672	1
379.893	1
380.113	2
380.333	1
380.553	3
380.773	1
380.993	2
381.213	0
381.433	1
381.653	0
381.873	1
382.094	0
382.314	0
382.534	0
382.754	0
382.974	0
383.194	0
383.414	2
383.634	0
383.854	1
384.075	1
384.295	0
384.515	0
384.735	1
384.955	0
385.175	1
385.395	0
385.615	1
385.835	1
386.055	0
386.275	0
386.496	0
386.716	0
386.936	1
387.156	0
387.376	3
387.596	1
387.816	1
388.036	0
388.256	0
388.476	0
388.697	0
388.917	1
389.137	0
389.357	1
389.577	1
389.797	0
390.017	0
390.237	1
390.457	1
390.678	0
390.898	3
391.118	1
391.338	1
391.558	0
391.778	0
391.998	0
392.218	0
392.438	0
392.658	0
392.878	1
393.099	1
393.319	0
393.539	1
393.759	0
393.979	1
394.199	1
394.419	1
394.639	0
394.859	1
395.08	1
395.3	2
395.52	0
395.74	3
395.96	1
396.18	0
396.4	1
396.62	0
396.84	0
397.06	1
397.28	0
397.501	1
397.721	1
397.941	0
398.161	0
398.381	1
398.601	0
398.821	0
399.041	0
399.261	0
399.481	1
399.702	1
399.922	0
400.142	1
400.362	0
400.582	0
400.802	0
401.022	0
401.242	1
401.462	0
401.683	0
401.903	0
402.123	0
402.343	0
402.563	0
402.783	0
403.003	2
403.223	0
403.443	0
403.663	0
403.883	2
404.104	0
404.324	1
404.544	1
404.764	1
404.984	2
405.204	0
405.424	1
405.644	1
405.864	1
406.084	0
406.305	0
406.525	0
406.745	1
406.965	1
407.185	0
407.405	1
407.625	0
407.845	2
408.065	0
408.285	0
408.506	0
408.726	1
408.946	0
409.166	1
409.386	1
409.606	0
409.826	0
410.046	2
410.266	1
410.486	0
410.707	1
410.927	1
411.147	0
411.367	0
411.587	1
411.807	0
412.027	1
412.247	0
412.467	0
412.688	0
412.908	0
413.128	0
413.348	2
413.568	0
413.788	3
414.008	1
414.228	0
414.448	0
414.668	0
414.888	0
415.109	1
415.329	0
415.549	1
415.769	0
415.989	0
416.209	3
416.429	1
416.649	2
416.869	0
417.089	0
417.31	0
417.53	0
417.75	0
417.97	1
418.19	1
418.41	3
418.63	0
418.85	0
419.07	0
419.291	1
419.511	1
419.731	0
419.951	0
420.171	0
420.391	0
420.611	0
420.831	1
421.051	0
421.271	0
421.491	0
421.712	1
421.932	0
422.152	0
422.372	1
422.592	0
422.812	0
423.032	0
423.252	0
423.472	0
423.693	0
423.913	1
424.133	2
424.353	0
424.573	0
424.793	0
425.013	1
425.233	1
425.453	0
425.673	0
425.893	0
426.114	0
426.334	0
426.554	0
426.774	0
426.994	1
427.214	1
427.434	0
427.654	0
427.874	4
428.094	1
428.315	0
428.535	0
428.755	1
428.975	0
429.195	1
429.415	1
429.635	0
429.855	0
430.075	1
430.296	0
430.516	1
430.736	2
430.956	0
431.176	0
431.396	0
431.616	0
431.836	0
432.056	0
432.276	3
432.496	0
432.717	1
432.937	0
433.157	0
433.377	0
433.597	1
433.817	0
434.037	0
434.257	1
434.477	0
434.697	0
434.918	1
435.138	1
435.358	0
435.578	1
435.798	0
436.018	0
436.238	0
436.458	0
436.678	0
436.898	0
437.119	0
437.339	1
437.559	1
437.779	0
437.999	1
438.219	2
438.439	0
438.659	0
438.879	1
439.099	0
439.32	1
439.54	1
439.76	0
439.98	1
440.2	0
440.42	0
440.64	2
440.86	1
441.08	0
441.301	2
441.521	0
441.741	0
441.961	1
442.181	0
442.401	0
442.621	0
442.841	1
443.061	2
443.281	1
443.501	0
443.722	0
443.942	0
444.162	1
444.382	0
444.602	1
444.822	2
445.042	0
445.262	2
445.482	2
445.702	0
445.923	0
446.143	0
446.363	0
446.583	0
446.803	0
447.023	0
447.243	0
447.463	1
447.683	0
447.904	0
448.124	0
448.344	0
448.564	0
448.784	0
449.004	0
449.224	0
449.444	1
449.664	1
449.884	0
450.104	1
450.325	0
450.545	0
450.765	1
450.985	0
451.205	0
451.425	0
451.645	0
451.865	1
452.085	1
452.305	1
452.526	0
452.746	0
452.966	1
453.186	1
453.406	1
453.626	1
453.846	0
454.066	0
454.286	0
454.506	1
454.727	1
454.947	0
455.167	1
455.387	0
455.607	0
455.827	1
456.047	1
456.267	0
456.487	0
456.707	1
456.928	0
457.148	0
457.368	0
457.588	0
457.808	0
458.028	0
458.248	0
458.468	0
458.688	0
458.909	0
459.129	0
459.349	1
459.569	0
459.789	0
460.009	0
460.229	1
460.449	0
460.669	1
460.889	2
461.109	0
461.33	0
461.55	0
461.77	0
461.99	0
462.21	0
462.43	2
462.65	2
462.87	2
463.09	0
463.31	0
463.531	0
463.751	0
463.971	0
464.191	0
464.411	1
464.631	0
464.851	0
465.071	1
465.291	1
465.511	1
465.732	2
465.952	0
466.172	1
466.392	1
466.612	0
466.832	1
467.052	0
467.272	0
467.492	2
467.712	0
467.933	0
468.153	2
468.373	0
468.593	2
468.813	1
469.033	0
469.253	0
469.473	1
469.693	1
469.914	0
470.134	0
470.354	0
470.574	1
470.794	0
471.014	0
471.234	1
471.454	0
471.674	0
471.894	1
472.114	0
472.335	0
472.555	1
472.775	0
472.995	1
473.215	0
473.435	1
473.655	0
473.875	0
474.095	0
474.315	0
474.536	0
474.756	0
474.976	0
475.196	0
475.416	1
475.636	1
475.856	0
476.076	0
476.296	0
476.516	0
476.737	0
476.957	0
477.177	0
477.397	0
477.617	0
477.837	1
478.057	0
478.277	1
478.497	0
478.717	1
478.938	0
479.158	0
479.378	0
479.598	2
479.818	0
480.038	0
480.258	0
480.478	0
480.698	0
480.918	2
481.139	1
481.359	0
481.579	0
481.799	1
482.019	1
482.239	1
482.459	0
482.679	0
482.899	0
483.119	1
483.34	1
483.56	0
483.78	0
484	0
484.22	2
484.44	0
484.66	1
484.88	0
485.1	1
485.32	0
485.541	1
485.761	0
485.981	1
486.201	0
486.421	1
486.641	0
486.861	0
487.081	0
487.301	0
487.522	0
487.742	0
487.962	1
488.182	0
488.402	1
488.622	0
488.842	1
489.062	1
489.282	0
489.502	0
489.722	0
489.943	3
490.163	2
490.383	0
490.603	0
490.823	1
491.043	0
491.263	0
491.483	0
491.703	1
491.923	0
492.144	1
492.364	0
492.584	0
492.804	0
493.024	0
493.244	0
493.464	0
493.684	0
493.904	0
494.124	0
494.345	1
494.565	2
494.785	0
495.005	0
495.225	0
495.445	1
495.665	0
495.885	0
496.105	0
496.325	0
496.546	0
496.766	2
496.986	1
497.206	2
497.426	0
497.646	0
497.866	0
498.086	0
498.306	0
498.527	2
498.747	1
498.967	0
499.187	0
499.407	1
499.627	0
499.847	0
500.067	0
500.287	2
500.507	0
500.727	0
500.948	1
501.168	0
501.388	0
501.608	1
501.828	0
502.048	0
502.268	0
502.488	0
502.708	0
502.928	0
503.149	0
503.369	0
503.589	0
503.809	3
504.029	0
504.249	0
504.469	0
504.689	0
504.909	0
505.129	3
505.35	0
505.57	0
505.79	1
506.01	0
506.23	1
506.45	0
506.67	3
506.89	2
507.11	2
507.33	4
507.551	7
507.771	6
507.991	12
508.211	10
508.431	17
508.651	24
508.871	32
509.091	37
509.311	70
509.531	55
509.752	67
509.972	70
510.192	82
510.412	73
510.632	51
510.852	67
511.072	79
511.292	39
511.512	50
511.732	36
511.953	32
512.173	20
512.393	20
512.613	12
512.833	11
513.053	7
513.273	6
513.493	2
513.713	6
513.933	2
514.154	3
514.374	1
514.594	1
514.814	0
515.034	0
515.254	0
515.474	0
515.694	0
515.914	0
516.135	0
516.355	0
516.575	0
516.795	0
517.015	1
517.235	2
517.455	0
517.675	1
517.895	1
518.115	1
518.336	0
518.556	2
518.776	1
518.996	0
519.216	0
519.436	0
519.656	1
519.876	1
520.096	1
520.316	1
520.536	0
520.757	2
520.977	1
521.197	0
521.417	0
521.637	1
521.857	0
522.077	1
522.297	0
522.517	0
522.737	0
522.958	0
523.178	0
523.398	0
523.618	0
523.838	1
524.058	0
524.278	0
524.498	0
524.718	1
524.938	0
525.159	0
525.379	0
525.599	0
525.819	1
526.039	0
526.259	0
526.479	1
526.699	0
526.919	0
527.14	1
527.36	0
527.58	0
527.8	1
528.02	0
528.24	0
528.46	0
528.68	2
528.9	0
529.12	0
529.341	1
529.561	0
529.781	1
530.001	0
530.221	1
530.441	1
530.661	0
530.881	0
531.101	1
531.321	1
531.541	0
531.762	0
531.982	1
532.202	0
532.422	0
532.642	0
532.862	0
533.082	1
533.302	0
533.522	0
533.742	0
533.963	0
534.183	0
534.403	0
534.623	1
534.843	1
535.063	0
535.283	0
535.503	0
535.723	0
535.943	0
536.164	0
536.384	0
536.604	0
536.824	0
537.044	0
537.264	1
537.484	0
537.704	0
537.924	1
538.144	1
538.365	0
538.585	0
538.805	1
539.025	1
539.245	0
539.465	0
539.685	2
539.905	0
540.125	1
540.346	0
540.566	0
540.786	0
541.006	0
541.226	0
541.446	1
541.666	0
541.886	0
542.106	0
542.326	1
542.546	0
542.767	1
542.987	1
543.207	0
543.427	0
543.647	0
543.867	0
544.087	0
544.307	0
544.527	1
544.747	0
544.968	2
545.188	1
545.408	1
545.628	1
545.848	0
546.068	0
546.288	1
546.508	0
546.728	0
546.948	0
547.169	2
547.389	1
547.609	0
547.829	0
548.049	0
548.269	0
548.489	1
548.709	0
548.929	1
549.149	0
549.37	0
549.59	0
549.81	0
550.03	0
550.25	1
550.47	0
550.69	1
550.91	0
551.13	0
551.351	0
551.571	0
551.791	1
552.011	0
552.231	1
552.451	0
552.671	2
552.891	0
553.111	0
553.331	0
553.551	0
553.772	1
553.992	0
554.212	2
554.432	0
554.652	0
554.872	2
555.092	0
555.312	0
555.532	2
555.752	0
555.973	0
556.193	0
556.413	0
556.633	0
556.853	0
557.073	2
557.293	1
557.513	0
557.733	0
557.953	0
558.174	0
558.394	1
558.614	0
558.834	0
559.054	1
559.274	0
559.494	1
559.714	0
559.934	1
560.154	0
560.375	2
560.595	1
560.815	0
561.035	0
561.255	0
561.475	0
561.695	0
561.915	0
562.135	0
562.356	1
562.576	1
562.796	0
563.016	0
563.236	0
563.456	0
563.676	0
563.896	1
564.116	0
564.336	0
564.557	0
564.777	1
564.997	0
565.217	0
565.437	0
565.657	0
565.877	0
566.097	0
566.317	0
566.537	0
566.757	0
566.978	2
567.198	0
567.418	0
567.638	0
567.858	0
568.078	1
568.298	1
568.518	0
568.738	0
568.958	0
569.179	0
569.399	2
569.619	0
569.839	0
570.059	0
570.279	0
570.499	0
570.719	0
570.939	0
571.159	0
571.38	2
571.6	0
571.82	0
572.04	1
572.26	0
572.48	0
572.7	1
572.92	0
573.14	0
573.361	0
573.581	0
573.801	0
574.021	0
574.241	0
574.461	1
574.681	1
574.901	0
575.121	1
575.341	0
575.562	0
575.782	0
576.002	1
576.222	0
576.442	0
576.662	0
576.882	0
577.102	0
577.322	0
577.542	1
577.762	0
577.983	0
578.203	0
578.423	1
578.643	0
578.863	0
579.083	0
579.303	2
579.523	2
579.743	0
579.963	1
580.184	0
580.404	0
580.624	0
580.844	0
581.064	1
581.284	0
581.504	0
581.724	0
581.944	0
582.164	0
582.385	0
582.605	1
582.825	0
583.045	1
583.265	0
583.485	0
583.705	0
583.925	0
584.145	0
584.366	1
584.586	1
584.806	0
585.026	0
585.246	0
585.466	0
585.686	0
585.906	0
586.126	0
586.346	1
586.567	0
586.787	0
587.007	0
587.227	2
587.447	0
587.667	2
587.887	1
588.107	0
588.327	0
588.547	0
588.767	0
588.988	0
589.208	0
589.428	0
589.648	0
589.868	0
590.088	0
590.308	0
590.528	0
590.748	0
590.968	2
591.189	0
591.409	0
591.629	1
591.849	1
592.069	0
592.289	0
592.509	0
592.729	0
592.949	0
593.169	0
593.39	1
593.61	1
593.83	0
594.05	0
594.27	1
594.49	0
594.71	0
594.93	0
595.15	1
595.37	0
595.591	0
595.811	0
596.031	0
596.251	1
596.471	0
596.691	1
596.911	0
597.131	0
597.351	2
597.572	0
597.792	1
598.012	0
598.232	1
598.452	0
598.672	0
598.892	0
599.112	0
599.332	0
599.552	0
599.772	0
599.993	0
600.213	0
600.433	0
600.653	1
600.873	1
601.093	0
601.313	0
601.533	0
601.753	0
601.973	0
602.194	0
602.414	0
602.634	0
602.854	2
603.074	1
603.294	0
603.514	0
603.734	0
603.954	1
604.174	0
604.395	0
604.615	1
604.835	0
605.055	0
605.275	1
605.495	0
605.715	0
605.935	0
606.155	1
606.375	0
606.596	1
606.816	0
607.036	0
607.256	0
607.476	0
607.696	0
607.916	2
608.136	0
608.356	0
608.577	0
608.797	0
609.017	0
609.237	1
609.457	0
609.677	0
609.897	0
610.117	0
610.337	1
610.557	1
610.777	0
610.998	0
611.218	0
611.438	0
611.658	1
611.878	0
612.098	0
612.318	0
612.538	1
612.758	0
612.978	1
613.199	2
613.419	0
613.639	0
613.859	0
614.079	0
614.299	0
614.519	0
614.739	0
614.959	0
615.179	0
615.4	0
615.62	0
615.84	0
616.06	0
616.28	2
616.5	1
616.72	0
616.94	0
617.16	0
617.38	0
617.601	1
617.821	1
618.041	0
618.261	1
618.481	0
618.701	1
618.921	0
619.141	0
619.361	0
619.582	0
619.802	2
620.022	0
620.242	0
620.462	0
620.682	0
620.902	0
621.122	0
621.342	0
621.562	0
621.783	0
622.003	0
622.223	0
622.443	0
622.663	0
622.883	0
623.103	0
623.323	0
623.543	0
623.763	1
623.983	0
624.204	1
624.424	1
624.644	0
624.864	0
625.084	1
625.304	0
625.524	0
625.744	1
625.964	0
626.184	0
626.405	0
626.625	0
626.845	0
627.065	0
627.285	1
627.505	0
627.725	1
627.945	1
628.165	0
628.385	1
628.606	1
628.826	0
629.046	1
629.266	0
629.486	0
629.706	1
629.926	1
630.146	1
630.366	0
630.587	1
630.807	0
631.027	0
631.247	0
631.467	0
631.687	0
631.907	1
632.127	1
632.347	0
632.567	0
632.788	0
633.008	0
633.228	0
633.448	2
633.668	1
633.888	0
634.108	0
634.328	1
634.548	0
634.768	0
634.988	0
635.209	1
635.429	1
635.649	0
635.869	0
636.089	0
636.309	1
636.529	0
636.749	0
636.969	1
637.189	0
637.41	1
637.63	0
637.85	1
638.07	0
638.29	0
638.51	1
638.73	1
638.95	0
639.17	0
639.39	1
639.611	0
639.831	1
640.051	2
640.271	0
640.491	0
640.711	0
640.931	0
641.151	0
641.371	0
641.592	0
641.812	0
642.032	0
642.252	0
642.472	0
642.692	0
642.912	0
643.132	0
643.352	0
643.572	0
643.793	0
644.013	1
644.233	0
644.453	0
644.673	0
644.893	0
645.113	0
645.333	0
645.553	0
645.773	0
645.993	0
646.214	0
646.434	0
646.654	0
646.874	0
647.094	0
647.314	0
647.534	0
647.754	0
647.974	0
648.194	1
648.415	1
648.635	0
648.855	0
649.075	1
649.295	0
649.515	0
649.735	0
649.955	1
650.175	0
650.395	1
650.616	0
650.836	0
651.056	0
651.276	0
651.496	0
651.716	0
651.936	0
652.156	0
652.376	0
652.596	0
652.817	0
653.037	1
653.257	0
653.477	0
653.697	0
653.917	0
654.137	0
654.357	0
654.577	0
654.798	0
655.018	2
655.238	0
655.458	0
655.678	0
655.898	0
656.118	0
656.338	0
656.558	0
656.778	0
656.998	0
657.219	1
657.439	0
657.659	0
657.879	0
658.099	0
658.319	1
658.539	1
658.759	0
658.979	0
659.199	0
659.42	0
659.64	0
659.86	0
660.08	0
660.3	0
660.52	0
660.74	0
660.96	0
661.18	1
661.4	0
661.621	0
661.841	0
662.061	1
662.281	0
662.501	0
662.721	1
662.941	1
663.161	0
663.381	0
663.601	1
663.822	0
664.042	0
664.262	0
664.482	0
664.702	1
664.922	0
665.142	0
665.362	2
665.582	0
665.803	0
666.023	0
666.243	0
666.463	0
666.683	0
666.903	0
667.123	0
667.343	0
667.563	0
667.783	0
668.003	2
668.224	1
668.444	1
668.664	0
668.884	2
669.104	0
669.324	0
669.544	0
669.764	1
669.984	1
670.204	0
670.425	0
670.645	0
670.865	0
671.085	0
671.305	0
671.525	1
671.745	0
671.965	0
672.185	0
672.405	0
672.626	0
672.846	0
673.066	0
673.286	0
673.506	1
673.726	0
673.946	1
674.166	0
674.386	1
674.606	0
674.827	0
675.047	0
675.267	0
675.487	0
675.707	0
675.927	0
676.147	0
676.367	0
676.587	0
676.808	0
677.028	0
677.248	0
677.468	0
677.688	1
677.908	2
678.128	0
678.348	0
678.568	0
678.788	0
679.008	1
679.229	1
679.449	1
679.669	1
679.889	1
680.109	0
680.329	2
680.549	0
680.769	0
680.989	0
681.209	0
681.43	3
681.65	2
681.87	0
682.09	1
682.31	0
682.53	0
682.75	0
682.97	0
683.19	0
683.41	0
683.631	1
683.851	0
684.071	0
684.291	2
684.511	1
684.731	0
684.951	0
685.171	0
685.391	0
685.611	0
685.832	0
686.052	0
686.272	0
686.492	1
686.712	1
686.932	1
687.152	1
687.372	0
687.592	0
687.813	1
688.033	0
688.253	0
688.473	0
688.693	0
688.913	0
689.133	0
689.353	0
689.573	0
689.793	1
690.014	0
690.234	0
690.454	0
690.674	1
690.894	1
691.114	1
691.334	0
691.554	0
691.774	0
691.994	0
692.214	0
692.435	0
692.655	0
692.875	1
693.095	0
693.315	2
693.535	0
693.755	0
693.975	0
694.195	1
694.415	0
694.636	0
694.856	0
695.076	0
695.296	1
695.516	0
695.736	0
695.956	0
696.176	0
696.396	1
696.616	1
696.837	2
697.057	1
697.277	1
697.497	1
697.717	1
697.937	0
698.157	0
698.377	0
698.597	1
698.818	0
699.038	0
699.258	2
699.478	0
699.698	0
699.918	0
700.138	0
700.358	1
700.578	0
700.798	0
701.019	0
701.239	0
701.459	2
701.679	1
701.899	0
702.119	0
702.339	1
702.559	0
702.779	0
702.999	0
703.219	0
703.44	1
703.66	0
703.88	0
704.1	0
704.32	0
704.54	2
704.76	0
704.98	1
705.2	0
705.42	0
705.641	0
705.861	0
706.081	0
706.301	0
706.521	0
706.741	0
706.961	1
707.181	0
707.401	1
707.621	0
707.842	0
708.062	0
708.282	1
708.502	0
708.722	0
708.942	0
709.162	0
709.382	0
709.602	0
709.822	0
710.043	2
710.263	1
710.483	0
710.703	0
710.923	0
711.143	2
711.363	0
711.583	1
711.803	0
712.024	0
712.244	0
712.464	0
712.684	0
712.904	0
713.124	0
713.344	2
713.564	1
713.784	0
714.004	0
714.224	0
714.445	0
714.665	0
714.885	0
715.105	0
715.325	1
715.545	1
715.765	0
715.985	0
716.205	0
716.425	0
716.646	0
716.866	0
717.086	0
717.306	0
717.526	0
717.746	0
717.966	0
718.186	1
718.406	0
718.626	0
718.847	0
719.067	0
719.287	0
719.507	1
719.727	0
719.947	0
720.167	1
720.387	0
720.607	1
720.827	0
721.048	0
721.268	0
721.488	0
721.708	0
721.928	1
722.148	0
722.368	1
722.588	0
722.808	0
723.029	0
723.249	0
723.469	1
723.689	0
723.909	1
724.129	0
724.349	0
724.569	1
724.789	0
725.009	0
725.229	1
725.45	0
725.67	0
725.89	0
726.11	0
726.33	0
726.55	1
726.77	1
726.99	0
727.21	0
727.43	0
727.651	1
727.871	1
728.091	0
728.311	3
728.531	0
728.751	1
728.971	0
729.191	0
729.411	0
729.631	0
729.852	0
730.072	0
730.292	0
730.512	0
730.732	0
730.952	0
731.172	1
731.392	0
731.612	1
731.832	1
732.053	0
732.273	1
732.493	0
732.713	1
732.933	0
733.153	0
733.373	0
733.593	0
733.813	0
734.034	0
734.254	1
734.474	0
734.694	0
734.914	0
735.134	0
735.354	0
735.574	0
735.794	0
736.014	0
736.234	0
736.455	1
736.675	1
736.895	0
737.115	0
737.335	1
737.555	0
737.775	0
737.995	0
738.215	0
738.435	0
738.656	0
738.876	0
739.096	2
739.316	0
739.536	0
739.756	0
739.976	1
740.196	2
740.416	1
740.636	0
740.857	0
741.077	1
741.297	0
741.517	1
741.737	0
741.957	1
742.177	0
742.397	1
742.617	1
742.837	0
743.058	0
743.278	0
743.498	0
743.718	1
743.938	0
744.158	0
744.378	0
744.598	0
744.818	0
745.039	0
745.259	0
745.479	0
745.699	0
745.919	0
746.139	0
746.359	0
746.579	0
746.799	0
747.019	1
747.24	1
747.46	0
747.68	0
747.9	0
748.12	0
748.34	0
748.56	0
748.78	0
749	0
749.22	0
749.44	0
749.661	0
749.881	0
750.101	0
750.321	0
750.541	0
750.761	0
750.981	1
751.201	0
751.421	0
751.641	0
751.862	0
752.082	0
752.302	1
752.522	0
752.742	0
752.962	0
753.182	0
753.402	0
753.622	0
753.842	0
754.063	0
754.283	2
754.503	0
754.723	1
754.943	0
755.163	0
755.383	0
755.603	0
755.823	0
756.043	0
756.264	0
756.484	1
756.704	0
756.924	0
757.144	0
757.364	2
757.584	0
757.804	1
758.024	0
758.245	0
758.465	1
758.685	0
758.905	1
759.125	0
759.345	0
759.565	0
759.785	0
760.005	1
760.225	0
760.445	0
760.666	0
760.886	1
761.106	0
761.326	0
761.546	0
761.766	0
761.986	0
762.206	0
762.426	0
762.646	0
762.867	1
763.087	0
763.307	0
763.527	0
763.747	1
763.967	0
764.187	0
764.407	0
764.627	0
764.847	0
765.068	1
765.288	0
765.508	1
765.728	1
765.948	1
766.168	0
766.388	0
766.608	0
766.828	0
767.048	0
767.269	0
767.489	0
767.709	0
767.929	1
768.149	0
768.369	1
768.589	1
768.809	0
769.029	1
769.25	0
769.47	0
769.69	0
769.91	1
770.13	1
770.35	1
770.57	2
770.79	0
771.01	2
771.23	0
771.45	0
771.671	0
771.891	0
772.111	0
772.331	1
772.551	0
772.771	0
772.991	3
773.211	0
773.431	0
773.651	0
773.872	0
774.092	1
774.312	1
774.532	0
774.752	1
774.972	0
775.192	0
775.412	1
775.632	1
775.852	0
776.073	0
776.293	0
776.513	0
776.733	0
776.953	0
777.173	0
777.393	0
777.613	0
777.833	0
778.053	0
778.274	1
778.494	1
778.714	0
778.934	0
779.154	1
779.374	2
779.594	0
779.814	1
780.034	0
780.255	0
780.475	0
780.695	0
780.915	1
781.135	1
781.355	0
781.575	0
781.795	0
782.015	0
782.235	0
782.455	0
782.676	0
782.896	1
783.116	0
783.336	0
783.556	0
783.776	0
783.996	0
784.216	0
784.436	0
784.656	0
784.877	0
785.097	0
785.317	0
785.537	0
785.757	0
785.977	0
786.197	0
786.417	0
786.637	0
786.857	1
787.078	0
787.298	1
787.518	0
787.738	0
787.958	2
788.178	0
788.398	0
788.618	0
788.838	0
789.058	0
789.279	1
789.499	0
789.719	0
789.939	0
790.159	1
790.379	0
790.599	0
790.819	0
791.039	0
791.26	0
791.48	0
791.7	0
791.92	0
792.14	1
792.36	0
792.58	1
792.8	1
793.02	0
793.24	0
793.46	0
793.681	0
793.901	1
794.121	0
794.341	0
794.561	0
794.781	0
795.001	0
795.221	0
795.441	1
795.661	0
795.882	1
796.102	1
796.322	0
796.542	0
796.762	0
796.982	0
797.202	0
797.422	0
797.642	1
797.862	1
798.083	1
798.303	0
798.523	0
798.743	0
798.963	1
799.183	1
799.403	0
799.623	1
799.843	3
800.063	0
800.284	1
800.504	0
800.724	0
800.944	1
801.164	0
801.384	0
801.604	0
801.824	0
802.044	0
802.265	1
802.485	0
802.705	0
802.925	0
803.145	0
803.365	0
803.585	1
803.805	0
804.025	0
804.245	0
804.466	0
804.686	0
804.906	1
805.126	0
805.346	0
805.566	3
805.786	0
806.006	0
806.226	0
806.446	2
806.666	0
806.887	2
807.107	0
807.327	0
807.547	0
807.767	1
807.987	0
808.207	0
808.427	2
808.647	0
808.867	0
809.088	0
809.308	0
809.528	1
809.748	0
809.968	0
810.188	1
810.408	0
810.628	0
810.848	0
811.068	0
811.289	1
811.509	0
811.729	0
811.949	0
812.169	1
812.389	0
812.609	0
812.829	0
813.049	1
813.269	0
813.49	0
813.71	0
813.93	0
814.15	0
814.37	0
814.59	0
814.81	0
815.03	0
815.25	1
815.471	1
815.691	1
815.911	0
816.131	0
816.351	1
816.571	0
816.791	0
817.011	0
817.231	1
817.451	0
817.671	0
817.892	0
818.112	1
818.332	0
818.552	0
818.772	1
818.992	0
819.212	0
819.432	0
819.652	0
819.872	0
820.093	0
820.313	0
820.533	0
820.753	0
820.973	1
821.193	0
821.413	0
821.633	0
821.853	2
822.073	1
822.294	0
822.514	0
822.734	2
822.954	0
823.174	0
823.394	0
823.614	1
823.834	0
824.054	1
824.274	0
824.495	0
824.715	0
824.935	0
825.155	1
825.375	1
825.595	0
825.815	0
826.035	0
826.255	0
826.476	0
826.696	0
826.916	0
827.136	0
827.356	0
827.576	1
827.796	0
828.016	1
828.236	0
828.456	0
828.676	0
828.897	0
829.117	1
829.337	1
829.557	0
829.777	0
829.997	0
830.217	0
830.437	0
830.657	1
830.877	0
831.098	1
831.318	0
831.538	0
831.758	0
831.978	0
832.198	0
832.418	1
832.638	1
832.858	2
833.078	0
833.299	1
833.519	0
833.739	0
833.959	0
834.179	0
834.399	1
834.619	2
834.839	0
835.059	0
835.279	0
835.5	1
835.72	0
835.94	0
836.16	0
836.38	0
836.6	0
836.82	0
837.04	0
837.26	0
837.481	0
837.701	0
837.921	0
838.141	0
838.361	0
838.581	1
838.801	0
839.021	1
839.241	0
839.461	0
839.681	1
839.902	0
840.122	0
840.342	0
840.562	0
840.782	0
841.002	0
841.222	0
841.442	1
841.662	0
841.882	0
842.103	1
842.323	0
842.543	0
842.763	0
842.983	0
843.203	1
843.423	0
843.643	0
843.863	0
844.083	0
844.304	0
844.524	0
844.744	1
844.964	0
845.184	1
845.404	0
845.624	0
845.844	1
846.064	0
846.284	0
846.505	0
846.725	0
846.945	0
847.165	1
847.385	0
847.605	0
847.825	0
848.045	0
848.265	0
848.486	0
848.706	0
848.926	0
849.146	0
849.366	0
849.586	0
849.806	0
850.026	1
850.246	0
850.466	0
850.686	0
850.907	1
851.127	1
851.347	0
851.567	0
851.787	0
852.007	0
852.227	0
852.447	0
852.667	1
852.887	0
853.108	0
853.328	0
853.548	0
853.768	0
853.988	0
854.208	0
854.428	1
854.648	1
854.868	0
855.088	1
855.309	1
855.529	1
855.749	0
855.969	0
856.189	0
856.409	0
856.629	1
856.849	0
857.069	0
857.289	0
857.51	0
857.73	0
857.95	0
858.17	0
858.39	0
858.61	1
858.83	0
859.05	1
859.27	1
859.491	0
859.711	0
859.931	0
860.151	0
860.371	0
860.591	0
860.811	0
861.031	0
861.251	0
861.471	1
861.691	0
861.912	0
862.132	1
862.352	0
862.572	0
862.792	1
863.012	1
863.232	0
863.452	1
863.672	0
863.892	1
864.113	0
864.333	0
864.553	0
864.773	0
864.993	1
865.213	0
865.433	0
865.653	0
865.873	0
866.093	1
866.314	0
866.534	1
866.754	0
866.974	0
867.194	0
867.414	1
867.634	0
867.854	0
868.074	0
868.294	2
868.515	0
868.735	0
868.955	0
869.175	0
869.395	0
869.615	0
869.835	2
870.055	1
870.275	1
870.495	0
870.716	0
870.936	0
871.156	2
871.376	0
871.596	2
871.816	0
872.036	0
872.256	0
872.476	0
872.697	0
872.917	0
873.137	1
873.357	0
873.577	0
873.797	0
874.017	0
874.237	0
874.457	1
874.677	0
874.897	1
875.118	2
875.338	0
875.558	0
875.778	1
875.998	1
876.218	0
876.438	0
876.658	0
876.878	2
877.098	0
877.319	0
877.539	0
877.759	0
877.979	2
878.199	1
878.419	0
878.639	0
878.859	0
879.079	0
879.299	1
879.52	1
879.74	1
879.96	1
880.18	0
880.4	0
880.62	0
880.84	0
881.06	0
881.28	1
881.5	0
881.721	0
881.941	0
882.161	0
882.381	1
882.601	0
882.821	0
883.041	0
883.261	0
883.481	0
883.702	2
883.922	0
884.142	0
884.362	0
884.582	0
884.802	0
885.022	1
885.242	0
885.462	0
885.682	0
885.902	1
886.123	1
886.343	0
886.563	1
886.783	1
887.003	0
887.223	0
887.443	0
887.663	1
887.883	0
888.103	1
888.324	0
888.544	1
888.764	0
888.984	0
889.204	0
889.424	0
889.644	2
889.864	0
890.084	1
890.304	0
890.525	0
890.745	0
890.965	0
891.185	0
891.405	1
891.625	0
891.845	1
892.065	4
892.285	0
892.505	0
892.726	1
892.946	0
893.166	0
893.386	0
893.606	0
893.826	0
894.046	0
894.266	1
894.486	0
894.707	0
894.927	0
895.147	1
895.367	0
895.587	0
895.807	0
896.027	0
896.247	1
896.467	0
896.687	0
896.907	0
897.128	0
897.348	0
897.568	0
897.788	1
898.008	0
898.228	0
898.448	0
898.668	0
898.888	0
899.108	2
899.329	0
899.549	0
899.769	0
899.989	0
900.209	0
900.429	0
900.649	0
900.869	0
901.089	0
901.309	0
901.53	0
901.75	0
901.97	1
902.19	0
902.41	0
902.63	1
902.85	0
903.07	0
903.29	0
903.51	0
903.731	1
903.951	0
904.171	0
904.391	0
904.611	0
904.831	3
905.051	0
905.271	0
905.491	1
905.712	1
905.932	0
906.152	0
906.372	0
906.592	1
906.812	2
907.032	1
907.252	0
907.472	0
907.692	1
907.912	0
908.133	0
908.353	0
908.573	0
908.793	0
909.013	1
909.233	0
909.453	0
909.673	2
909.893	1
910.113	0
910.334	0
910.554	0
910.774	0
910.994	1
911.214	0
911.434	0
911.654	2
911.874	1
912.094	0
912.314	0
912.535	0
912.755	0
912.975	1
913.195	0
913.415	1
913.635	1
913.855	0
914.075	0
914.295	0
914.515	0
914.736	1
914.956	1
915.176	0
915.396	0
915.616	0
915.836	0
916.056	0
916.276	0
916.496	0
916.717	1
916.937	0
917.157	1
917.377	2
917.597	0
917.817	0
918.037	0
918.257	0
918.477	0
918.697	0
918.917	0
919.138	0
919.358	0
919.578	0
919.798	0
920.018	0
920.238	0
920.458	0
920.678	0
920.898	2
921.118	0
921.339	0
921.559	0
921.779	0
921.999	2
922.219	0
922.439	1
922.659	0
922.879	1
923.099	0
923.319	0
923.54	0
923.76	1
923.98	0
924.2	0
924.42	0
924.64	0
924.86	0
925.08	0
925.3	1
925.52	0
925.741	1
925.961	0
926.181	0
926.401	0
926.621	1
926.841	1
927.061	0
927.281	0
927.501	0
927.721	0
927.942	0
928.162	0
928.382	0
928.602	0
928.822	0
929.042	0
929.262	0
929.482	0
929.702	1
929.923	1
930.143	1
930.363	1
930.583	0
930.803	1
931.023	0
931.243	0
931.463	1
931.683	1
931.903	0
932.123	0
932.344	0
932.564	1
932.784	0
933.004	0
933.224	0
933.444	0
933.664	0
933.884	0
934.104	0
934.324	1
934.545	0
934.765	0
934.985	1
935.205	0
935.425	2
935.645	1
935.865	0
936.085	0
936.305	0
936.525	0
936.746	1
936.966	0
937.186	0
937.406	0
937.626	1
937.846	0
938.066	0
938.286	0
938.506	1
938.726	0
938.947	0
939.167	1
939.387	0
939.607	0
939.827	0
940.047	0
940.267	0
940.487	1
940.707	0
940.928	1
941.148	0
941.368	2
941.588	0
941.808	0
942.028	2
942.248	0
942.468	0
942.688	1
942.908	1
943.128	0
943.349	0
943.569	0
943.789	0
944.009	0
944.229	0
944.449	0
944.669	0
944.889	0
945.109	0
945.329	2
945.55	0
945.77	0
945.99	1
946.21	0
946.43	0
946.65	0
946.87	0
947.09	0
947.31	1
947.53	0
947.751	2
947.971	1
948.191	1
948.411	0
948.631	0
948.851	0
949.071	0
949.291	0
949.511	0
949.731	1
949.952	0
950.172	1
950.392	1
950.612	0
950.832	1
951.052	0
951.272	0
951.492	0
951.712	0
951.933	0
952.153	2
952.373	0
952.593	1
952.813	1
953.033	0
953.253	1
953.473	0
953.693	0
953.913	0
954.133	0
954.354	0
954.574	1
954.794	0
955.014	0
955.234	0
955.454	0
955.674	0
955.894	1
956.114	0
956.334	2
956.555	0
956.775	1
956.995	0
957.215	0
957.435	0
957.655	0
957.875	0
958.095	0
958.315	2
958.535	0
958.756	0
958.976	2
959.196	2
959.416	0
959.636	2
959.856	1
960.076	0
960.296	0
960.516	0
960.736	0
960.957	0
961.177	0
961.397	1
961.617	0
961.837	0
962.057	0
962.277	0
962.497	0
962.717	0
962.938	0
963.158	1
963.378	1
963.598	2
963.818	1
964.038	0
964.258	0
964.478	0
964.698	0
964.918	0
965.138	2
965.359	0
965.579	0
965.799	0
966.019	0
966.239	0
966.459	1
966.679	1
966.899	0
967.119	0
967.339	0
967.56	0
967.78	0
968	0
968.22	1
968.44	0
968.66	1
968.88	0
969.1	0
969.32	0
969.54	1
969.761	0
969.981	1
970.201	0
970.421	0
970.641	1
970.861	0
971.081	2
971.301	1
971.521	0
971.741	0
971.962	0
972.182	0
972.402	1
972.622	0
972.842	0
973.062	0
973.282	0
973.502	1
973.722	0
973.943	0
974.163	0
974.383	0
974.603	2
974.823	0
975.043	0
975.263	0
975.483	0
975.703	0
975.923	0
976.143	0
976.364	0
976.584	0
976.804	0
977.024	0
977.244	0
977.464	2
977.684	0
977.904	0
978.124	0
978.344	0
978.565	0
978.785	0
979.005	0
979.225	1
979.445	2
979.665	0
979.885	0
980.105	0
980.325	0
980.545	0
980.766	0
980.986	0
981.206	1
981.426	0
981.646	0
981.866	1
982.086	2
982.306	1
982.526	1
982.746	0
982.967	0
983.187	0
983.407	1
983.627	0
983.847	1
984.067	2
984.287	1
984.507	0
984.727	1
984.947	0
985.168	0
985.388	0
985.608	0
985.828	0
986.048	2
986.268	2
986.488	0
986.708	1
986.928	0
987.148	0
987.369	0
987.589	1
987.809	0
988.029	1
988.249	0
988.469	1
988.689	0
988.909	0
989.129	1
989.349	0
989.57	2
989.79	0
990.01	0
990.23	0
990.45	1
990.67	0
990.89	1
991.11	0
991.33	0
991.55	0
991.771	0
991.991	0
992.211	1
992.431	0
992.651	0
992.871	1
993.091	0
993.311	0
993.531	0
993.751	1
993.972	0
994.192	0
994.412	1
994.632	1
994.852	0
995.072	0
995.292	1
995.512	0
995.732	1
995.952	1
996.173	0
996.393	1
996.613	2
996.833	0
997.053	0
997.273	1
997.493	0
997.713	1
997.933	1
998.154	0
998.374	0
998.594	1
998.814	0
999.034	0
999.254	0
999.474	0
999.694	0
999.914	1
1000.13	1
1000.35	1
1000.57	1
1000.79	1
1001.01	0
1001.23	0
1001.45	1
1001.68	0
1001.9	0
1002.12	0
1002.34	0
1002.56	0
1002.78	0
1003	0
1003.22	0
1003.44	1
1003.66	2
1003.88	0
1004.1	0
1004.32	2
1004.54	0
1004.76	0
1004.98	0
1005.2	0
1005.42	0
1005.64	1
1005.86	1
1006.08	1
1006.3	1
1006.52	0
1006.74	0
1006.96	0
1007.18	0
1007.4	2
1007.62	0
1007.84	0
1008.06	1
1008.28	2
1008.5	0
1008.72	2
1008.94	0
1009.16	0
1009.38	0
1009.6	2
1009.82	0
1010.04	2
1010.26	1
1010.48	1
1010.7	1
1010.92	0
1011.14	1
1011.36	1
1011.58	0
1011.8	0
1012.02	0
1012.24	0
1012.46	1
1012.68	1
1012.9	0
1013.12	0
1013.34	0
1013.56	0
1013.78	0
1014	0
1014.22	1
1014.44	0
1014.66	0
1014.88	0
1015.1	0
1015.32	0
1015.54	0
1015.76	0
1015.98	0
1016.2	1
1016.42	0
1016.64	0
1016.86	0
1017.08	0
1017.3	0
1017.52	1
1017.74	0
1017.96	1
1018.18	1
1018.4	0
1018.62	0
1018.84	2
1019.06	1
1019.28	0
1019.5	1
1019.72	1
1019.94	1
1020.16	0
1020.38	0
1020.6	2
1020.82	0
1021.04	0
1021.26	0
1021.48	1
1021.7	1
1021.92	0
1022.14	0
1022.36	1
1022.58	1
1022.8	0
1023.02	0
1023.24	0
1023.46	0
1023.69	0
1023.91	0
1024.13	2
1024.35	0
1024.57	1
1024.79	2
1025.01	0
1025.23	0
1025.45	0
1025.67	0
1025.89	0
1026.11	0
1026.33	1
1026.55	1
1026.77	0
1026.99	0
1027.21	0
1027.43	0
1027.65	2
1027.87	0
1028.09	2
1028.31	1
1028.53	0
1028.75	0
1028.97	0
1029.19	0
1029.41	1
1029.63	0
1029.85	0
1030.07	0
1030.29	1
1030.51	0
1030.73	1
1030.95	1
1031.17	1
1031.39	1
1031.61	0
1031.83	0
1032.05	1
1032.27	0
1032.49	0
1032.71	0
1032.93	1
1033.15	0
1033.37	2
1033.59	0
1033.81	0
1034.03	0
1034.25	1
1034.47	3
1034.69	3
1034.91	0
1035.13	0
1035.35	0
1035.57	1
1035.79	0
1036.01	0
1036.23	0
1036.45	1
1036.67	0
1036.89	0
1037.11	1
1037.33	1
1037.55	1
1037.77	1
1037.99	2
1038.21	0
1038.43	2
1038.65	0
1038.87	0
1039.09	0
1039.31	0
1039.53	2
1039.75	0
1039.97	1
1040.19	0
1040.41	1
1040.63	0
1040.85	0
1041.07	2
1041.29	1
1041.51	1
1041.73	0
1041.95	1
1042.17	0
1042.39	0
1042.61	0
1042.83	0
1043.05	2
1043.27	0
1043.49	0
1043.71	0
1043.93	1
1044.15	0
1044.37	2
1044.59	0
1044.81	0
1045.03	1
1045.25	0
1045.47	0
1045.7	2
1045.92	0
1046.14	0
1046.36	0
1046.58	0
1046.8	0
1047.02	1
1047.24	1
1047.46	0
1047.68	1
1047.9	1
1048.12	3
1048.34	0
1048.56	3
1048.78	0
1049	0
1049.22	0
1049.44	0
1049.66	2
1049.88	1
1050.1	0
1050.32	1
1050.54	0
1050.76	4
1050.98	0
1051.2	1
1051.42	0
1051.64	0
1051.86	0
1052.08	0
1052.3	0
1052.52	1
1052.74	0
1052.96	1
1053.18	0
1053.4	0
1053.62	0
1053.84	1
1054.06	1
1054.28	0
1054.5	0
1054.72	1
1054.94	0
1055.16	0
1055.38	0
1055.6	0
1055.82	2
1056.04	1
1056.26	0
1056.48	0
1056.7	0
1056.92	1
1057.14	0
1057.36	0
1057.58	1
1057.8	0
1058.02	0
1058.24	2
1058.46	2
1058.68	2
1058.9	2
1059.12	2
1059.34	1
1059.56	0
1059.78	0
1060	1
1060.22	0
1060.44	1
1060.66	0
1060.88	0
1061.1	0
1061.32	1
1061.54	0
1061.76	1
1061.98	0
1062.2	0
1062.42	2
1062.64	0
1062.86	0
1063.08	0
1063.3	0
1063.52	0
1063.74	1
1063.96	0
1064.18	1
1064.4	0
1064.62	1
1064.84	2
1065.06	0
1065.28	0
1065.5	0
1065.72	0
1065.94	0
1066.16	0
1066.38	0
1066.6	0
1066.82	0
1067.04	0
1067.26	0
1067.48	0
1067.71	0
1067.93	0
1068.15	0
1068.37	0
1068.59	0
1068.81	1
1069.03	0
1069.25	0
1069.47	1
1069.69	0
1069.91	1
1070.13	0
1070.35	1
1070.57	0
1070.79	0
1071.01	1
1071.23	0
1071.45	0
1071.67	0
1071.89	0
1072.11	2
1072.33	1
1072.55	0
1072.77	2
1072.99	0
1073.21	0
1073.43	0
1073.65	0
1073.87	0
1074.09	0
1074.31	0
1074.53	1
1074.75	1
1074.97	0
1075.19	0
1075.41	0
1075.63	1
1075.85	0
1076.07	0
1076.29	1
1076.51	0
1076.73	0
1076.95	2
1077.17	0
1077.39	1
1077.61	1
1077.83	0
1078.05	0
1078.27	0
1078.49	1
1078.71	1
1078.93	1
1079.15	0
1079.37	1
1079.59	0
1079.81	0
1080.03	0
1080.25	1
1080.47	2
1080.69	0
1080.91	0
1081.13	0
1081.35	2
1081.57	0
1081.79	1
1082.01	0
1082.23	0
1082.45	0
1082.67	0
1082.89	0
1083.11	0
1083.33	0
1083.55	0
1083.77	0
1083.99	1
1084.21	0
1084.43	0
1084.65	0
1084.87	0
1085.09	0
1085.31	0
1085.53	0
1085.75	0
1085.97	2
1086.19	0
1086.41	1
1086.63	0
1086.85	0
1087.07	0
1087.29	0
1087.51	2
1087.73	1
1087.95	0
1088.17	0
1088.39	1
1088.61	0
1088.83	0
1089.05	0
1089.27	0
1089.49	0
1089.72	0
1089.94	0
1090.16	0
1090.38	0
1090.6	1
1090.82	0
1091.04	0
1091.26	0
1091.48	0
1091.7	0
1091.92	1
1092.14	0
1092.36	0
1092.58	0
1092.8	0
1093.02	0
1093.24	0
1093.46	1
1093.68	1
1093.9	3
1094.12	0
1094.34	1
1094.56	0
1094.78	1
1095	0
1095.22	1
1095.44	0
1095.66	0
1095.88	0
1096.1	0
1096.32	1
1096.54	0
1096.76	1
1096.98	0
1097.2	0
1097.42	0
1097.64	0
1097.86	0
1098.08	0
1098.3	1
1098.52	3
1098.74	0
1098.96	1
1099.18	1
1099.4	0
1099.62	0
1099.84	0
1100.06	0
1100.28	0
1100.5	0
1100.72	1
1100.94	0
1101.16	1
1101.38	1
1101.6	0
1101.82	0
1102.04	1
1102.26	0
1102.48	0
1102.7	0
1102.92	0
1103.14	0
1103.36	0
1103.58	0
1103.8	0
1104.02	0
1104.24	0
1104.46	0
1104.68	0
1104.9	1
1105.12	0
1105.34	1
1105.56	0
1105.78	0
1106	0
1106.22	0
1106.44	1
1106.66	0
1106.88	0
1107.1	1
1107.32	0
1107.54	0
1107.76	0
1107.98	0
1108.2	0
1108.42	0
1108.64	0
1108.86	0
1109.08	0
1109.3	0
1109.52	0
1109.74	0
1109.96	1
1110.18	0
1110.4	2
1110.62	0
1110.84	0
1111.06	0
1111.28	0
1111.5	0
1111.73	0
1111.95	0
1112.17	0
1112.39	0
1112.61	0
1112.83	0
1113.05	0
1113.27	0
1113.49	0
1113.71	0
1113.93	0
1114.15	0
1114.37	0
1114.59	0
1114.81	0
1115.03	0
1115.25	0
1115.47	0
1115.69	0
1115.91	0
1116.13	0
1116.35	0
1116.57	1
1116.79	0
1117.01	0
1117.23	0
1117.45	1
1117.67	1
1117.89	0
1118.11	1
1118.33	0
1118.55	0
1118.77	0
1118.99	0
1119.21	0
1119.43	0
1119.65	0
1119.87	1
1120.09	0
1120.31	0
1120.53	0
1120.75	0
1120.97	0
1121.19	0
1121.41	0
1121.63	2
1121.85	1
1122.07	1
1122.29	0
1122.51	0
1122.73	0
1122.95	1
1123.17	1
1123.39	0
1123.61	0
1123.83	0
1124.05	0
1124.27	0
1124.49	0
1124.71	1
1124.93	0
1125.15	0
1125.37	1
1125.59	3
1125.81	0
1126.03	0
1126.25	1
1126.47	0
1126.69	0
1126.91	0
1127.13	1
1127.35	0
1127.57	0
1127.79	0
1128.01	0
1128.23	0
1128.45	0
1128.67	0
1128.89	0
1129.11	0
1129.33	0
1129.55	0
1129.77	0
1129.99	0
1130.21	0
1130.43	0
1130.65	0
1130.87	1
1131.09	0
1131.31	0
1131.53	0
1131.75	1
1131.97	0
1132.19	0
1132.41	0
1132.63	1
1132.85	0
1133.07	0
1133.29	0
1133.51	0
1133.74	0
1133.96	0
1134.18	1
1134.4	0
1134.62	0
1134.84	1
1135.06	0
1135.28	2
1135.5	0
1135.72	0
1135.94	1
1136.16	0
1136.38	0
1136.6	0
1136.82	0
1137.04	0
1137.26	1
1137.48	0
1137.7	0
1137.92	0
1138.14	0
1138.36	1
1138.58	0
1138.8	0
1139.02	1
1139.24	0
1139.46	0
1139.68	0
1139.9	0
1140.12	0
1140.34	0
1140.56	0
1140.78	0
1141	0
1141.22	0
1141.44	0
1141.66	2
1141.88	0
1142.1	0
1142.32	0
1142.54	0
1142.76	0
1142.98	1
1143.2	0
1143.42	0
1143.64	1
1143.86	0
1144.08	0
1144.3	0
1144.52	0
1144.74	0
1144.96	0
1145.18	0
1145.4	1
1145.62	0
1145.84	0
1146.06	0
1146.28	0
1146.5	0
1146.72	0
1146.94	0
1147.16	0
1147.38	0
1147.6	0
1147.82	0
1148.04	0
1148.26	0
1148.48	0
1148.7	0
1148.92	0
1149.14	0
1149.36	2
1149.58	0
1149.8	0
1150.02	0
1150.24	0
1150.46	0
1150.68	0
1150.9	0
1151.12	0
1151.34	0
1151.56	0
1151.78	0
1152	0
1152.22	0
1152.44	0
1152.66	0
1152.88	0
1153.1	0
1153.32	0
1153.54	0
1153.76	0
1153.98	0
1154.2	2
1154.42	1
1154.64	0
1154.86	0
1155.08	0
1155.3	1
1155.52	0
1155.75	1
1155.97	0
1156.19	0
1156.41	0
1156.63	1
1156.85	1
1157.07	0
1157.29	0
1157.51	0
1157.73	1
1157.95	0
1158.17	0
1158.39	1
1158.61	0
1158.83	0
1159.05	0
1159.27	0
1159.49	0
1159.71	0
1159.93	0
1160.15	0
1160.37	0
1160.59	0
1160.81	0
1161.03	1
1161.25	0
1161.47	0
1161.69	0
1161.91	0
1162.13	0
1162.35	1
1162.57	0
1162.79	0
1163.01	0
1163.23	0
1163.45	0
1163.67	0
1163.89	0
1164.11	0
1164.33	0
1164.55	0
1164.77	1
1164.99	0
1165.21	0
1165.43	0
1165.65	0
1165.87	0
1166.09	0
1166.31	0
1166.53	0
1166.75	0
1166.97	0
1167.19	0
1167.41	0
1167.63	0
1167.85	0
1168.07	0
1168.29	0
1168.51	0
1168.73	0
1168.95	0
1169.17	0
1169.39	0
1169.61	0
1169.83	0
1170.05	0
1170.27	0
1170.49	0
1170.71	0
1170.93	0
1171.15	0
1171.37	0
1171.59	0
1171.81	0
1172.03	0
1172.25	0
1172.47	0
1172.69	2
1172.91	0
1173.13	0
1173.35	1
1173.57	0
1173.79	0
1174.01	0
1174.23	1
1174.45	0
1174.67	0
1174.89	0
1175.11	0
1175.33	1
1175.55	0
1175.77	0
1175.99	1
1176.21	0
1176.43	0
1176.65	0
1176.87	0
1177.09	1
1177.31	0
1177.53	1
1177.76	0
1177.98	0
1178.2	0
1178.42	1
1178.64	0
1178.86	0
1179.08	0
1179.3	0
1179.52	0
1179.74	0
1179.96	0
1180.18	0
1180.4	0
1180.62	0
1180.84	0
1181.06	1
1181.28	0
1181.5	0
1181.72	0
1181.94	0
1182.16	0
1182.38	0
1182.6	0
1182.82	0
1183.04	1
1183.26	0
1183.48	0
1183.7	1
1183.92	0
1184.14	0
1184.36	1
1184.58	1
1184.8	0
1185.02	0
1185.24	0
1185.46	0
1185.68	0
1185.9	0
1186.12	0
1186.34	2
1186.56	0
1186.78	0
1187	0
1187.22	0
1187.44	0
1187.66	1
1187.88	0
1188.1	0
1188.32	0
1188.54	0
1188.76	0
1188.98	0
1189.2	1
1189.42	0
1189.64	0
1189.86	0
1190.08	0
1190.3	0
1190.52	0
1190.74	0
1190.96	0
1191.18	0
1191.4	0
1191.62	0
1191.84	0
1192.06	0
1192.28	0
1192.5	0
1192.72	0
1192.94	0
1193.16	0
1193.38	0
1193.6	0
1193.82	0
1194.04	0
1194.26	0
1194.48	0
1194.7	0
1194.92	0
1195.14	0
1195.36	1
1195.58	0
1195.8	0
1196.02	0
1196.24	0
1196.46	0
1196.68	0
1196.9	0
1197.12	0
1197.34	0
1197.56	0
1197.78	0
1198	0
1198.22	0
1198.44	0
1198.66	0
1198.88	0
1199.1	0
1199.32	0
1199.54	0
1199.77	0
1199.99	0
1200.21	1
1200.43	1
1200.65	0
1200.87	0
1201.09	0
1201.31	0
1201.53	0
1201.75	0
1201.97	0
1202.19	0
1202.41	0
1202.63	0
1202.85	0
1203.07	0
1203.29	0
1203.51	2
1203.73	0
1203.95	0
1204.17	0
1204.39	0
1204.61	0
1204.83	0
1205.05	1
1205.27	0
1205.49	0
1205.71	0
1205.93	1
1206.15	0
1206.37	0
1206.59	0
1206.81	0
1207.03	0
1207.25	0
1207.47	0
1207.69	0
1207.91	0
1208.13	0
1208.35	0
1208.57	0
1208.79	0
1209.01	0
1209.23	1
1209.45	0
1209.67	0
1209.89	0
1210.11	0
1210.33	0
1210.55	0
1210.77	0
1210.99	0
1211.21	0
1211.43	1
1211.65	0
1211.87	1
1212.09	1
1212.31	0
1212.53	0
1212.75	0
1212.97	0
1213.19	0
1213.41	0
1213.63	0
1213.85	0
1214.07	0
1214.29	0
1214.51	0
1214.73	0
1214.95	0
1215.17	0
1215.39	0
1215.61	0
1215.83	0
1216.05	0
1216.27	0
1216.49	0
1216.71	0
1216.93	0
1217.15	0
1217.37	0
1217.59	0
1217.81	1
1218.03	0
1218.25	0
1218.47	0
1218.69	0
1218.91	1
1219.13	0
1219.35	0
1219.57	0
1219.79	0
1220.01	0
1220.23	1
1220.45	0
1220.67	0
1220.89	0
1221.11	0
1221.33	0
1221.55	0
1221.78	0
1222	0
1222.22	0
1222.44	1
1222.66	0
1222.88	0
1223.1	1
1223.32	0
1223.54	0
1223.76	0
1223.98	0
1224.2	1
1224.42	0
1224.64	0
1224.86	0
1225.08	0
1225.3	0
1225.52	0
1225.74	0
1225.96	0
1226.18	0
1226.4	0
1226.62	0
1226.84	0
1227.06	0
1227.28	0
1227.5	0
1227.72	0
1227.94	0
1228.16	0
1228.38	0
1228.6	0
1228.82	0
1229.04	0
1229.26	0
1229.48	0
1229.7	0
1229.92	0
1230.14	0
1230.36	0
1230.58	0
1230.8	0
1231.02	0
1231.24	0
1231.46	0
1231.68	0
1231.9	0
1232.12	1
1232.34	0
1232.56	0
1232.78	0
1233	0
1233.22	2
1233.44	0
1233.66	0
1233.88	0
1234.1	1
1234.32	0
1234.54	0
1234.76	0
1234.98	0
1235.2	0
1235.42	0
1235.64	0
1235.86	1
1236.08	0
1236.3	0
1236.52	0
1236.74	0
1236.96	0
1237.18	0
1237.4	0
1237.62	0
1237.84	0
1238.06	0
1238.28	0
1238.5	1
1238.72	0
1238.94	0
1239.16	0
1239.38	0
1239.6	0
1239.82	0
1240.04	0
1240.26	0
1240.48	0
1240.7	0
1240.92	0
1241.14	0
1241.36	0
1241.58	1
1241.8	0
1242.02	0
1242.24	0
1242.46	0
1242.68	2
1242.9	0
1243.12	0
1243.34	0
1243.57	0
1243.79	0
1244.01	0
1244.23	0
1244.45	0
1244.67	0
1244.89	0
1245.11	0
1245.33	0
1245.55	0
1245.77	2
1245.99	0
1246.21	0
1246.43	0
1246.65	0
1246.87	0
1247.09	0
1247.31	0
1247.53	1
1247.75	0
1247.97	0
1248.19	2
1248.41	0
1248.63	0
1248.85	0
1249.07	1
1249.29	0
1249.51	0
1249.73	0
1249.95	0
1250.17	0
1250.39	1
1250.61	0
1250.83	0
1251.05	0
1251.27	0
1251.49	1
1251.71	0
1251.93	0
1252.15	0
1252.37	0
1252.59	0
1252.81	0
1253.03	0
1253.25	0
1253.47	1
1253.69	0
1253.91	0
1254.13	0
1254.35	2
1254.57	0
1254.79	1
1255.01	0
1255.23	0
1255.45	0
1255.67	1
1255.89	1
1256.11	0
1256.33	0
1256.55	0
1256.77	0
1256.99	0
1257.21	0
1257.43	1
1257.65	0
1257.87	0
1258.09	0
1258.31	0
1258.53	0
1258.75	0
1258.97	0
1259.19	0
1259.41	0
1259.63	0
1259.85	0
1260.07	0
1260.29	0
1260.51	0
1260.73	0
1260.95	0
1261.17	0
1261.39	0
1261.61	0
1261.83	1
1262.05	0
1262.27	0
1262.49	0
1262.71	0
1262.93	0
1263.15	0
1263.37	0
1263.59	0
1263.81	0
1264.03	0
1264.25	0
1264.47	0
1264.69	0
1264.91	0
1265.13	0
1265.35	0
1265.58	0
1265.8	0
1266.02	0
1266.24	0
1266.46	0
1266.68	0
1266.9	0
1267.12	0
1267.34	0
1267.56	0
1267.78	0
1268	0
1268.22	0
1268.44	0
1268.66	0
1268.88	0
1269.1	0
1269.32	0
1269.54	0
1269.76	0
1269.98	0
1270.2	0
1270.42	0
1270.64	1
1270.86	0
1271.08	0
1271.3	0
1271.52	0
1271.74	0
1271.96	0
1272.18	2
1272.4	0
1272.62	0
1272.84	0
1273.06	0
1273.28	1
1273.5	1
1273.72	0
1273.94	0
1274.16	0
1274.38	0
1274.6	0
1274.82	0
1275.04	0
1275.26	0
1275.48	0
1275.7	0
1275.92	0
1276.14	1
1276.36	1
1276.58	4
1276.8	5
1277.02	8
1277.24	8
1277.46	11
1277.68	14
1277.9	13
1278.12	24
1278.34	26
1278.56	22
1278.78	20
1279	9
1279.22	5
1279.44	5
1279.66	2
1279.88	2
1280.1	2
1280.32	0
1280.54	1
1280.76	0
1280.98	0
1281.2	0
1281.42	0
1281.64	0
1281.86	0
1282.08	0
1282.3	0
1282.52	0
1282.74	1
1282.96	0
1283.18	0
1283.4	0
1283.62	0
1283.84	0
1284.06	1
1284.28	0
1284.5	0
1284.72	0
1284.94	0
1285.16	0
1285.38	0
1285.6	0
1285.82	0
1286.04	1
1286.26	0
1286.48	0
1286.7	0
1286.92	0
1287.14	0
1287.36	0
1287.59	0
1287.81	0
1288.03	0
1288.25	0
1288.47	0
1288.69	0
1288.91	0
1289.13	0
1289.35	0
1289.57	0
1289.79	0
1290.01	0
1290.23	0
1290.45	0
1290.67	0
1290.89	0
1291.11	0
1291.33	0
1291.55	0
1291.77	0
1291.99	0
1292.21	0
1292.43	1
1292.65	0
1292.87	0
1293.09	0
1293.31	0
1293.53	0
1293.75	0
1293.97	0
1294.19	0
1294.41	0
1294.63	0
1294.85	0
1295.07	0
1295.29	0
1295.51	0
1295.73	0
1295.95	0
1296.17	0
1296.39	0
1296.61	0
1296.83	0
1297.05	0
1297.27	0
1297.49	0
1297.71	0
1297.93	0
1298.15	0
1298.37	0
1298.59	0
1298.81	0
1299.03	0
1299.25	0
1299.47	0
1299.69	0
1299.91	0
1300.13	0
1300.35	0
1300.57	0
1300.79	0
1301.01	0
1301.23	0
1301.45	0
1301.67	0
1301.89	0
1302.11	0
1302.33	0
1302.55	0
1302.77	0
1302.99	0
1303.21	0
1303.43	1
1303.65	0
1303.87	0
1304.09	0
1304.31	0
1304.53	1
1304.75	0
1304.97	0
1305.19	0
1305.41	0
1305.63	0
1305.85	0
1306.07	0
1306.29	0
1306.51	0
1306.73	1
1306.95	0
1307.17	0
1307.39	0
1307.61	0
1307.83	0
1308.05	0
1308.27	1
1308.49	0
1308.71	0
1308.93	0
1309.15	0
1309.37	0
1309.6	0
1309.82	0
1310.04	0
1310.26	0
1310.48	0
1310.7	0
1310.92	0
1311.14	0
1311.36	0
1311.58	1
1311.8	0
1312.02	0
1312.24	0
1312.46	0
1312.68	0
1312.9	0
1313.12	0
1313.34	1
1313.56	0
1313.78	0
1314	0
1314.22	0
1314.44	0
1314.66	0
1314.88	0
1315.1	0
1315.32	0
1315.54	0
1315.76	0
1315.98	0
1316.2	0
1316.42	0
1316.64	0
1316.86	2
1317.08	0
1317.3	0
1317.52	1
1317.74	0
1317.96	0
1318.18	0
1318.4	0
1318.62	0
1318.84	1
1319.06	0
1319.28	1
1319.5	0
1319.72	0
1319.94	0
1320.16	0
1320.38	0
1320.6	0
1320.82	1
1321.04	0
1321.26	0
1321.48	0
1321.7	0
1321.92	0
1322.14	0
1322.36	0
1322.58	1
1322.8	1
1323.02	0
1323.24	0
1323.46	0
1323.68	0
1323.9	0
1324.12	0
1324.34	1
1324.56	0
1324.78	0
1325	0
1325.22	0
1325.44	0
1325.66	1
1325.88	0
1326.1	0
1326.32	0
1326.54	1
1326.76	1
1326.98	0
1327.2	0
1327.42	0
1327.64	1
1327.86	0
1328.08	0
1328.3	0
1328.52	0
1328.74	0
1328.96	0
1329.18	0
1329.4	0
1329.62	0
1329.84	1
1330.06	0
1330.28	0
1330.5	0
1330.72	0
1330.94	0
1331.16	0
1331.38	0
1331.61	0
1331.83	0
1332.05	0
1332.27	0
1332.49	0
1332.71	0
1332.93	0
1333.15	0
1333.37	0
1333.59	0
1333.81	0
1334.03	0
1334.25	0
1334.47	0
1334.69	0
1334.91	0
1335.13	0
1335.35	0
1335.57	1
1335.79	0
1336.01	0
1336.23	0
1336.45	0
1336.67	0
1336.89	0
1337.11	0
1337.33	0
1337.55	1
1337.77	0
1337.99	0
1338.21	0
1338.43	0
1338.65	0
1338.87	1
1339.09	0
1339.31	0
1339.53	0
1339.75	0
1339.97	0
1340.19	1
1340.41	0
1340.63	0
1340.85	0
1341.07	0
1341.29	0
1341.51	0
1341.73	0
1341.95	0
1342.17	0
1342.39	0
1342.61	0
1342.83	0
1343.05	0
1343.27	0
1343.49	0
1343.71	0
1343.93	0
1344.15	0
1344.37	0
1344.59	0
1344.81	0
1345.03	0
1345.25	0
1345.47	0
1345.69	0
1345.91	0
1346.13	0
1346.35	0
1346.57	0
1346.79	0
1347.01	0
1347.23	0
1347.45	0
1347.67	0
1347.89	1
1348.11	0
1348.33	0
1348.55	1
1348.77	0
1348.99	0
1349.21	0
1349.43	0
1349.65	1
1349.87	0
1350.09	0
1350.31	0
1350.53	0
1350.75	0
1350.97	0
1351.19	0
1351.41	0
1351.63	0
1351.85	0
1352.07	1
1352.29	0
1352.51	0
1352.73	0
1352.95	0
1353.17	0
1353.39	0
1353.62	0
1353.84	0
1354.06	0
1354.28	0
1354.5	0
1354.72	0
1354.94	0
1355.16	0
1355.38	0
1355.6	0
1355.82	0
1356.04	0
1356.26	0
1356.48	0
1356.7	0
1356.92	0
1357.14	0
1357.36	0
1357.58	0
1357.8	0
1358.02	0
1358.24	0
1358.46	1
1358.68	0
1358.9	0
1359.12	0
1359.34	0
1359.56	0
1359.78	1
1360	0
1360.22	0
1360.44	0
1360.66	0
1360.88	0
1361.1	0
1361.32	0
1361.54	0
1361.76	0
1361.98	0
1362.2	1
1362.42	0
1362.64	0
1362.86	0
1363.08	0
1363.3	0
1363.52	0
1363.74	0
1363.96	0
1364.18	0
1364.4	0
1364.62	0
1364.84	0
1365.06	0
1365.28	0
1365.5	0
1365.72	0
1365.94	0
1366.16	0
1366.38	0
1366.6	0
1366.82	0
1367.04	0
1367.26	0
1367.48	0
1367.7	0
1367.92	0
1368.14	1
1368.36	0
1368.58	0
1368.8	0
1369.02	0
1369.24	0
1369.46	0
1369.68	0
1369.9	1
1370.12	0
1370.34	0
1370.56	0
1370.78	0
1371	0
1371.22	0
1371.44	0
1371.66	0
1371.88	0
1372.1	0
1372.32	0
1372.54	0
1372.76	0
1372.98	0
1373.2	0
1373.42	0
1373.64	0
1373.86	0
1374.08	0
1374.3	0
1374.52	0
1374.74	0
1374.96	0
1375.18	0
1375.4	0
1375.63	0
1375.85	0
1376.07	1
1376.29	0
1376.51	0
1376.73	0
1376.95	0
1377.17	0
1377.39	0
1377.61	0
1377.83	1
1378.05	0
1378.27	0
1378.49	0
1378.71	0
1378.93	0
1379.15	1
1379.37	0
1379.59	0
1379.81	0
1380.03	0
1380.25	0
1380.47	0
1380.69	0
1380.91	0
1381.13	0
1381.35	0
1381.57	0
1381.79	0
1382.01	0
1382.23	0
1382.45	0
1382.67	0
1382.89	0
1383.11	0
1383.33	0
1383.55	0
1383.77	0
1383.99	0
1384.21	0
1384.43	0
1384.65	0
1384.87	0
1385.09	0
1385.31	0
1385.53	0
1385.75	0
1385.97	0
1386.19	0
1386.41	0
1386.63	0
1386.85	0
1387.07	0
1387.29	0
1387.51	0
1387.73	0
1387.95	0
1388.17	0
1388.39	0
1388.61	0
1388.83	0
1389.05	0
1389.27	0
1389.49	0
1389.71	0
1389.93	0
1390.15	0
1390.37	0
1390.59	0
1390.81	0
1391.03	0
1391.25	0
1391.47	0
1391.69	0
1391.91	0
1392.13	1
1392.35	0
1392.57	0
1392.79	0
1393.01	0
1393.23	0
1393.45	0
1393.67	0
1393.89	0
1394.11	0
1394.33	0
1394.55	0
1394.77	0
1394.99	0
1395.21	0
1395.43	0
1395.65	0
1395.87	0
1396.09	0
1396.31	0
1396.53	0
1396.75	0
1396.97	0
1397.19	0
1397.41	0
1397.64	0
1397.86	0
1398.08	0
1398.3	0
1398.52	0
1398.74	0
1398.96	0
1399.18	0
1399.4	0
1399.62	0
1399.84	0
1400.06	0
1400.28	0
1400.5	0
1400.72	0
1400.94	1
1401.16	0
1401.38	0
1401.6	0
1401.82	0
1402.04	0
1402.26	0
1402.48	0
1402.7	0
1402.92	0
1403.14	0
1403.36	0
1403.58	0
1403.8	0
1404.02	0
1404.24	0
1404.46	0
1404.68	0
1404.9	0
1405.12	0
1405.34	1
1405.56	0
1405.78	0
1406	0
1406.22	0
1406.44	0
1406.66	0
1406.88	0
1407.1	0
1407.32	0
1407.54	0
1407.76	0
1407.98	0
1408.2	0
1408.42	1
1408.64	0
1408.86	0
1409.08	0
1409.3	0
1409.52	0
1409.74	0
1409.96	0
1410.18	0
1410.4	0
1410.62	0
1410.84	0
1411.06	0
1411.28	0
1411.5	0
1411.72	0
1411.94	0
1412.16	0
1412.38	0
1412.6	0
1412.82	0
1413.04	0
1413.26	0
1413.48	0
1413.7	0
1413.92	0
1414.14	0
1414.36	0
1414.58	0
1414.8	0
1415.02	0
1415.24	0
1415.46	0
1415.68	0
1415.9	0
1416.12	1
1416.34	0
1416.56	0
1416.78	0
1417	0
1417.22	0
1417.44	0
1417.66	0
1417.88	0
1418.1	0
1418.32	0
1418.54	0
1418.76	0
1418.98	0
1419.2	0
1419.42	0
1419.65	0
1419.87	0
1420.09	0
1420.31	0
1420.53	0
1420.75	0
1420.97	0
1421.19	1
1421.41	0
1421.63	0
1421.85	0
1422.07	0
1422.29	0
1422.51	0
1422.73	0
1422.95	0
1423.17	0
1423.39	0
1423.61	0
1423.83	0
1424.05	0
1424.27	0
1424.49	0
1424.71	0
1424.93	0
1425.15	0
1425.37	0
1425.59	0
1425.81	0
1426.03	0
1426.25	0
1426.47	0
1426.69	0
1426.91	0
1427.13	0
1427.35	0
1427.57	0
1427.79	0
1428.01	0
1428.23	0
1428.45	0
1428.67	0
1428.89	0
1429.11	1
1429.33	0
1429.55	0
1429.77	0
1429.99	0
1430.21	0
1430.43	0
1430.65	0
1430.87	0
1431.09	0
1431.31	0
1431.53	0
1431.75	0
1431.97	0
1432.19	1
1432.41	0
1432.63	0
1432.85	0
1433.07	0
1433.29	0
1433.51	0
1433.73	0
1433.95	0
1434.17	0
1434.39	0
1434.61	0
1434.83	0
1435.05	0
1435.27	0
1435.49	0
1435.71	0
1435.93	0
1436.15	0
1436.37	0
1436.59	0
1436.81	0
1437.03	0
1437.25	0
1437.47	0
1437.69	0
1437.91	0
1438.13	0
1438.35	0
1438.57	0
1438.79	0
1439.01	0
1439.23	0
1439.45	0
1439.67	0
1439.89	1
1440.11	0
1440.33	0
1440.55	0
1440.77	0
1440.99	0
1441.21	0
1441.43	0
1441.66	0
1441.88	0
1442.1	0
1442.32	0
1442.54	0
1442.76	0
1442.98	0
1443.2	0
1443.42	0
1443.64	0
1443.86	1
1444.08	0
1444.3	0
1444.52	0
1444.74	0
1444.96	0
1445.18	0
1445.4	0
1445.62	0
1445.84	0
1446.06	0
1446.28	0
1446.5	0
1446.72	1
1446.94	0
1447.16	0
1447.38	0
1447.6	0
1447.82	0
1448.04	0
1448.26	0
1448.48	0
1448.7	0
1448.92	0
1449.14	0
1449.36	0
1449.58	0
1449.8	0
1450.02	0
1450.24	0
1450.46	1
1450.68	0
1450.9	0
1451.12	0
1451.34	0
1451.56	0
1451.78	1
1452	0
1452.22	0
1452.44	1
1452.66	0
1452.88	0
1453.1	0
1453.32	0
1453.54	0
1453.76	0
1453.98	0
1454.2	2
1454.42	0
1454.64	0
1454.86	0
1455.08	0
1455.3	0
1455.52	0
1455.74	0
1455.96	0
1456.18	0
1456.4	0
1456.62	0
1456.84	0
1457.06	0
1457.28	0
1457.5	0
1457.72	0
1457.94	1
1458.16	1
1458.38	0
1458.6	0
1458.82	0
1459.04	0
1459.26	0
1459.48	0
1459.7	1
1459.92	0
1460.14	0
1460.36	0
1460.58	0
1460.8	0
1461.02	0
1461.24	1
1461.46	0
1461.68	0
1461.9	0
1462.12	0
1462.34	0
1462.56	0
1462.78	0
1463	0
1463.22	0
1463.44	0
1463.67	0
1463.89	1
1464.11	0
1464.33	0
1464.55	0
1464.77	1
1464.99	0
1465.21	0
1465.43	1
1465.65	1
1465.87	1
1466.09	0
1466.31	0
1466.53	0
1466.75	0
1466.97	0
1467.19	0
1467.41	1
1467.63	0
1467.85	0
1468.07	0
1468.29	0
1468.51	0
1468.73	0
1468.95	0
1469.17	0
1469.39	0
1469.61	0
1469.83	0
1470.05	0
1470.27	0
1470.49	0
1470.71	0
1470.93	0
1471.15	0
1471.37	0
1471.59	0
1471.81	0
1472.03	0
1472.25	0
1472.47	1
1472.69	0
1472.91	0
1473.13	0
1473.35	0
1473.57	0
1473.79	0
1474.01	0
1474.23	0
1474.45	0
1474.67	0
1474.89	0
1475.11	0
1475.33	0
1475.55	0
1475.77	0
1475.99	0
1476.21	1
1476.43	0
1476.65	0
1476.87	0
1477.09	0
1477.31	0
1477.53	0
1477.75	0
1477.97	0
1478.19	0
1478.41	0
1478.63	0
1478.85	0
1479.07	0
1479.29	0
1479.51	0
1479.73	0
1479.95	0
1480.17	0
1480.39	0
1480.61	0
1480.83	0
1481.05	0
1481.27	0
1481.49	0
1481.71	0
1481.93	0
1482.15	0
1482.37	0
1482.59	1
1482.81	0
1483.03	0
1483.25	0
1483.47	1
1483.69	0
1483.91	0
1484.13	0
1484.35	0
1484.57	0
1484.79	1
1485.01	0
1485.23	0
1485.45	0
1485.68	0
1485.9	0
1486.12	0
1486.34	0
1486.56	0
1486.78	0
1487	0
1487.22	0
1487.44	0
1487.66	0
1487.88	0
1488.1	0
1488.32	0
1488.54	0
1488.76	0
1488.98	0
1489.2	0
1489.42	0
1489.64	0
1489.86	0
1490.08	0
1490.3	1
1490.52	1
1490.74	0
1490.96	0
1491.18	0
1491.4	0
1491.62	0
1491.84	0
1492.06	0
1492.28	0
1492.5	0
1492.72	0
1492.94	0
1493.16	0
1493.38	0
1493.6	0
1493.82	0
1494.04	0
1494.26	0
1494.48	0
1494.7	0
1494.92	0
1495.14	0
1495.36	0
1495.58	0
1495.8	0
1496.02	0
1496.24	0
1496.46	0
1496.68	0
1496.9	0
1497.12	0
1497.34	0
1497.56	0
1497.78	0
1498	0
1498.22	0
1498.44	0
1498.66	0
1498.88	0
1499.1	0
1499.32	0
1499.54	0
1499.76	0
1499.98	0
1500.2	0
1500.42	0
1500.64	1
1500.86	0
1501.08	0
1501.3	0
1501.52	0
1501.74	0
1501.96	0
1502.18	0
1502.4	0
1502.62	0
1502.84	0
1503.06	1
1503.28	0
1503.5	0
1503.72	0
1503.94	0
1504.16	0
1504.38	0
1504.6	0
1504.82	0
1505.04	0
1505.26	0
1505.48	0
1505.7	1
1505.92	1
1506.14	0
1506.36	0
1506.58	0
1506.8	0
1507.02	0
1507.24	0
1507.46	0
1507.68	0
1507.91	1
1508.13	0
1508.35	0
1508.57	0
1508.79	0
1509.01	0
1509.23	0
1509.45	0
1509.67	0
1509.89	0
1510.11	0
1510.33	0
1510.55	0
1510.77	0
1510.99	0
1511.21	0
1511.43	0
1511.65	0
1511.87	0
1512.09	0
1512.31	0
1512.53	0
1512.75	0
1512.97	0
1513.19	0
1513.41	0
1513.63	0
1513.85	0
1514.07	0
1514.29	0
1514.51	0
1514.73	0
1514.95	0
1515.17	0
1515.39	0
1515.61	0
1515.83	0
1516.05	0
1516.27	0
1516.49	0
1516.71	0
1516.93	0
1517.15	0
1517.37	0
1517.59	0
1517.81	0
1518.03	0
1518.25	1
1518.47	0
1518.69	0
1518.91	0
1519.13	0
1519.35	0
1519.57	0
1519.79	0
1520.01	0
1520.23	0
1520.45	0
1520.67	0
1520.89	0
1521.11	0
1521.33	0
1521.55	0
1521.77	0
1521.99	0
1522.21	0
1522.43	0
1522.65	0
1522.87	0
1523.09	0
1523.31	0
1523.53	0
1523.75	0
1523.97	0
1524.19	0
1524.41	0
1524.63	0
1524.85	0
1525.07	0
1525.29	1
1525.51	0
1525.73	0
1525.95	0
1526.17	0
1526.39	0
1526.61	0
1526.83	0
1527.05	0
1527.27	0
1527.49	0
1527.71	0
1527.93	0
1528.15	0
1528.37	0
1528.59	0
1528.81	0
1529.03	0
1529.25	0
1529.47	0
1529.69	0
1529.92	0
1530.14	0
1530.36	0
1530.58	0
1530.8	0
1531.02	0
1531.24	0
1531.46	0
1531.68	0
1531.9	0
1532.12	0
1532.34	0
1532.56	0
1532.78	0
1533	0
1533.22	0
1533.44	0
1533.66	0
1533.88	0
1534.1	1
1534.32	0
1534.54	0
1534.76	0
1534.98	0
1535.2	0
1535.42	0
1535.64	0
1535.86	0
1536.08	0
1536.3	0
1536.52	1
1536.74	0
1536.96	0
1537.18	0
1537.4	0
1537.62	0
1537.84	0
1538.06	0
1538.28	0
1538.5	0
1538.72	0
1538.94	0
1539.16	0
1539.38	0
1539.6	0
1539.82	0
1540.04	0
1540.26	0
1540.48	0
1540.7	0
1540.92	0
1541.14	0
1541.36	0
1541.58	0
1541.8	1
1542.02	0
1542.24	0
1542.46	0
1542.68	0
1542.9	0
1543.12	0
1543.34	0
1543.56	0
1543.78	0
1544	0
1544.22	0
1544.44	0
1544.66	0
1544.88	0
1545.1	0
1545.32	0
1545.54	0
1545.76	0
1545.98	0
1546.2	0
1546.42	0
1546.64	0
1546.86	0
1547.08	1
1547.3	0
1547.52	0
1547.74	0
1547.96	0
1548.18	0
1548.4	0
1548.62	0
1548.84	0
1549.06	0
1549.28	0
1549.5	0
1549.72	0
1549.94	0
1550.16	0
1550.38	0
1550.6	0
1550.82	0
1551.04	0
1551.26	0
1551.48	0
1551.7	0
1551.93	0
1552.15	0
1552.37	0
1552.59	0
1552.81	0
1553.03	0
1553.25	0
1553.47	0
1553.69	0
1553.91	0
1554.13	0
1554.35	0
1554.57	0
1554.79	1
1555.01	0
1555.23	0
1555.45	0
1555.67	0
1555.89	0
1556.11	0
1556.33	0
1556.55	0
1556.77	0
1556.99	0
1557.21	0
1557.43	0
1557.65	0
1557.87	0
1558.09	0
1558.31	0
1558.53	1
1558.75	0
1558.97	0
1559.19	0
1559.41	0
1559.63	0
1559.85	0
1560.07	1
1560.29	0
1560.51	0
1560.73	0
1560.95	0
1561.17	0
1561.39	0
1561.61	0
1561.83	0
1562.05	0
1562.27	0
1562.49	0
1562.71	0
1562.93	0
1563.15	0
1563.37	0
1563.59	0
1563.81	0
1564.03	0
1564.25	0
1564.47	0
1564.69	0
1564.91	0
1565.13	0
1565.35	0
1565.57	0
1565.79	0
1566.01	0
1566.23	0
1566.45	0
1566.67	0
1566.89	0
1567.11	0
1567.33	0
1567.55	0
1567.77	0
1567.99	1
1568.21	0
1568.43	0
1568.65	0
1568.87	0
1569.09	0
1569.31	0
1569.53	0
1569.75	0
1569.97	0
1570.19	0
1570.41	0
1570.63	0
1570.85	0
1571.07	0
1571.29	0
1571.51	0
1571.73	0
1571.95	0
1572.17	0
1572.39	0
1572.61	0
1572.83	0
1573.05	0
1573.27	0
1573.49	0
1573.71	0
1573.94	0
1574.16	0
1574.38	0
1574.6	0
1574.82	0
1575.04	0
1575.26	0
1575.48	0
1575.7	0
1575.92	0
1576.14	0
1576.36	0
1576.58	0
1576.8	0
1577.02	0
1577.24	0
1577.46	0
1577.68	0
1577.9	0
1578.12	0
1578.34	0
1578.56	0
1578.78	0
1579	0
1579.22	0
1579.44	0
1579.66	1
1579.88	0
1580.1	0
1580.32	0
1580.54	0
1580.76	2
1580.98	0
1581.2	0
1581.42	0
1581.64	0
1581.86	0
1582.08	0
1582.3	0
1582.52	0
1582.74	0
1582.96	0
1583.18	1
1583.4	0
1583.62	1
1583.84	0
1584.06	0
1584.28	0
1584.5	0
1584.72	0
1584.94	0
1585.16	0
1585.38	0
1585.6	0
1585.82	1
1586.04	0
1586.26	0
1586.48	0
1586.7	0
1586.92	0
1587.14	0
1587.36	0
1587.58	0
1587.8	0
1588.02	0
1588.24	0
1588.46	0
1588.68	0
1588.9	0
1589.12	0
1589.34	0
1589.56	0
1589.78	0
1590	0
1590.22	0
1590.44	0
1590.66	0
1590.88	0
1591.1	0
1591.32	0
1591.54	0
1591.76	0
1591.98	0
1592.2	0
1592.42	0
1592.64	0
1592.86	0
1593.08	0
1593.3	0
1593.52	0
1593.74	0
1593.96	0
1594.18	0
1594.4	0
1594.62	0
1594.84	0
1595.06	0
1595.28	0
1595.5	0
1595.72	0
1595.95	0
1596.17	0
1596.39	0
1596.61	0
1596.83	0
1597.05	0
1597.27	0
1597.49	0
1597.71	0
1597.93	1
1598.15	0
1598.37	0
1598.59	1
1598.81	0
1599.03	0
1599.25	0
1599.47	0
1599.69	0
1599.91	0
1600.13	0
1600.35	0
1600.57	0
1600.79	0
1601.01	0
1601.23	0
1601.45	0
1601.67	0
1601.89	0
1602.11	0
1602.33	0
1602.55	0
1602.77	0
1602.99	0
1603.21	0
1603.43	0
1603.65	0
1603.87	0
1604.09	0
1604.31	0
1604.53	0
1604.75	0
1604.97	0
1605.19	0
1605.41	0
1605.63	0
1605.85	0
1606.07	0
1606.29	0
1606.51	0
1606.73	0
1606.95	0
1607.17	0
1607.39	0
1607.61	0
1607.83	0
1608.05	0
1608.27	1
1608.49	0
1608.71	0
1608.93	0
1609.15	1
1609.37	0
1609.59	0
1609.81	0
1610.03	0
1610.25	0
1610.47	0
1610.69	0
1610.91	0
1611.13	0
1611.35	0
1611.57	0
1611.79	0
1612.01	0
1612.23	0
1612.45	0
1612.67	0
1612.89	0
1613.11	0
1613.33	0
1613.55	0
1613.77	0
1613.99	0
1614.21	0
1614.43	0
1614.65	0
1614.87	0
1615.09	0
1615.31	0
1615.53	0
1615.75	0
1615.97	0
1616.19	0
1616.41	0
1616.63	0
1616.85	0
1617.07	0
1617.29	0
1617.51	0
1617.73	0
1617.96	0
1618.18	0
1618.4	0
1618.62	0
1618.84	0
1619.06	0
1619.28	0
1619.5	0
1619.72	0
1619.94	0
1620.16	0
1620.38	0
1620.6	0
1620.82	0
1621.04	0
1621.26	0
1621.48	0
1621.7	0
1621.92	0
1622.14	0
1622.36	1
1622.58	0
1622.8	0
1623.02	0
1623.24	0
1623.46	0
1623.68	0
1623.9	0
1624.12	0
1624.34	0
1624.56	0
1624.78	0
1625	0
1625.22	0
1625.44	0
1625.66	0
1625.88	0
1626.1	0
1626.32	0
1626.54	0
1626.76	0
1626.98	0
1627.2	0
1627.42	0
1627.64	0
1627.86	0
1628.08	0
1628.3	0
1628.52	0
1628.74	0
1628.96	0
1629.18	0
1629.4	0
1629.62	0
1629.84	0
1630.06	0
1630.28	0
1630.5	0
1630.72	0
1630.94	0
1631.16	0
1631.38	0
1631.6	0
1631.82	0
1632.04	0
1632.26	0
1632.48	0
1632.7	0
1632.92	0
1633.14	0
1633.36	0
1633.58	0
1633.8	0
1634.02	0
1634.24	1
1634.46	0
1634.68	0
1634.9	0
1635.12	1
1635.34	0
1635.56	0
1635.78	0
1636	0
1636.22	0
1636.44	0
1636.66	0
1636.88	0
1637.1	0
1637.32	0
1637.54	0
1637.76	1
1637.98	0
1638.2	0
1638.42	0
1638.64	0
1638.86	0
1639.08	0
1639.3	0
1639.52	0
1639.74	0
1639.97	0
1640.19	0
1640.41	0
1640.63	0
1640.85	0
1641.07	0
1641.29	0
1641.51	0
1641.73	0
1641.95	0
1642.17	0
1642.39	0
1642.61	0
1642.83	0
1643.05	0
1643.27	0
1643.49	0
1643.71	0
1643.93	0
1644.15	0
1644.37	0
1644.59	0
1644.81	0
1645.03	0
1645.25	0
1645.47	0
1645.69	0
1645.91	0
1646.13	0
1646.35	0
1646.57	0
1646.79	0
1647.01	0
1647.23	0
1647.45	0
1647.67	0
1647.89	0
1648.11	0
1648.33	0
1648.55	0
1648.77	0
1648.99	0
1649.21	0
1649.43	0
1649.65	0
1649.87	0
1650.09	0
1650.31	0
1650.53	0
1650.75	0
1650.97	0
1651.19	0
1651.41	0
1651.63	0
1651.85	0
1652.07	0
1652.29	0
1652.51	0
1652.73	0
1652.95	0
1653.17	0
1653.39	0
1653.61	0
1653.83	0
1654.05	0
1654.27	0
1654.49	0
1654.71	0
1654.93	0
1655.15	0
1655.37	0
1655.59	1
1655.81	0
1656.03	0
1656.25	0
1656.47	0
1656.69	0
1656.91	0
1657.13	0
1657.35	0
1657.57	0
1657.79	0
1658.01	0
1658.23	0
1658.45	0
1658.67	0
1658.89	0
1659.11	0
1659.33	0
1659.55	0
1659.77	0
1659.99	0
1660.21	0
1660.43	0
1660.65	0
1660.87	0
1661.09	0
1661.31	1
1661.53	0
1661.75	0
1661.98	0
1662.2	0
1662.42	1
1662.64	0
1662.86	0
1663.08	0
1663.3	0
1663.52	0
1663.74	0
1663.96	0
1664.18	0
1664.4	0
1664.62	0
1664.84	0
1665.06	0
1665.28	0
1665.5	0
1665.72	0
1665.94	0
1666.16	0
1666.38	0
1666.6	0
1666.82	0
1667.04	0
1667.26	0
1667.48	0
1667.7	0
1667.92	0
1668.14	0
1668.36	0
1668.58	0
1668.8	0
1669.02	0
1669.24	0
1669.46	0
1669.68	0
1669.9	0
1670.12	0
1670.34	0
1670.56	0
1670.78	0
1671	0
1671.22	0
1671.44	0
1671.66	0
1671.88	0
1672.1	0
1672.32	0
1672.54	0
1672.76	0
1672.98	0
1673.2	0
1673.42	0
1673.64	0
1673.86	0
1674.08	0
1674.3	0
1674.52	0
1674.74	0
1674.96	0
1675.18	0
1675.4	0
1675.62	0
1675.84	0
1676.06	0
1676.28	0
1676.5	0
1676.72	0
1676.94	0
1677.16	0
1677.38	0
1677.6	0
1677.82	0
1678.04	0
1678.26	1
1678.48	0
1678.7	0
1678.92	0
1679.14	0
1679.36	0
1679.58	0
1679.8	0
1680.02	0
1680.24	0
1680.46	0
1680.68	0
1680.9	0
1681.12	0
1681.34	0
1681.56	0
1681.78	0
1682	0
1682.22	0
1682.44	0
1682.66	0
1682.88	1
1683.1	0
1683.32	0
1683.54	0
1683.76	0
1683.99	0
1684.21	0
1684.43	0
1684.65	1
1684.87	0
1685.09	0
1685.31	0
1685.53	0
1685.75	0
1685.97	0
1686.19	0
1686.41	0
1686.63	0
1686.85	0
1687.07	0
1687.29	0
1687.51	0
1687.73	0
1687.95	0
1688.17	0
1688.39	0
1688.61	0
1688.83	0
1689.05	0
1689.27	0
1689.49	0
1689.71	0
1689.93	0
1690.15	0
1690.37	0
1690.59	0
1690.81	0
1691.03	0
1691.25	0
1691.47	0
1691.69	0
1691.91	0
1692.13	0
1692.35	0
1692.57	0
1692.79	0
1693.01	0
1693.23	0
1693.45	0
1693.67	0
1693.89	0
1694.11	0
1694.33	0
1694.55	0
1694.77	0
1694.99	0
1695.21	0
1695.43	0
1695.65	0
1695.87	0
1696.09	0
1696.31	0
1696.53	0
1696.75	0
1696.97	0
1697.19	0
1697.41	0
1697.63	0
1697.85	0
1698.07	0
1698.29	0
1698.51	0
1698.73	0
1698.95	0
1699.17	0
1699.39	0
1699.61	0
1699.83	0
1700.05	0
1700.27	0
1700.49	0
1700.71	0
1700.93	0
1701.15	0
1701.37	0
1701.59	0
1701.81	0
1702.03	0
1702.25	0
1702.47	0
1702.69	0
1702.91	0
1703.13	0
1703.35	0
1703.57	0
1703.79	0
1704.01	0
1704.23	0
1704.45	0
1704.67	0
1704.89	0
1705.11	0
1705.33	0
1705.55	0
1705.77	0
1706	0
1706.22	0
1706.44	0
1706.66	0
1706.88	0
1707.1	0
1707.32	0
1707.54	0
1707.76	0
1707.98	0
1708.2	0
1708.42	0
1708.64	0
1708.86	0
1709.08	0
1709.3	1
1709.52	0
1709.74	0
1709.96	0
1710.18	0
1710.4	0
1710.62	0
1710.84	0
1711.06	0
1711.28	0
1711.5	0
1711.72	0
1711.94	0
1712.16	0
1712.38	0
1712.6	0
1712.82	0
1713.04	0
1713.26	0
1713.48	0
1713.7	0
1713.92	0
1714.14	0
1714.36	0
1714.58	0
1714.8	0
1715.02	0
1715.24	0
1715.46	0
1715.68	0
1715.9	0
1716.12	0
1716.34	0
1716.56	0
1716.78	0
1717	0
1717.22	0
1717.44	0
1717.66	0
1717.88	0
1718.1	0
1718.32	0
1718.54	0
1718.76	0
1718.98	0
1719.2	0
1719.42	0
1719.64	0
1719.86	0
1720.08	0
1720.3	0
1720.52	0
1720.74	0
1720.96	0
1721.18	0
1721.4	0
1721.62	0
1721.84	0
1722.06	0
1722.28	0
1722.5	0
1722.72	0
1722.94	0
1723.16	0
1723.38	0
1723.6	0
1723.82	0
1724.04	0
1724.26	0
1724.48	0
1724.7	0
1724.92	0
1725.14	0
1725.36	0
1725.58	0
1725.8	0
1726.02	0
1726.24	0
1726.46	0
1726.68	0
1726.9	0
1727.12	0
1727.34	0
1727.56	0
1727.78	0
1728.01	0
1728.23	0
1728.45	0
1728.67	0
1728.89	0
1729.11	0
1729.33	0
1729.55	0
1729.77	0
1729.99	0
1730.21	0
1730.43	0
1730.65	0
1730.87	0
1731.09	1
1731.31	0
1731.53	0
1731.75	0
1731.97	0
1732.19	0
1732.41	0
1732.63	0
1732.85	0
1733.07	0
1733.29	0
1733.51	0
1733.73	0
1733.95	0
1734.17	0
1734.39	0
1734.61	0
1734.83	1
1735.05	0
1735.27	0
1735.49	0
1735.71	0
1735.93	0
1736.15	0
1736.37	0
1736.59	0
1736.81	0
1737.03	0
1737.25	0
1737.47	0
1737.69	0
1737.91	0
1738.13	0
1738.35	0
1738.57	0
1738.79	0
1739.01	0
1739.23	0
1739.45	0
1739.67	0
1739.89	0
1740.11	0
1740.33	0
1740.55	0
1740.77	0
1740.99	0
1741.21	0
1741.43	0
1741.65	0
1741.87	0
1742.09	0
1742.31	0
1742.53	0
1742.75	0
1742.97	0
1743.19	0
1743.41	0
1743.63	0
1743.85	0
1744.07	0
1744.29	0
1744.51	0
1744.73	0
1744.95	0
1745.17	0
1745.39	0
1745.61	0
1745.83	0
1746.05	0
1746.27	0
1746.49	0
1746.71	0
1746.93	0
1747.15	0
1747.37	0
1747.59	0
1747.81	0
1748.03	0
1748.25	0
1748.47	0
1748.69	0
1748.91	0
1749.13	0
1749.35	0
1749.57	0
1749.79	0
1750.02	0
1750.24	0
1750.46	0
1750.68	0
1750.9	0
1751.12	0
1751.34	0
1751.56	0
1751.78	0
1752	0
1752.22	0
1752.44	0
1752.66	0
1752.88	0
1753.1	0
1753.32	0
1753.54	0
1753.76	0
1753.98	0
1754.2	0
1754.42	0
1754.64	0
1754.86	0
1755.08	0
1755.3	0
1755.52	0
1755.74	0
1755.96	0
1756.18	0
1756.4	0
1756.62	0
1756.84	0
1757.06	0
1757.28	0
1757.5	0
1757.72	0
1757.94	0
1758.16	0
1758.38	0
1758.6	1
1758.82	0
1759.04	0
1759.26	0
1759.48	0
1759.7	0
1759.92	0
1760.14	0
1760.36	0
1760.58	0
1760.8	0
1761.02	0
1761.24	0
1761.46	0
1761.68	0
1761.9	0
1762.12	0
1762.34	0
1762.56	0
1762.78	0
1763	0
1763.22	0
1763.44	0
1763.66	0
1763.88	0
1764.1	0
1764.32	0
1764.54	0
1764.76	0
1764.98	0
1765.2	0
1765.42	0
1765.64	0
1765.86	0
1766.08	0
1766.3	0
1766.52	0
1766.74	0
1766.96	0
1767.18	0
1767.4	0
1767.62	0
1767.84	0
1768.06	0
1768.28	0
1768.5	0
1768.72	0
1768.94	0
1769.16	0
1769.38	0
1769.6	0
1769.82	0
1770.04	0
1770.26	1
1770.48	0
1770.7	0
1770.92	0
1771.14	0
1771.36	0
1771.58	0
1771.8	0
1772.03	0
1772.25	0
1772.47	0
1772.69	0
1772.91	0
1773.13	0
1773.35	0
1773.57	0
1773.79	0
1774.01	0
1774.23	0
1774.45	0
1774.67	0
1774.89	0
1775.11	0
1775.33	0
1775.55	0
1775.77	0
1775.99	0
1776.21	0
1776.43	0
1776.65	0
1776.87	0
1777.09	0
1777.31	0
1777.53	0
1777.75	0
1777.97	0
1778.19	0
1778.41	0
1778.63	0
1778.85	0
1779.07	0
1779.29	0
1779.51	0
1779.73	0
1779.95	0
1780.17	0
1780.39	0
1780.61	0
1780.83	0
1781.05	0
1781.27	0
1781.49	0
1781.71	0
1781.93	0
1782.15	0
1782.37	0
1782.59	0
1782.81	0
1783.03	0
1783.25	0
1783.47	0
1783.69	0
1783.91	0
1784.13	0
1784.35	0
1784.57	0
1784.79	0
1785.01	0
1785.23	0
1785.45	0
1785.67	0
1785.89	0
1786.11	0
1786.33	0
1786.55	0
1786.77	0
1786.99	0
1787.21	0
1787.43	0
1787.65	0
1787.87	0
1788.09	0
1788.31	0
1788.53	0
1788.75	0
1788.97	0
1789.19	0
1789.41	0
1789.63	0
1789.85	0
1790.07	1
1790.29	1
1790.51	0
1790.73	2
1790.95	0
1791.17	0
1791.39	2
1791.61	0
1791.83	0
1792.05	0
1792.27	1
1792.49	0
1792.71	1
1792.93	0
1793.15	0
1793.37	0
1793.59	0
1793.81	0
1794.04	0
1794.26	0
1794.48	0
1794.7	0
1794.92	0
1795.14	0
1795.36	0
1795.58	0
1795.8	0
1796.02	0
1796.24	0
1796.46	0
1796.68	0
1796.9	0
1797.12	0
1797.34	0
1797.56	0
1797.78	0
1798	0
1798.22	0
1798.44	0
1798.66	0
1798.88	0
1799.1	0
1799.32	0
1799.54	0
1799.76	0
1799.98	0
1800.2	0
1800.42	0
1800.64	0
1800.86	0
1801.08	0
1801.3	0
1801.52	0
1801.74	0
1801.96	0
1802.18	0
1802.4	0
1802.62	0
1802.84	0
