0	0
1	0
2	0
3	0
4	0
5	0
6	0
7	0
8	0
9	0
10	0
11	0
12	0
13	0
14	0
15	0
16	0
17	0
18	0
19	0
20	0
21	0
22	0
23	0
24	0
25	0
26	0
27	0
28	0
29	0
30	0
31	0
32	0
33	3
34	17
35	98
36	480
37	1012
38	1353
39	1707
40	1709
41	1452
42	1069
43	893
44	812
45	728
46	746
47	865
48	945
49	1130
50	1135
51	1010
52	980
53	839
54	761
55	672
56	645
57	645
58	599
59	613
60	630
61	626
62	618
63	636
64	585
65	553
66	631
67	744
68	695
69	800
70	925
71	886
72	860
73	959
74	1052
75	1329
76	2096
77	3644
78	5341
79	5638
80	4554
81	2756
82	1467
83	817
84	679
85	595
86	599
87	674
88	830
89	1065
90	1445
91	1779
92	1748
93	1302
94	931
95	706
96	507
97	481
98	485
99	463
100	440
101	465
102	434
103	435
104	484
105	457
106	435
107	461
108	441
109	434
110	449
111	418
112	436
113	451
114	448
115	440
116	443
117	406
118	442
119	435
120	433
121	448
122	425
123	441
124	427
125	414
126	409
127	436
128	437
129	442
130	409
131	436
132	402
133	408
134	446
135	430
136	468
137	411
138	459
139	444
140	460
141	418
142	475
143	456
144	435
145	411
146	450
147	436
148	426
149	428
150	444
151	430
152	437
153	436
154	399
155	420
156	435
157	448
158	422
159	480
160	404
161	433
162	419
163	423
164	452
165	438
166	441
167	450
168	445
169	440
170	467
171	419
172	456
173	468
174	447
175	477
176	480
177	485
178	474
179	448
180	537
181	479
182	453
183	484
184	468
185	459
186	477
187	486
188	479
189	480
190	499
191	459
192	450
193	469
194	556
195	546
196	531
197	567
198	544
199	540
200	546
201	578
202	607
203	603
204	604
205	601
206	640
207	676
208	629
209	644
210	644
211	662
212	701
213	637
214	628
215	678
216	686
217	673
218	738
219	752
220	683
221	711
222	695
223	743
224	754
225	682
226	744
227	702
228	761
229	783
230	788
231	810
232	809
233	823
234	827
235	873
236	906
237	925
238	916
239	976
240	1075
241	1088
242	1082
243	1121
244	1236
245	1293
246	1334
247	1402
248	1453
249	1526
250	1513
251	1534
252	1537
253	1579
254	1551
255	1590
256	1557
257	1555
258	1523
259	1563
260	1506
261	1557
262	1432
263	1540
264	1463
265	1507
266	1452
267	1444
268	1443
269	1538
270	1508
271	1492
272	1490
273	1552
274	1513
275	1542
276	1548
277	1577
278	1633
279	1661
280	1708
281	1657
282	1643
283	1670
284	1649
285	1585
286	1740
287	1622
288	1704
289	1596
290	1696
291	1648
292	1690
293	1717
294	1775
295	1696
296	1746
297	1793
298	1742
299	1769
300	1801
301	1783
302	1847
303	1983
304	1893
305	2055
306	2074
307	2095
308	2249
309	2373
310	2695
311	3517
312	5672
313	10642
314	17940
315	24381
316	25112
317	19233
318	11299
319	6230
320	4139
321	4743
322	8623
323	17198
324	30063
325	40249
326	39940
327	28996
328	15926
329	6768
330	2688
331	1330
332	941
333	909
334	830
335	779
336	835
337	730
338	748
339	768
340	689
341	667
342	734
343	679
344	728
345	696
346	725
347	689
348	684
349	700
350	706
351	686
352	714
353	717
354	732
355	731
356	740
357	799
358	822
359	790
360	840
361	836
362	876
363	1021
364	1128
365	1566
366	2543
367	4457
368	7261
369	10190
370	12434
371	12640
372	10180
373	6881
374	3615
375	1911
376	1073
377	893
378	1040
379	1550
380	2611
381	3782
382	4460
383	4128
384	3145
385	2217
386	1356
387	866
388	585
389	422
390	404
391	401
392	460
393	399
394	388
395	364
396	395
397	361
398	370
399	341
400	367
401	392
402	388
403	371
404	353
405	385
406	338
407	398
408	345
409	369
410	375
411	384
412	365
413	370
414	377
415	362
416	340
417	366
418	360
419	369
420	350
421	349
422	340
423	363
424	376
425	326
426	341
427	402
428	329
429	334
430	365
431	328
432	365
433	332
434	338
435	353
436	359
437	329
438	377
439	353
440	347
441	354
442	367
443	329
444	353
445	371
446	335
447	326
448	356
449	366
450	366
451	359
452	359
453	368
454	356
455	336
456	347
457	356
458	372
459	354
460	390
461	341
462	352
463	345
464	321
465	383
466	331
467	360
468	347
469	364
470	350
471	360
472	373
473	352
474	346
475	359
476	369
477	367
478	370
479	359
480	338
481	332
482	352
483	355
484	340
485	336
486	371
487	329
488	349
489	369
490	357
491	407
492	373
493	368
494	355
495	365
496	327
497	360
498	333
499	356
500	402
501	350
502	378
503	353
504	346
505	381
506	371
507	394
508	386
509	329
510	342
511	366
512	332
513	375
514	373
515	380
516	371
517	372
518	330
519	353
520	364
521	362
522	337
523	391
524	369
525	405
526	409
527	355
528	365
529	337
530	359
531	367
532	371
533	370
534	384
535	383
536	378
537	368
538	375
539	379
540	373
541	388
542	341
543	381
544	375
545	394
546	409
547	377
548	389
549	358
550	372
551	364
552	421
553	377
554	387
555	347
556	370
557	354
558	367
559	356
560	373
561	362
562	381
563	367
564	361
565	360
566	391
567	340
568	361
569	373
570	356
571	350
572	392
573	348
574	375
575	345
576	370
577	381
578	355
579	383
580	347
581	342
582	345
583	360
584	381
585	352
586	389
587	314
588	374
589	353
590	383
591	392
592	367
593	362
594	331
595	392
596	362
597	344
598	379
599	387
600	403
601	357
602	371
603	371
604	359
605	346
606	343
607	360
608	384
609	362
610	343
611	353
612	381
613	335
614	322
615	379
616	329
617	371
618	364
619	384
620	353
621	338
622	362
623	374
624	358
625	382
626	325
627	397
628	352
629	371
630	316
631	336
632	371
633	370
634	347
635	344
636	364
637	394
638	359
639	403
640	391
641	344
642	364
643	371
644	335
645	372
646	349
647	334
648	362
649	331
650	358
651	381
652	356
653	368
654	377
655	365
656	351
657	354
658	365
659	361
660	367
661	394
662	334
663	367
664	348
665	382
666	343
667	315
668	385
669	363
670	363
671	374
672	331
673	341
674	348
675	372
676	358
677	321
678	310
679	339
680	369
681	360
682	374
683	339
684	327
685	338
686	378
687	373
688	371
689	327
690	379
691	341
692	348
693	352
694	377
695	384
696	388
697	381
698	356
699	336
700	345
701	334
702	356
703	345
704	334
705	378
706	362
707	363
708	358
709	317
710	312
711	362
712	339
713	308
714	354
715	370
716	341
717	338
718	346
719	345
720	382
721	357
722	316
723	336
724	335
725	344
726	356
727	329
728	359
729	320
730	351
731	330
732	311
733	325
734	324
735	323
736	320
737	299
738	353
739	331
740	323
741	320
742	350
743	335
744	335
745	374
746	363
747	315
748	327
749	360
750	360
751	297
752	323
753	353
754	366
755	357
756	355
757	344
758	353
759	353
760	360
761	336
762	366
763	338
764	362
765	335
766	353
767	368
768	334
769	329
770	326
771	334
772	359
773	368
774	324
775	326
776	371
777	367
778	367
779	346
780	386
781	388
782	356
783	392
784	402
785	388
786	384
787	377
788	393
789	427
790	446
791	438
792	431
793	419
794	434
795	480
796	466
797	471
798	430
799	518
800	448
801	456
802	503
803	448
804	481
805	484
806	462
807	437
808	495
809	508
810	454
811	428
812	494
813	458
814	467
815	474
816	489
817	443
818	466
819	485
820	444
821	461
822	506
823	446
824	460
825	500
826	456
827	448
828	491
829	502
830	475
831	452
832	502
833	463
834	470
835	475
836	474
837	499
838	425
839	463
840	474
841	448
842	458
843	441
844	458
845	483
846	421
847	453
848	460
849	486
850	458
851	420
852	458
853	472
854	430
855	487
856	399
857	477
858	508
859	448
860	410
861	431
862	472
863	471
864	484
865	454
866	410
867	455
868	414
869	451
870	434
871	453
872	462
873	411
874	415
875	395
876	417
877	428
878	417
879	429
880	429
881	442
882	449
883	448
884	361
885	454
886	390
887	389
888	435
889	417
890	418
891	433
892	413
893	412
894	386
895	422
896	438
897	403
898	416
899	395
900	389
901	391
902	396
903	397
904	363
905	424
906	393
907	416
908	428
909	417
910	419
911	412
912	409
913	379
914	415
915	400
916	417
917	399
918	377
919	353
920	419
921	375
922	384
923	392
924	434
925	394
926	443
927	424
928	390
929	449
930	417
931	372
932	399
933	423
934	394
935	413
936	419
937	454
938	406
939	441
940	407
941	387
942	434
943	430
944	397
945	456
946	412
947	417
948	419
949	382
950	415
951	406
952	394
953	406
954	427
955	408
956	424
957	420
958	407
959	403
960	399
961	393
962	384
963	420
964	399
965	404
966	412
967	373
968	408
969	400
970	420
971	411
972	395
973	394
974	411
975	374
976	364
977	393
978	396
979	405
980	425
981	368
982	394
983	415
984	402
985	380
986	364
987	404
988	385
989	388
990	398
991	394
992	408
993	377
994	386
995	368
996	343
997	394
998	388
999	372
1000	376
1001	372
1002	392
1003	372
1004	369
1005	381
1006	384
1007	386
1008	391
1009	368
1010	388
1011	374
1012	367
1013	396
1014	364
1015	367
1016	379
1017	395
1018	346
1019	352
1020	377
1021	349
1022	363
1023	389
1024	382
1025	350
1026	384
1027	348
1028	350
1029	397
1030	353
1031	363
1032	318
1033	346
1034	368
1035	322
1036	361
1037	351
1038	337
1039	389
1040	344
1041	333
1042	325
1043	359
1044	347
1045	368
1046	359
1047	395
1048	337
1049	343
1050	336
1051	316
1052	352
1053	341
1054	377
1055	376
1056	330
1057	361
1058	354
1059	339
1060	349
1061	330
1062	348
1063	344
1064	350
1065	339
1066	345
1067	338
1068	387
1069	376
1070	316
1071	291
1072	336
1073	392
1074	324
1075	356
1076	326
1077	311
1078	306
1079	322
1080	342
1081	329
1082	332
1083	305
1084	376
1085	333
1086	317
1087	303
1088	346
1089	306
1090	332
1091	348
1092	299
1093	332
1094	338
1095	352
1096	321
1097	366
1098	329
1099	300
1100	331
1101	312
1102	278
1103	334
1104	348
1105	322
1106	364
1107	324
1108	323
1109	337
1110	342
1111	303
1112	331
1113	323
1114	278
1115	305
1116	339
1117	321
1118	329
1119	311
1120	327
1121	316
1122	305
1123	314
1124	313
1125	340
1126	265
1127	312
1128	323
1129	335
1130	293
1131	305
1132	331
1133	292
1134	323
1135	335
1136	301
1137	279
1138	302
1139	269
1140	316
1141	325
1142	342
1143	308
1144	319
1145	313
1146	311
1147	298
1148	344
1149	324
1150	309
1151	316
1152	255
1153	302
1154	318
1155	294
1156	308
1157	276
1158	288
1159	301
1160	298
1161	324
1162	327
1163	320
1164	331
1165	273
1166	313
1167	270
1168	278
1169	294
1170	283
1171	293
1172	276
1173	294
1174	303
1175	308
1176	277
1177	273
1178	261
1179	269
1180	288
1181	299
1182	299
1183	307
1184	298
1185	330
1186	307
1187	302
1188	294
1189	298
1190	280
1191	273
1192	301
1193	296
1194	316
1195	286
1196	314
1197	296
1198	312
1199	303
1200	302
1201	305
1202	274
1203	282
1204	276
1205	289
1206	286
1207	274
1208	289
1209	279
1210	270
1211	307
1212	313
1213	256
1214	272
1215	288
1216	261
1217	281
1218	263
1219	276
1220	303
1221	285
1222	281
1223	285
1224	275
1225	320
1226	287
1227	285
1228	304
1229	274
1230	266
1231	287
1232	269
1233	285
1234	289
1235	286
1236	284
1237	267
1238	284
1239	249
1240	300
1241	263
1242	290
1243	266
1244	254
1245	277
1246	268
1247	270
1248	261
1249	300
1250	262
1251	288
1252	293
1253	274
1254	299
1255	309
1256	285
1257	268
1258	256
1259	240
1260	257
1261	283
1262	249
1263	275
1264	272
1265	275
1266	235
1267	271
1268	269
1269	272
1270	253
1271	278
1272	262
1273	262
1274	270
1275	270
1276	254
1277	289
1278	305
1279	265
1280	287
1281	267
1282	302
1283	268
1284	263
1285	289
1286	274
1287	240
1288	254
1289	268
1290	261
1291	251
1292	274
1293	235
1294	268
1295	291
1296	298
1297	268
1298	233
1299	268
1300	260
1301	261
1302	263
1303	258
1304	272
1305	262
1306	235
1307	245
1308	273
1309	281
1310	283
1311	235
1312	265
1313	262
1314	256
1315	281
1316	255
1317	259
1318	263
1319	265
1320	263
1321	262
1322	255
1323	272
1324	266
1325	283
1326	257
1327	276
1328	267
1329	276
1330	255
1331	267
1332	275
1333	260
1334	232
1335	268
1336	241
1337	259
1338	256
1339	269
1340	269
1341	255
1342	250
1343	226
1344	256
1345	240
1346	283
1347	247
1348	261
1349	275
1350	255
1351	256
1352	233
1353	245
1354	266
1355	265
1356	264
1357	269
1358	280
1359	263
1360	261
1361	288
1362	271
1363	238
1364	271
1365	266
1366	255
1367	254
1368	244
1369	255
1370	271
1371	265
1372	263
1373	257
1374	262
1375	269
1376	252
1377	269
1378	235
1379	296
1380	247
1381	240
1382	259
1383	251
1384	259
1385	245
1386	275
1387	265
1388	253
1389	244
1390	272
1391	239
1392	244
1393	241
1394	254
1395	252
1396	277
1397	270
1398	275
1399	265
1400	253
1401	275
1402	273
1403	261
1404	245
1405	265
1406	258
1407	247
1408	250
1409	270
1410	257
1411	229
1412	253
1413	262
1414	248
1415	251
1416	235
1417	241
1418	258
1419	269
1420	269
1421	291
1422	251
1423	272
1424	260
1425	272
1426	250
1427	270
1428	272
1429	277
1430	272
1431	247
1432	261
1433	257
1434	253
1435	257
1436	274
1437	256
1438	268
1439	247
1440	253
1441	245
1442	280
1443	249
1444	254
1445	282
1446	274
1447	236
1448	239
1449	242
1450	273
1451	246
1452	238
1453	265
1454	262
1455	260
1456	252
1457	255
1458	250
1459	261
1460	243
1461	275
1462	257
1463	263
1464	273
1465	276
1466	251
1467	268
1468	264
1469	252
1470	286
1471	257
1472	249
1473	254
1474	271
1475	261
1476	281
1477	273
1478	248
1479	283
1480	262
1481	234
1482	278
1483	253
1484	255
1485	232
1486	277
1487	275
1488	264
1489	253
1490	261
1491	271
1492	217
1493	244
1494	268
1495	269
1496	252
1497	272
1498	244
1499	260
1500	261
1501	254
1502	262
1503	258
1504	262
1505	264
1506	253
1507	231
1508	272
1509	274
1510	251
1511	258
1512	279
1513	269
1514	280
1515	262
1516	263
1517	298
1518	281
1519	282
1520	258
1521	266
1522	262
1523	256
1524	274
1525	281
1526	290
1527	251
1528	264
1529	274
1530	262
1531	272
1532	242
1533	269
1534	244
1535	248
1536	248
1537	302
1538	269
1539	256
1540	256
1541	260
1542	274
1543	276
1544	270
1545	278
1546	276
1547	230
1548	281
1549	261
1550	279
1551	252
1552	279
1553	274
1554	287
1555	293
1556	249
1557	282
1558	302
1559	293
1560	296
1561	261
1562	290
1563	317
1564	281
1565	289
1566	278
1567	267
1568	302
1569	269
1570	280
1571	270
1572	279
1573	283
1574	291
1575	288
1576	287
1577	279
1578	257
1579	303
1580	275
1581	296
1582	269
1583	262
1584	280
1585	286
1586	291
1587	273
1588	259
1589	283
1590	288
1591	299
1592	289
1593	303
1594	300
1595	270
1596	284
1597	287
1598	313
1599	280
1600	276
1601	287
1602	279
1603	298
1604	282
1605	284
1606	311
1607	269
1608	278
1609	289
1610	296
1611	299
1612	274
1613	301
1614	282
1615	263
1616	308
1617	276
1618	306
1619	305
1620	276
1621	290
1622	302
1623	299
1624	269
1625	304
1626	290
1627	311
1628	308
1629	270
1630	312
1631	314
1632	301
1633	322
1634	274
1635	297
1636	291
1637	280
1638	279
1639	295
1640	323
1641	288
1642	353
1643	308
1644	286
1645	326
1646	313
1647	312
1648	314
1649	313
1650	294
1651	300
1652	305
1653	291
1654	303
1655	328
1656	310
1657	322
1658	306
1659	330
1660	310
1661	279
1662	318
1663	293
1664	303
1665	304
1666	300
1667	297
1668	324
1669	310
1670	310
1671	327
1672	316
1673	332
1674	324
1675	315
1676	317
1677	298
1678	310
1679	311
1680	294
1681	304
1682	333
1683	340
1684	308
1685	319
1686	336
1687	310
1688	314
1689	354
1690	378
1691	351
1692	297
1693	314
1694	333
1695	338
1696	319
1697	307
1698	273
1699	322
1700	313
1701	330
1702	296
1703	333
1704	330
1705	339
1706	332
1707	323
1708	371
1709	333
1710	357
1711	351
1712	338
1713	284
1714	338
1715	341
1716	362
1717	304
1718	336
1719	357
1720	337
1721	375
1722	347
1723	325
1724	370
1725	360
1726	345
1727	330
1728	316
1729	344
1730	319
1731	317
1732	329
1733	327
1734	280
1735	329
1736	341
1737	340
1738	378
1739	332
1740	353
1741	338
1742	356
1743	316
1744	334
1745	321
1746	331
1747	318
1748	357
1749	321
1750	341
1751	364
1752	363
1753	342
1754	328
1755	299
1756	321
1757	346
1758	347
1759	333
1760	355
1761	336
1762	310
1763	304
1764	354
1765	348
1766	320
1767	334
1768	332
1769	326
1770	310
1771	337
1772	324
1773	293
1774	291
1775	293
1776	333
1777	299
1778	318
1779	304
1780	283
1781	273
1782	293
1783	310
1784	283
1785	262
1786	276
1787	257
1788	269
1789	251
1790	245
1791	251
1792	242
1793	234
1794	225
1795	248
1796	206
1797	215
1798	241
1799	232
1800	229
1801	214
1802	237
1803	218
1804	220
1805	201
1806	228
1807	245
1808	215
1809	240
1810	192
1811	207
1812	194
1813	226
1814	235
1815	235
1816	206
1817	215
1818	214
1819	205
1820	194
1821	207
1822	188
1823	186
1824	219
1825	204
1826	222
1827	216
1828	208
1829	192
1830	200
1831	201
1832	202
1833	202
1834	200
1835	176
1836	216
1837	209
1838	214
1839	185
1840	193
1841	196
1842	196
1843	168
1844	192
1845	194
1846	170
1847	190
1848	190
1849	180
1850	175
1851	202
1852	175
1853	200
1854	176
1855	215
1856	179
1857	197
1858	195
1859	177
1860	178
1861	192
1862	173
1863	213
1864	158
1865	185
1866	226
1867	192
1868	178
1869	199
1870	167
1871	208
1872	174
1873	167
1874	170
1875	168
1876	189
1877	177
1878	179
1879	201
1880	194
1881	175
1882	179
1883	169
1884	163
1885	209
1886	165
1887	189
1888	195
1889	186
1890	154
1891	171
1892	173
1893	190
1894	161
1895	168
1896	169
1897	180
1898	156
1899	169
1900	165
1901	165
1902	147
1903	204
1904	184
1905	174
1906	165
1907	170
1908	175
1909	180
1910	161
1911	203
1912	145
1913	164
1914	191
1915	181
1916	158
1917	175
1918	196
1919	175
1920	138
1921	148
1922	162
1923	157
1924	152
1925	149
1926	190
1927	162
1928	153
1929	169
1930	171
1931	146
1932	157
1933	176
1934	148
1935	164
1936	132
1937	156
1938	177
1939	157
1940	181
1941	184
1942	166
1943	133
1944	174
1945	159
1946	170
1947	154
1948	173
1949	156
1950	155
1951	154
1952	162
1953	162
1954	176
1955	152
1956	162
1957	163
1958	165
1959	152
1960	131
1961	178
1962	160
1963	145
1964	157
1965	132
1966	165
1967	156
1968	143
1969	143
1970	171
1971	157
1972	148
1973	133
1974	146
1975	148
1976	133
1977	130
1978	140
1979	156
1980	150
1981	165
1982	145
1983	145
1984	123
1985	160
1986	133
1987	147
1988	131
1989	122
1990	154
1991	142
1992	121
1993	151
1994	144
1995	151
1996	154
1997	139
1998	131
1999	142
2000	122
2001	151
2002	136
2003	123
2004	124
2005	131
2006	128
2007	124
2008	128
2009	154
2010	146
2011	127
2012	154
2013	122
2014	138
2015	116
2016	157
2017	137
2018	128
2019	130
2020	115
2021	145
2022	126
2023	136
2024	134
2025	120
2026	131
2027	119
2028	138
2029	138
2030	136
2031	117
2032	126
2033	137
2034	141
2035	127
2036	108
2037	120
2038	121
2039	116
2040	124
2041	145
2042	117
2043	126
2044	126
2045	133
2046	116
2047	116
2048	124
2049	124
2050	110
2051	120
2052	104
2053	138
2054	141
2055	114
2056	121
2057	115
2058	126
2059	110
2060	122
2061	110
2062	119
2063	116
2064	130
2065	134
2066	120
2067	116
2068	110
2069	113
2070	112
2071	131
2072	121
2073	116
2074	114
2075	108
2076	114
2077	111
2078	105
2079	111
2080	111
2081	105
2082	109
2083	127
2084	119
2085	116
2086	105
2087	94
2088	113
2089	106
2090	121
2091	104
2092	98
2093	121
2094	98
2095	89
2096	109
2097	109
2098	125
2099	103
2100	97
2101	126
2102	99
2103	107
2104	95
2105	109
2106	115
2107	90
2108	110
2109	107
2110	124
2111	108
2112	113
2113	115
2114	103
2115	122
2116	115
2117	108
2118	112
2119	113
2120	104
2121	111
2122	105
2123	100
2124	99
2125	93
2126	109
2127	101
2128	112
2129	106
2130	114
2131	96
2132	89
2133	93
2134	115
2135	100
2136	120
2137	88
2138	103
2139	101
2140	103
2141	104
2142	96
2143	97
2144	94
2145	108
2146	121
2147	116
2148	94
2149	97
2150	75
2151	104
2152	105
2153	104
2154	90
2155	90
2156	98
2157	97
2158	95
2159	101
2160	94
2161	114
2162	107
2163	96
2164	71
2165	97
2166	105
2167	91
2168	69
2169	94
2170	81
2171	107
2172	100
2173	104
2174	92
2175	93
2176	94
2177	98
2178	105
2179	81
2180	93
2181	88
2182	91
2183	84
2184	81
2185	101
2186	89
2187	90
2188	88
2189	101
2190	89
2191	92
2192	89
2193	92
2194	94
2195	102
2196	102
2197	103
2198	97
2199	99
2200	97
2201	106
2202	82
2203	90
2204	96
2205	97
2206	105
2207	93
2208	91
2209	117
2210	85
2211	79
2212	103
2213	80
2214	79
2215	85
2216	84
2217	86
2218	85
2219	89
2220	77
2221	97
2222	111
2223	99
2224	85
2225	95
2226	99
2227	99
2228	87
2229	85
2230	90
2231	100
2232	92
2233	98
2234	88
2235	88
2236	97
2237	95
2238	96
2239	95
2240	70
2241	85
2242	97
2243	98
2244	108
2245	98
2246	103
2247	99
2248	83
2249	98
2250	82
2251	97
2252	88
2253	96
2254	119
2255	80
2256	94
2257	77
2258	87
2259	79
2260	104
2261	105
2262	74
2263	85
2264	105
2265	101
2266	108
2267	83
2268	107
2269	86
2270	93
2271	89
2272	96
2273	81
2274	88
2275	98
2276	86
2277	95
2278	102
2279	100
2280	102
2281	96
2282	114
2283	102
2284	97
2285	96
2286	103
2287	95
2288	88
2289	102
2290	96
2291	89
2292	78
2293	106
2294	80
2295	89
2296	105
2297	83
2298	81
2299	77
2300	91
2301	71
2302	92
2303	94
2304	86
2305	111
2306	96
2307	89
2308	98
2309	109
2310	103
2311	113
2312	80
2313	98
2314	87
2315	88
2316	81
2317	99
2318	106
2319	88
2320	85
2321	87
2322	101
2323	108
2324	79
2325	81
2326	108
2327	79
2328	95
2329	86
2330	101
2331	94
2332	84
2333	78
2334	92
2335	95
2336	92
2337	77
2338	76
2339	77
2340	90
2341	82
2342	86
2343	102
2344	81
2345	91
2346	89
2347	83
2348	88
2349	93
2350	110
2351	89
2352	102
2353	80
2354	82
2355	98
2356	82
2357	92
2358	82
2359	81
2360	75
2361	90
2362	86
2363	85
2364	92
2365	84
2366	58
2367	99
2368	93
2369	96
2370	89
2371	98
2372	81
2373	90
2374	76
2375	75
2376	83
2377	95
2378	75
2379	79
2380	87
2381	88
2382	80
2383	90
2384	82
2385	64
2386	88
2387	93
2388	81
2389	79
2390	81
2391	77
2392	93
2393	77
2394	75
2395	79
2396	89
2397	83
2398	90
2399	86
2400	90
2401	82
2402	79
2403	105
2404	77
2405	93
2406	72
2407	84
2408	91
2409	76
2410	102
2411	71
2412	90
2413	94
2414	87
2415	72
2416	80
2417	103
2418	97
2419	72
2420	90
2421	98
2422	82
2423	74
2424	89
2425	77
2426	82
2427	76
2428	71
2429	84
2430	87
2431	73
2432	86
2433	77
2434	76
2435	88
2436	83
2437	95
2438	89
2439	90
2440	88
2441	78
2442	84
2443	84
2444	82
2445	73
2446	73
2447	87
2448	76
2449	91
2450	74
2451	92
2452	76
2453	66
2454	94
2455	69
2456	70
2457	93
2458	94
2459	74
2460	86
2461	86
2462	89
2463	89
2464	87
2465	82
2466	89
2467	80
2468	87
2469	94
2470	95
2471	88
2472	82
2473	72
2474	82
2475	83
2476	87
2477	68
2478	71
2479	65
2480	91
2481	79
2482	71
2483	69
2484	101
2485	68
2486	71
2487	86
2488	77
2489	79
2490	72
2491	84
2492	91
2493	71
2494	65
2495	82
2496	75
2497	80
2498	88
2499	78
2500	76
2501	86
2502	89
2503	82
2504	79
2505	88
2506	81
2507	91
2508	84
2509	76
2510	73
2511	101
2512	94
2513	80
2514	86
2515	88
2516	73
2517	76
2518	96
2519	79
2520	94
2521	92
2522	81
2523	73
2524	83
2525	83
2526	69
2527	94
2528	65
2529	87
2530	73
2531	85
2532	87
2533	83
2534	92
2535	77
2536	80
2537	78
2538	95
2539	82
2540	75
2541	98
2542	89
2543	92
2544	80
2545	87
2546	85
2547	86
2548	85
2549	75
2550	78
2551	83
2552	94
2553	80
2554	86
2555	78
2556	94
2557	79
2558	103
2559	78
2560	100
2561	82
2562	93
2563	82
2564	94
2565	92
2566	85
2567	102
2568	88
2569	103
2570	102
2571	104
2572	119
2573	130
2574	144
2575	159
2576	201
2577	237
2578	368
2579	541
2580	1062
2581	2076
2582	4128
2583	7139
2584	10799
2585	14674
2586	16833
2587	16816
2588	14441
2589	10666
2590	6779
2591	3619
2592	1632
2593	715
2594	319
2595	149
2596	105
2597	98
2598	90
2599	90
2600	86
2601	92
2602	79
2603	102
2604	73
2605	78
2606	79
2607	96
2608	89
2609	79
2610	89
2611	89
2612	89
2613	78
2614	79
2615	87
2616	79
2617	77
2618	83
2619	77
2620	71
2621	83
2622	68
2623	86
2624	76
2625	75
2626	69
2627	87
2628	63
2629	81
2630	80
2631	66
2632	65
2633	69
2634	103
2635	69
2636	74
2637	76
2638	80
2639	69
2640	85
2641	73
2642	82
2643	91
2644	82
2645	74
2646	69
2647	93
2648	73
2649	77
2650	54
2651	85
2652	78
2653	75
2654	72
2655	81
2656	88
2657	70
2658	74
2659	87
2660	73
2661	72
2662	79
2663	90
2664	91
2665	66
2666	99
2667	72
2668	59
2669	85
2670	90
2671	69
2672	93
2673	69
2674	79
2675	86
2676	73
2677	68
2678	80
2679	89
2680	72
2681	71
2682	95
2683	91
2684	89
2685	90
2686	68
2687	75
2688	79
2689	78
2690	65
2691	80
2692	81
2693	64
2694	90
2695	70
2696	74
2697	98
2698	71
2699	81
2700	90
2701	75
2702	63
2703	67
2704	90
2705	74
2706	90
2707	63
2708	66
2709	75
2710	83
2711	62
2712	79
2713	76
2714	84
2715	72
2716	70
2717	67
2718	74
2719	92
2720	86
2721	83
2722	81
2723	66
2724	72
2725	61
2726	81
2727	82
2728	71
2729	69
2730	73
2731	69
2732	56
2733	67
2734	69
2735	74
2736	91
2737	79
2738	68
2739	69
2740	67
2741	72
2742	74
2743	70
2744	63
2745	70
2746	73
2747	61
2748	66
2749	81
2750	69
2751	77
2752	73
2753	81
2754	79
2755	60
2756	70
2757	77
2758	71
2759	82
2760	73
2761	74
2762	73
2763	87
2764	81
2765	71
2766	68
2767	72
2768	68
2769	101
2770	66
2771	84
2772	78
2773	82
2774	74
2775	86
2776	74
2777	81
2778	57
2779	61
2780	68
2781	69
2782	74
2783	76
2784	64
2785	58
2786	88
2787	67
2788	70
2789	72
2790	84
2791	67
2792	56
2793	66
2794	70
2795	61
2796	65
2797	78
2798	84
2799	81
2800	76
2801	63
2802	62
2803	61
2804	88
2805	75
2806	71
2807	82
2808	77
2809	79
2810	65
2811	73
2812	63
2813	59
2814	72
2815	69
2816	54
2817	84
2818	77
2819	73
2820	76
2821	81
2822	80
2823	61
2824	61
2825	73
2826	91
2827	76
2828	78
2829	66
2830	64
2831	86
2832	60
2833	77
2834	71
2835	54
2836	69
2837	60
2838	83
2839	63
2840	79
2841	67
2842	87
2843	63
2844	89
2845	82
2846	90
2847	72
2848	71
2849	55
2850	73
2851	81
2852	80
2853	87
2854	78
2855	60
2856	103
2857	68
2858	79
2859	80
2860	69
2861	77
2862	80
2863	78
2864	78
2865	89
2866	72
2867	84
2868	67
2869	79
2870	84
2871	77
2872	69
2873	68
2874	83
2875	78
2876	68
2877	74
2878	76
2879	94
2880	67
2881	73
2882	76
2883	71
2884	60
2885	66
2886	75
2887	89
2888	75
2889	77
2890	79
2891	76
2892	70
2893	78
2894	70
2895	83
2896	77
2897	78
2898	78
2899	81
2900	73
2901	84
2902	76
2903	79
2904	63
2905	71
2906	87
2907	74
2908	56
2909	91
2910	89
2911	75
2912	82
2913	107
2914	82
2915	109
2916	102
2917	101
2918	108
2919	125
2920	103
2921	104
2922	96
2923	97
2924	110
2925	99
2926	119
2927	147
2928	137
2929	152
2930	132
2931	138
2932	90
2933	76
2934	82
2935	79
2936	70
2937	59
2938	72
2939	72
2940	63
2941	59
2942	73
2943	67
2944	61
2945	74
2946	65
2947	64
2948	77
2949	75
2950	64
2951	75
2952	78
2953	57
2954	79
2955	72
2956	80
2957	73
2958	63
2959	67
2960	62
2961	71
2962	64
2963	66
2964	61
2965	72
2966	70
2967	73
2968	79
2969	58
2970	100
2971	79
2972	97
2973	91
2974	80
2975	102
2976	89
2977	90
2978	84
2979	76
2980	69
2981	72
2982	63
2983	79
2984	80
2985	71
2986	78
2987	70
2988	76
2989	68
2990	61
2991	79
2992	62
2993	56
2994	64
2995	81
2996	57
2997	76
2998	69
2999	71
3000	71
3001	67
3002	74
3003	69
3004	74
3005	77
3006	81
3007	89
3008	87
3009	67
3010	80
3011	77
3012	77
3013	86
3014	73
3015	71
3016	79
3017	68
3018	71
3019	67
3020	60
3021	68
3022	64
3023	59
3024	70
3025	77
3026	63
3027	70
3028	73
3029	66
3030	64
3031	66
3032	62
3033	57
3034	66
3035	54
3036	69
3037	63
3038	71
3039	89
3040	73
3041	64
3042	67
3043	74
3044	65
3045	67
3046	78
3047	67
3048	67
3049	68
3050	66
3051	66
3052	83
3053	73
3054	59
3055	64
3056	59
3057	67
3058	57
3059	84
3060	66
3061	66
3062	62
3063	74
3064	73
3065	57
3066	77
3067	66
3068	61
3069	63
3070	86
3071	67
3072	80
3073	57
3074	56
3075	74
3076	66
3077	60
3078	68
3079	56
3080	79
3081	61
3082	61
3083	62
3084	70
3085	62
3086	66
3087	54
3088	71
3089	66
3090	64
3091	61
3092	60
3093	62
3094	57
3095	72
3096	67
3097	63
3098	72
3099	74
3100	75
3101	74
3102	58
3103	71
3104	81
3105	59
3106	67
3107	66
3108	70
3109	81
3110	77
3111	68
3112	74
3113	76
3114	61
3115	77
3116	77
3117	58
3118	62
3119	63
3120	62
3121	88
3122	73
3123	60
3124	68
3125	63
3126	68
3127	67
3128	53
3129	67
3130	60
3131	70
3132	64
3133	71
3134	68
3135	52
3136	64
3137	75
3138	71
3139	79
3140	68
3141	66
3142	64
3143	70
3144	74
3145	69
3146	61
3147	70
3148	66
3149	69
3150	71
3151	83
3152	57
3153	60
3154	67
3155	69
3156	83
3157	73
3158	72
3159	67
3160	50
3161	58
3162	67
3163	69
3164	65
3165	65
3166	64
3167	82
3168	83
3169	60
3170	66
3171	55
3172	73
3173	72
3174	66
3175	81
3176	58
3177	67
3178	64
3179	56
3180	77
3181	63
3182	63
3183	64
3184	66
3185	74
3186	55
3187	78
3188	69
3189	68
3190	58
3191	73
3192	83
3193	68
3194	85
3195	72
3196	64
3197	58
3198	73
3199	72
3200	58
3201	61
3202	75
3203	73
3204	77
3205	65
3206	63
3207	65
3208	83
3209	80
3210	73
3211	56
3212	66
3213	67
3214	57
3215	66
3216	83
3217	77
3218	62
3219	66
3220	62
3221	81
3222	64
3223	64
3224	71
3225	70
3226	66
3227	74
3228	86
3229	69
3230	66
3231	60
3232	77
3233	72
3234	69
3235	72
3236	83
3237	71
3238	86
3239	65
3240	56
3241	57
3242	64
3243	74
3244	81
3245	67
3246	80
3247	70
3248	78
3249	66
3250	63
3251	75
3252	64
3253	73
3254	65
3255	78
3256	76
3257	63
3258	66
3259	57
3260	55
3261	64
3262	82
3263	57
3264	86
3265	77
3266	73
3267	83
3268	82
3269	74
3270	89
3271	77
3272	77
3273	75
3274	61
3275	58
3276	66
3277	82
3278	66
3279	63
3280	74
3281	78
3282	75
3283	69
3284	77
3285	73
3286	78
3287	78
3288	62
3289	60
3290	59
3291	87
3292	62
3293	50
3294	69
3295	74
3296	64
3297	66
3298	65
3299	93
3300	75
3301	65
3302	70
3303	72
3304	71
3305	80
3306	75
3307	68
3308	74
3309	58
3310	69
3311	68
3312	70
3313	66
3314	80
3315	72
3316	73
3317	92
3318	81
3319	65
3320	76
3321	82
3322	59
3323	65
3324	93
3325	60
3326	62
3327	75
3328	69
3329	82
3330	80
3331	82
3332	91
3333	90
3334	61
3335	62
3336	94
3337	78
3338	83
3339	77
3340	73
3341	82
3342	72
3343	75
3344	72
3345	66
3346	82
3347	65
3348	73
3349	87
3350	68
3351	78
3352	75
3353	69
3354	81
3355	76
3356	57
3357	79
3358	72
3359	70
3360	66
3361	77
3362	63
3363	73
3364	76
3365	74
3366	83
3367	68
3368	73
3369	71
3370	70
3371	57
3372	75
3373	92
3374	79
3375	85
3376	82
3377	77
3378	74
3379	79
3380	80
3381	74
3382	66
3383	71
3384	79
3385	65
3386	85
3387	66
3388	69
3389	80
3390	66
3391	84
3392	83
3393	84
3394	68
3395	85
3396	81
3397	60
3398	84
3399	80
3400	103
3401	86
3402	72
3403	92
3404	91
3405	82
3406	77
3407	75
3408	73
3409	68
3410	78
3411	76
3412	84
3413	62
3414	78
3415	80
3416	91
3417	65
3418	89
3419	70
3420	78
3421	88
3422	73
3423	97
3424	87
3425	80
3426	83
3427	78
3428	78
3429	66
3430	87
3431	72
3432	72
3433	72
3434	71
3435	78
3436	72
3437	78
3438	63
3439	69
3440	69
3441	86
3442	69
3443	67
3444	69
3445	67
3446	82
3447	75
3448	63
3449	78
3450	84
3451	83
3452	71
3453	75
3454	76
3455	92
3456	73
3457	79
3458	81
3459	84
3460	86
3461	78
3462	83
3463	76
3464	92
3465	94
3466	87
3467	74
3468	70
3469	83
3470	95
3471	84
3472	77
3473	81
3474	98
3475	77
3476	72
3477	70
3478	92
3479	89
3480	75
3481	88
3482	64
3483	91
3484	76
3485	79
3486	84
3487	87
3488	94
3489	73
3490	72
3491	88
3492	86
3493	76
3494	89
3495	69
3496	91
3497	76
3498	83
3499	103
3500	66
3501	81
3502	78
3503	88
3504	73
3505	71
3506	65
3507	86
3508	88
3509	85
3510	76
3511	91
3512	75
3513	82
3514	82
3515	91
3516	86
3517	85
3518	77
3519	77
3520	94
3521	96
3522	75
3523	73
3524	78
3525	68
3526	85
3527	82
3528	95
3529	78
3530	83
3531	78
3532	70
3533	80
3534	84
3535	85
3536	78
3537	89
3538	82
3539	89
3540	85
3541	97
3542	80
3543	85
3544	71
3545	77
3546	103
3547	84
3548	87
3549	92
3550	75
3551	85
3552	102
3553	84
3554	71
3555	95
3556	91
3557	86
3558	75
3559	75
3560	114
3561	110
3562	100
3563	86
3564	81
3565	88
3566	66
3567	78
3568	99
3569	89
3570	98
3571	85
3572	87
3573	83
3574	103
3575	104
3576	104
3577	107
3578	99
3579	104
3580	86
3581	84
3582	75
3583	96
3584	102
3585	81
3586	102
3587	80
3588	102
3589	104
3590	76
3591	93
3592	94
3593	92
3594	92
3595	88
3596	80
3597	84
3598	103
3599	78
3600	118
3601	103
3602	88
3603	94
3604	77
3605	83
3606	97
3607	98
3608	87
3609	72
3610	95
3611	101
3612	96
3613	104
3614	105
3615	95
3616	104
3617	92
3618	78
3619	88
3620	79
3621	97
3622	101
3623	96
3624	86
3625	79
3626	105
3627	89
3628	100
3629	106
3630	90
3631	113
3632	86
3633	105
3634	86
3635	91
3636	80
3637	84
3638	98
3639	100
3640	98
3641	84
3642	92
3643	102
3644	98
3645	114
3646	89
3647	115
3648	93
3649	96
3650	107
3651	101
3652	95
3653	94
3654	78
3655	89
3656	104
3657	91
3658	106
3659	103
3660	105
3661	82
3662	98
3663	97
3664	71
3665	91
3666	95
3667	94
3668	123
3669	91
3670	100
3671	93
3672	88
3673	105
3674	104
3675	109
3676	92
3677	115
3678	99
3679	94
3680	89
3681	83
3682	101
3683	85
3684	89
3685	102
3686	118
3687	99
3688	108
3689	97
3690	101
3691	86
3692	92
3693	109
3694	88
3695	105
3696	96
3697	108
3698	97
3699	98
3700	106
3701	104
3702	101
3703	114
3704	82
3705	113
3706	87
3707	109
3708	116
3709	97
3710	93
3711	121
3712	102
3713	101
3714	104
3715	86
3716	107
3717	112
3718	117
3719	106
3720	101
3721	115
3722	110
3723	112
3724	121
3725	78
3726	100
3727	108
3728	105
3729	100
3730	104
3731	94
3732	112
3733	106
3734	99
3735	108
3736	100
3737	105
3738	107
3739	122
3740	121
3741	97
3742	105
3743	136
3744	97
3745	114
3746	102
3747	120
3748	102
3749	106
3750	101
3751	109
3752	113
3753	136
3754	94
3755	115
3756	122
3757	106
3758	105
3759	111
3760	99
3761	110
3762	121
3763	109
3764	102
3765	118
3766	100
3767	122
3768	99
3769	121
3770	106
3771	105
3772	127
3773	123
3774	106
3775	111
3776	110
3777	102
3778	101
3779	121
3780	123
3781	104
3782	118
3783	124
3784	104
3785	139
3786	110
3787	105
3788	106
3789	137
3790	111
3791	112
3792	96
3793	127
3794	131
3795	119
3796	125
3797	104
3798	116
3799	126
3800	137
3801	103
3802	127
3803	108
3804	106
3805	132
3806	116
3807	133
3808	121
3809	129
3810	114
3811	113
3812	111
3813	131
3814	123
3815	128
3816	124
3817	121
3818	122
3819	113
3820	102
3821	111
3822	112
3823	126
3824	102
3825	133
3826	131
3827	119
3828	113
3829	132
3830	123
3831	116
3832	103
3833	125
3834	128
3835	132
3836	126
3837	130
3838	109
3839	108
3840	123
3841	137
3842	120
3843	122
3844	117
3845	112
3846	138
3847	132
3848	116
3849	108
3850	112
3851	128
3852	130
3853	123
3854	144
3855	120
3856	114
3857	128
3858	145
3859	123
3860	123
3861	120
3862	145
3863	141
3864	121
3865	126
3866	126
3867	125
3868	121
3869	127
3870	120
3871	112
3872	123
3873	119
3874	139
3875	121
3876	98
3877	138
3878	118
3879	114
3880	124
3881	131
3882	129
3883	131
3884	124
3885	127
3886	116
3887	116
3888	104
3889	116
3890	120
3891	119
3892	124
3893	125
3894	103
3895	101
3896	114
3897	128
3898	90
3899	122
3900	102
3901	88
3902	112
3903	109
3904	100
3905	104
3906	102
3907	99
3908	84
3909	102
3910	81
3911	80
3912	92
3913	75
3914	103
3915	85
3916	78
3917	74
3918	86
3919	92
3920	86
3921	100
3922	90
3923	77
3924	82
3925	63
3926	78
3927	70
3928	82
3929	78
3930	65
3931	67
3932	59
3933	75
3934	69
3935	60
3936	87
3937	80
3938	77
3939	76
3940	76
3941	74
3942	80
3943	66
3944	60
3945	88
3946	76
3947	74
3948	62
3949	69
3950	84
3951	61
3952	69
3953	60
3954	68
3955	61
3956	61
3957	73
3958	59
3959	68
3960	57
3961	68
3962	72
3963	74
3964	63
3965	69
3966	64
3967	79
3968	69
3969	62
3970	69
3971	62
3972	53
3973	83
3974	62
3975	88
3976	75
3977	56
3978	50
3979	57
3980	59
3981	54
3982	62
3983	66
3984	63
3985	73
3986	64
3987	61
3988	63
3989	59
3990	77
3991	69
3992	65
3993	63
3994	57
3995	59
3996	66
3997	53
3998	73
3999	62
4000	74
4001	53
4002	61
4003	53
4004	62
4005	68
4006	59
4007	68
4008	63
4009	62
4010	67
4011	65
4012	72
4013	67
4014	60
4015	58
4016	61
4017	53
4018	59
4019	59
4020	63
4021	63
4022	45
4023	59
4024	80
4025	73
4026	56
4027	56
4028	48
4029	61
4030	60
4031	52
4032	62
4033	64
4034	52
4035	53
4036	65
4037	62
4038	57
4039	42
4040	63
4041	59
4042	64
4043	53
4044	46
4045	69
4046	69
4047	54
4048	47
4049	67
4050	54
4051	63
4052	56
4053	56
4054	45
4055	61
4056	56
4057	80
4058	57
4059	74
4060	51
4061	59
4062	54
4063	58
4064	56
4065	51
4066	66
4067	57
4068	47
4069	64
4070	53
4071	63
4072	66
4073	54
4074	59
4075	50
4076	52
4077	47
4078	59
4079	72
4080	53
4081	64
4082	76
4083	61
4084	66
4085	74
4086	75
4087	67
4088	44
4089	64
4090	43
4091	74
4092	65
4093	62
4094	56
4095	50
4096	48
4097	52
4098	59
4099	44
4100	50
4101	48
4102	47
4103	53
4104	48
4105	41
4106	60
4107	50
4108	44
4109	53
4110	52
4111	50
4112	52
4113	57
4114	47
4115	52
4116	44
4117	52
4118	44
4119	42
4120	47
4121	35
4122	66
4123	45
4124	55
4125	44
4126	58
4127	54
4128	45
4129	53
4130	43
4131	38
4132	47
4133	35
4134	47
4135	51
4136	57
4137	43
4138	49
4139	46
4140	50
4141	56
4142	42
4143	48
4144	39
4145	51
4146	60
4147	40
4148	61
4149	56
4150	51
4151	54
4152	46
4153	43
4154	51
4155	44
4156	44
4157	25
4158	65
4159	35
4160	52
4161	52
4162	45
4163	43
4164	35
4165	42
4166	46
4167	50
4168	53
4169	34
4170	30
4171	42
4172	40
4173	38
4174	39
4175	35
4176	39
4177	36
4178	57
4179	42
4180	44
4181	50
4182	43
4183	51
4184	44
4185	38
4186	42
4187	43
4188	42
4189	38
4190	41
4191	43
4192	49
4193	49
4194	43
4195	55
4196	45
4197	44
4198	55
4199	49
4200	53
4201	42
4202	49
4203	38
4204	46
4205	46
4206	37
4207	41
4208	45
4209	36
4210	48
4211	42
4212	30
4213	37
4214	45
4215	38
4216	41
4217	38
4218	40
4219	35
4220	46
4221	48
4222	38
4223	37
4224	38
4225	39
4226	48
4227	31
4228	34
4229	37
4230	43
4231	34
4232	45
4233	35
4234	34
4235	34
4236	35
4237	43
4238	33
4239	37
4240	37
4241	31
4242	25
4243	37
4244	43
4245	44
4246	33
4247	31
4248	43
4249	33
4250	37
4251	32
4252	40
4253	44
4254	30
4255	31
4256	29
4257	37
4258	23
4259	30
4260	25
4261	48
4262	39
4263	36
4264	26
4265	34
4266	42
4267	34
4268	35
4269	32
4270	33
4271	33
4272	20
4273	31
4274	40
4275	27
4276	26
4277	28
4278	42
4279	46
4280	29
4281	29
4282	31
4283	35
4284	39
4285	27
4286	30
4287	40
4288	31
4289	28
4290	30
4291	28
4292	29
4293	39
4294	33
4295	35
4296	37
4297	30
4298	29
4299	23
4300	25
4301	29
4302	17
4303	37
4304	36
4305	33
4306	28
4307	33
4308	32
4309	27
4310	22
4311	22
4312	23
4313	29
4314	22
4315	43
4316	24
4317	17
4318	29
4319	17
4320	20
4321	23
4322	30
4323	28
4324	28
4325	29
4326	19
4327	25
4328	35
4329	19
4330	30
4331	25
4332	26
4333	25
4334	32
4335	26
4336	21
4337	15
4338	24
4339	27
4340	24
4341	15
4342	32
4343	22
4344	35
4345	22
4346	30
4347	30
4348	29
4349	30
4350	30
4351	23
4352	31
4353	29
4354	31
4355	30
4356	20
4357	24
4358	20
4359	26
4360	22
4361	22
4362	25
4363	23
4364	25
4365	34
4366	30
4367	20
4368	27
4369	21
4370	24
4371	23
4372	31
4373	27
4374	22
4375	23
4376	25
4377	24
4378	27
4379	26
4380	21
4381	26
4382	30
4383	25
4384	28
4385	19
4386	27
4387	19
4388	27
4389	17
4390	22
4391	22
4392	31
4393	16
4394	19
4395	20
4396	20
4397	19
4398	26
4399	21
4400	21
4401	15
4402	22
4403	18
4404	22
4405	22
4406	19
4407	28
4408	28
4409	23
4410	25
4411	22
4412	25
4413	23
4414	13
4415	20
4416	22
4417	24
4418	22
4419	26
4420	20
4421	20
4422	24
4423	23
4424	24
4425	21
4426	23
4427	22
4428	18
4429	16
4430	19
4431	24
4432	18
4433	12
4434	23
4435	18
4436	16
4437	19
4438	15
4439	17
4440	19
4441	22
4442	17
4443	15
4444	21
4445	26
4446	19
4447	23
4448	18
4449	17
4450	17
4451	12
4452	16
4453	17
4454	12
4455	22
4456	20
4457	16
4458	14
4459	19
4460	12
4461	28
4462	25
4463	21
4464	14
4465	17
4466	12
4467	12
4468	16
4469	20
4470	22
4471	14
4472	22
4473	23
4474	27
4475	13
4476	10
4477	24
4478	24
4479	17
4480	13
4481	19
4482	17
4483	19
4484	19
4485	15
4486	15
4487	20
4488	25
4489	21
4490	18
4491	26
4492	16
4493	14
4494	29
4495	18
4496	9
4497	24
4498	16
4499	16
4500	18
4501	19
4502	10
4503	18
4504	18
4505	16
4506	17
4507	8
4508	11
4509	17
4510	19
4511	14
4512	18
4513	18
4514	23
4515	19
4516	14
4517	13
4518	20
4519	18
4520	17
4521	18
4522	19
4523	14
4524	17
4525	14
4526	17
4527	16
4528	20
4529	12
4530	18
4531	19
4532	14
4533	18
4534	22
4535	17
4536	8
4537	17
4538	20
4539	10
4540	12
4541	14
4542	13
4543	23
4544	19
4545	21
4546	24
4547	23
4548	12
4549	10
4550	26
4551	17
4552	21
4553	19
4554	18
4555	11
4556	21
4557	16
4558	20
4559	15
4560	15
4561	15
4562	16
4563	15
4564	20
4565	7
4566	14
4567	18
4568	12
4569	13
4570	17
4571	20
4572	20
4573	18
4574	19
4575	23
4576	15
4577	17
4578	11
4579	20
4580	14
4581	9
4582	9
4583	17
4584	15
4585	20
4586	19
4587	13
4588	16
4589	13
4590	17
4591	17
4592	12
4593	20
4594	13
4595	17
4596	19
4597	14
4598	8
4599	24
4600	15
4601	13
4602	17
4603	19
4604	19
4605	15
4606	21
4607	16
4608	15
4609	7
4610	16
4611	15
4612	20
4613	17
4614	15
4615	6
4616	17
4617	14
4618	17
4619	17
4620	16
4621	23
4622	22
4623	15
4624	15
4625	19
4626	12
4627	13
4628	13
4629	17
4630	12
4631	14
4632	18
4633	15
4634	18
4635	14
4636	14
4637	19
4638	12
4639	11
4640	19
4641	18
4642	14
4643	20
4644	16
4645	9
4646	18
4647	13
4648	13
4649	15
4650	17
4651	15
4652	15
4653	19
4654	15
4655	17
4656	14
4657	15
4658	13
4659	20
4660	15
4661	16
4662	16
4663	22
4664	12
4665	11
4666	16
4667	11
4668	17
4669	13
4670	13
4671	23
4672	20
4673	16
4674	17
4675	19
4676	14
4677	19
4678	12
4679	11
4680	12
4681	17
4682	14
4683	19
4684	14
4685	18
4686	12
4687	11
4688	26
4689	9
4690	22
4691	11
4692	19
4693	14
4694	14
4695	19
4696	10
4697	10
4698	10
4699	4
4700	18
4701	16
4702	13
4703	24
4704	10
4705	11
4706	16
4707	10
4708	23
4709	9
4710	7
4711	16
4712	15
4713	17
4714	10
4715	12
4716	17
4717	19
4718	15
4719	19
4720	18
4721	13
4722	21
4723	15
4724	13
4725	15
4726	16
4727	15
4728	14
4729	17
4730	25
4731	13
4732	20
4733	9
4734	15
4735	15
4736	14
4737	13
4738	12
4739	20
4740	7
4741	16
4742	13
4743	16
4744	17
4745	12
4746	17
4747	8
4748	13
4749	17
4750	20
4751	17
4752	19
4753	16
4754	14
4755	15
4756	16
4757	15
4758	10
4759	24
4760	9
4761	11
4762	12
4763	17
4764	14
4765	12
4766	14
4767	20
4768	11
4769	19
4770	11
4771	12
4772	18
4773	16
4774	10
4775	16
4776	15
4777	23
4778	17
4779	11
4780	8
4781	19
4782	15
4783	14
4784	18
4785	14
4786	17
4787	20
4788	13
4789	20
4790	10
4791	23
4792	12
4793	13
4794	10
4795	11
4796	15
4797	12
4798	9
4799	18
4800	18
4801	14
4802	16
4803	20
4804	10
4805	21
4806	7
4807	11
4808	11
4809	15
4810	14
4811	14
4812	14
4813	12
4814	21
4815	17
4816	17
4817	15
4818	17
4819	22
4820	15
4821	15
4822	25
4823	13
4824	15
4825	21
4826	26
4827	34
4828	49
4829	50
4830	49
4831	71
4832	105
4833	164
4834	268
4835	532
4836	829
4837	1438
4838	2078
4839	2903
4840	3987
4841	4726
4842	5296
4843	5454
4844	4861
4845	4207
4846	3219
4847	2304
4848	1519
4849	797
4850	507
4851	221
4852	112
4853	59
4854	43
4855	21
4856	24
4857	9
4858	26
4859	27
4860	20
4861	17
4862	21
4863	18
4864	23
4865	17
4866	10
4867	22
4868	19
4869	23
4870	21
4871	24
4872	16
4873	13
4874	17
4875	21
4876	16
4877	25
4878	20
4879	19
4880	12
4881	16
4882	20
4883	18
4884	17
4885	17
4886	14
4887	9
4888	17
4889	17
4890	15
4891	14
4892	10
4893	21
4894	12
4895	16
4896	20
4897	14
4898	11
4899	25
4900	12
4901	19
4902	11
4903	22
4904	18
4905	23
4906	13
4907	16
4908	14
4909	9
4910	17
4911	17
4912	11
4913	16
4914	13
4915	16
4916	12
4917	14
4918	14
4919	9
4920	12
4921	12
4922	15
4923	17
4924	11
4925	16
4926	19
4927	9
4928	11
4929	20
4930	21
4931	12
4932	12
4933	16
4934	21
4935	18
4936	19
4937	9
4938	16
4939	14
4940	17
4941	14
4942	21
4943	15
4944	14
4945	8
4946	18
4947	15
4948	15
4949	14
4950	16
4951	11
4952	13
4953	8
4954	12
4955	12
4956	19
4957	13
4958	14
4959	11
4960	12
4961	6
4962	15
4963	12
4964	14
4965	12
4966	17
4967	16
4968	12
4969	18
4970	15
4971	10
4972	14
4973	11
4974	9
4975	9
4976	15
4977	13
4978	10
4979	11
4980	14
4981	11
4982	16
4983	23
4984	11
4985	10
4986	18
4987	13
4988	12
4989	10
4990	10
4991	9
4992	17
4993	9
4994	14
4995	10
4996	9
4997	10
4998	15
4999	19
5000	11
5001	12
5002	18
5003	11
5004	10
5005	17
5006	13
5007	19
5008	15
5009	11
5010	17
5011	15
5012	17
5013	17
5014	9
5015	13
5016	7
5017	10
5018	14
5019	15
5020	17
5021	4
5022	8
5023	12
5024	11
5025	8
5026	9
5027	11
5028	10
5029	7
5030	8
5031	13
5032	9
5033	12
5034	14
5035	14
5036	13
5037	11
5038	17
5039	9
5040	15
5041	5
5042	15
5043	13
5044	8
5045	13
5046	9
5047	8
5048	7
5049	13
5050	10
5051	15
5052	16
5053	15
5054	11
5055	12
5056	17
5057	12
5058	7
5059	13
5060	11
5061	9
5062	11
5063	16
5064	8
5065	9
5066	14
5067	12
5068	9
5069	4
5070	8
5071	15
5072	10
5073	11
5074	16
5075	9
5076	13
5077	11
5078	15
5079	13
5080	16
5081	10
5082	13
5083	11
5084	10
5085	14
5086	6
5087	11
5088	8
5089	13
5090	11
5091	9
5092	12
5093	10
5094	9
5095	14
5096	5
5097	16
5098	11
5099	7
5100	10
5101	12
5102	11
5103	9
5104	8
5105	11
5106	14
5107	10
5108	10
5109	17
5110	7
5111	8
5112	12
5113	15
5114	8
5115	18
5116	14
5117	14
5118	17
5119	6
5120	9
5121	6
5122	14
5123	8
5124	11
5125	15
5126	6
5127	10
5128	10
5129	17
5130	11
5131	9
5132	11
5133	19
5134	11
5135	9
5136	8
5137	14
5138	17
5139	9
5140	14
5141	13
5142	13
5143	12
5144	13
5145	9
5146	7
5147	12
5148	13
5149	21
5150	12
5151	12
5152	8
5153	11
5154	10
5155	9
5156	13
5157	11
5158	15
5159	8
5160	13
5161	14
5162	9
5163	10
5164	11
5165	20
5166	15
5167	9
5168	12
5169	12
5170	24
5171	25
5172	16
5173	16
5174	13
5175	25
5176	21
5177	11
5178	12
5179	13
5180	20
5181	16
5182	20
5183	11
5184	17
5185	13
5186	11
5187	13
5188	16
5189	10
5190	14
5191	10
5192	12
5193	9
5194	11
5195	8
5196	9
5197	14
5198	10
5199	9
5200	5
5201	10
5202	11
5203	5
5204	15
5205	14
5206	13
5207	7
5208	13
5209	4
5210	8
5211	15
5212	9
5213	12
5214	15
5215	7
5216	13
5217	9
5218	12
5219	14
5220	14
5221	7
5222	9
5223	6
5224	9
5225	9
5226	16
5227	10
5228	11
5229	7
5230	11
5231	10
5232	14
5233	11
5234	8
5235	7
5236	9
5237	7
5238	10
5239	7
5240	8
5241	5
5242	9
5243	14
5244	9
5245	6
5246	6
5247	5
5248	5
5249	11
5250	11
5251	10
5252	10
5253	6
5254	13
5255	8
5256	19
5257	13
5258	5
5259	12
5260	11
5261	9
5262	6
5263	7
5264	6
5265	10
5266	7
5267	5
5268	12
5269	4
5270	5
5271	14
5272	5
5273	6
5274	10
5275	15
5276	15
5277	5
5278	7
5279	4
5280	13
5281	10
5282	10
5283	7
5284	14
5285	8
5286	8
5287	14
5288	6
5289	8
5290	11
5291	11
5292	14
5293	10
5294	8
5295	12
5296	6
5297	10
5298	19
5299	12
5300	11
5301	8
5302	13
5303	11
5304	14
5305	9
5306	8
5307	10
5308	20
5309	11
5310	12
5311	9
5312	10
5313	14
5314	9
5315	10
5316	7
5317	5
5318	8
5319	12
5320	9
5321	8
5322	15
5323	9
5324	8
5325	5
5326	8
5327	10
5328	9
5329	9
5330	11
5331	6
5332	8
5333	13
5334	11
5335	6
5336	10
5337	9
5338	6
5339	8
5340	15
5341	10
5342	9
5343	8
5344	8
5345	8
5346	11
5347	16
5348	5
5349	7
5350	13
5351	12
5352	7
5353	11
5354	12
5355	7
5356	10
5357	5
5358	8
5359	8
5360	6
5361	7
5362	13
5363	6
5364	7
5365	10
5366	7
5367	7
5368	7
5369	9
5370	9
5371	5
5372	11
5373	10
5374	9
5375	8
5376	11
5377	3
5378	8
5379	7
5380	9
5381	9
5382	6
5383	12
5384	8
5385	6
5386	4
5387	8
5388	11
5389	8
5390	15
5391	8
5392	12
5393	9
5394	5
5395	10
5396	13
5397	8
5398	8
5399	11
5400	13
5401	9
5402	6
5403	7
5404	9
5405	11
5406	10
5407	8
5408	9
5409	10
5410	8
5411	7
5412	10
5413	11
5414	14
5415	11
5416	8
5417	5
5418	13
5419	7
5420	8
5421	10
5422	8
5423	7
5424	12
5425	8
5426	10
5427	7
5428	10
5429	8
5430	6
5431	4
5432	7
5433	12
5434	10
5435	8
5436	7
5437	9
5438	9
5439	13
5440	7
5441	11
5442	10
5443	8
5444	10
5445	9
5446	7
5447	8
5448	9
5449	7
5450	12
5451	19
5452	12
5453	8
5454	7
5455	9
5456	7
5457	6
5458	7
5459	12
5460	10
5461	12
5462	12
5463	11
5464	5
5465	10
5466	9
5467	6
5468	9
5469	8
5470	9
5471	11
5472	11
5473	15
5474	7
5475	13
5476	5
5477	16
5478	8
5479	10
5480	6
5481	6
5482	9
5483	9
5484	18
5485	5
5486	10
5487	6
5488	5
5489	6
5490	2
5491	14
5492	13
5493	7
5494	7
5495	14
5496	11
5497	8
5498	11
5499	7
5500	6
5501	8
5502	10
5503	10
5504	10
5505	16
5506	11
5507	9
5508	7
5509	11
5510	11
5511	7
5512	9
5513	7
5514	10
5515	9
5516	9
5517	6
5518	11
5519	6
5520	9
5521	5
5522	11
5523	9
5524	7
5525	4
5526	7
5527	14
5528	11
5529	10
5530	8
5531	12
5532	8
5533	11
5534	3
5535	4
5536	12
5537	6
5538	12
5539	9
5540	7
5541	3
5542	9
5543	7
5544	5
5545	8
5546	10
5547	13
5548	10
5549	6
5550	6
5551	4
5552	6
5553	5
5554	11
5555	8
5556	7
5557	5
5558	8
5559	8
5560	7
5561	7
5562	7
5563	6
5564	8
5565	9
5566	8
5567	11
5568	11
5569	14
5570	9
5571	4
5572	5
5573	7
5574	8
5575	10
5576	8
5577	3
5578	16
5579	5
5580	12
5581	8
5582	9
5583	12
5584	11
5585	14
5586	3
5587	7
5588	12
5589	8
5590	6
5591	12
5592	6
5593	11
5594	9
5595	8
5596	7
5597	5
5598	7
5599	6
5600	6
5601	10
5602	11
5603	15
5604	5
5605	8
5606	12
5607	7
5608	10
5609	8
5610	10
5611	13
5612	8
5613	12
5614	8
5615	5
5616	9
5617	12
5618	4
5619	9
5620	6
5621	12
5622	12
5623	6
5624	7
5625	8
5626	13
5627	7
5628	4
5629	10
5630	7
5631	7
5632	11
5633	13
5634	13
5635	8
5636	5
5637	10
5638	8
5639	6
5640	9
5641	9
5642	11
5643	13
5644	10
5645	10
5646	6
5647	5
5648	7
5649	12
5650	8
5651	10
5652	10
5653	10
5654	7
5655	6
5656	8
5657	10
5658	8
5659	8
5660	11
5661	11
5662	8
5663	7
5664	17
5665	11
5666	6
5667	14
5668	12
5669	16
5670	5
5671	14
5672	10
5673	7
5674	6
5675	13
5676	11
5677	8
5678	9
5679	7
5680	5
5681	10
5682	12
5683	10
5684	15
5685	6
5686	11
5687	6
5688	11
5689	3
5690	12
5691	11
5692	16
5693	4
5694	9
5695	7
5696	9
5697	10
5698	11
5699	10
5700	10
5701	7
5702	13
5703	11
5704	6
5705	12
5706	6
5707	5
5708	7
5709	7
5710	8
5711	4
5712	8
5713	7
5714	4
5715	9
5716	7
5717	10
5718	13
5719	8
5720	8
5721	10
5722	10
5723	15
5724	10
5725	6
5726	9
5727	12
5728	11
5729	3
5730	18
5731	22
5732	14
5733	15
5734	16
5735	14
5736	17
5737	18
5738	17
5739	17
5740	20
5741	19
5742	6
5743	11
5744	10
5745	7
5746	10
5747	9
5748	9
5749	7
5750	8
5751	8
5752	11
5753	7
5754	13
5755	7
5756	6
5757	4
5758	9
5759	8
5760	5
5761	6
5762	7
5763	13
5764	11
5765	8
5766	8
5767	11
5768	21
5769	7
5770	7
5771	7
5772	9
5773	7
5774	6
5775	7
5776	10
5777	8
5778	11
5779	12
5780	3
5781	13
5782	8
5783	8
5784	8
5785	8
5786	13
5787	9
5788	10
5789	6
5790	5
5791	10
5792	11
5793	4
5794	11
5795	2
5796	8
5797	9
5798	11
5799	6
5800	5
5801	3
5802	9
5803	8
5804	7
5805	12
5806	5
5807	8
5808	6
5809	11
5810	8
5811	3
5812	10
5813	7
5814	6
5815	4
5816	8
5817	12
5818	9
5819	4
5820	7
5821	6
5822	9
5823	5
5824	9
5825	4
5826	3
5827	5
5828	5
5829	9
5830	5
5831	8
5832	3
5833	9
5834	8
5835	5
5836	8
5837	5
5838	8
5839	10
5840	7
5841	10
5842	8
5843	9
5844	7
5845	13
5846	10
5847	6
5848	5
5849	5
5850	12
5851	8
5852	7
5853	5
5854	7
5855	7
5856	8
5857	5
5858	10
5859	5
5860	10
5861	4
5862	9
5863	9
5864	12
5865	6
5866	4
5867	9
5868	12
5869	11
5870	12
5871	5
5872	9
5873	10
5874	7
5875	6
5876	3
5877	6
5878	5
5879	7
5880	7
5881	10
5882	7
5883	7
5884	4
5885	5
5886	11
5887	9
5888	6
5889	10
5890	6
5891	11
5892	5
5893	10
5894	6
5895	6
5896	8
5897	7
5898	5
5899	10
5900	8
5901	3
5902	8
5903	8
5904	5
5905	5
5906	6
5907	4
5908	7
5909	11
5910	7
5911	11
5912	4
5913	5
5914	5
5915	5
5916	9
5917	3
5918	10
5919	5
5920	11
5921	11
5922	12
5923	4
5924	8
5925	6
5926	13
5927	6
5928	5
5929	6
5930	9
5931	4
5932	9
5933	7
5934	8
5935	8
5936	8
5937	5
5938	2
5939	8
5940	7
5941	8
5942	8
5943	3
5944	6
5945	16
5946	8
5947	7
5948	6
5949	8
5950	14
5951	4
5952	6
5953	13
5954	6
5955	9
5956	5
5957	6
5958	7
5959	6
5960	12
5961	14
5962	5
5963	5
5964	6
5965	8
5966	5
5967	4
5968	4
5969	3
5970	6
5971	7
5972	10
5973	6
5974	4
5975	8
5976	6
5977	8
5978	1
5979	5
5980	5
5981	8
5982	12
5983	9
5984	6
5985	2
5986	4
5987	6
5988	3
5989	15
5990	7
5991	7
5992	8
5993	8
5994	5
5995	10
5996	4
5997	11
5998	7
5999	9
6000	8
6001	7
6002	10
6003	9
6004	5
6005	10
6006	7
6007	5
6008	9
6009	9
6010	9
6011	2
6012	11
6013	7
6014	7
6015	5
6016	8
6017	5
6018	7
6019	6
6020	3
6021	6
6022	9
6023	7
6024	5
6025	5
6026	3
6027	5
6028	4
6029	3
6030	7
6031	11
6032	6
6033	4
6034	9
6035	2
6036	10
6037	5
6038	9
6039	5
6040	12
6041	7
6042	6
6043	6
6044	9
6045	5
6046	5
6047	6
6048	6
6049	6
6050	5
6051	7
6052	6
6053	9
6054	9
6055	5
6056	6
6057	5
6058	4
6059	9
6060	8
6061	5
6062	10
6063	9
6064	7
6065	5
6066	5
6067	4
6068	8
6069	11
6070	10
6071	10
6072	8
6073	5
6074	6
6075	9
6076	10
6077	5
6078	11
6079	4
6080	14
6081	8
6082	6
6083	8
6084	6
6085	6
6086	8
6087	7
6088	12
6089	6
6090	9
6091	5
6092	6
6093	10
6094	4
6095	7
6096	8
6097	3
6098	2
6099	9
6100	5
6101	6
6102	2
6103	7
6104	6
6105	9
6106	7
6107	6
6108	8
6109	7
6110	6
6111	10
6112	9
6113	9
6114	11
6115	5
6116	4
6117	7
6118	5
6119	6
6120	8
6121	12
6122	7
6123	8
6124	9
6125	5
6126	8
6127	8
6128	3
6129	7
6130	14
6131	9
6132	6
6133	4
6134	5
6135	8
6136	8
6137	6
6138	5
6139	8
6140	11
6141	7
6142	8
6143	10
6144	9
6145	11
6146	7
6147	7
6148	8
6149	8
6150	15
6151	5
6152	8
6153	12
6154	2
6155	7
6156	6
6157	8
6158	10
6159	2
6160	5
6161	5
6162	7
6163	10
6164	5
6165	3
6166	5
6167	6
6168	10
6169	8
6170	12
6171	6
6172	4
6173	9
6174	6
6175	11
6176	7
6177	4
6178	8
6179	3
6180	7
6181	8
6182	5
6183	12
6184	9
6185	10
6186	9
6187	7
6188	13
6189	9
6190	7
6191	11
6192	7
6193	5
6194	5
6195	9
6196	4
6197	3
6198	11
6199	10
6200	5
6201	12
6202	6
6203	8
6204	6
6205	4
6206	7
6207	7
6208	2
6209	7
6210	7
6211	3
6212	6
6213	10
6214	9
6215	8
6216	4
6217	4
6218	7
6219	9
6220	5
6221	7
6222	12
6223	8
6224	6
6225	12
6226	7
6227	5
6228	5
6229	6
6230	10
6231	11
6232	11
6233	5
6234	9
6235	10
6236	7
6237	6
6238	10
6239	12
6240	3
6241	8
6242	6
6243	11
6244	5
6245	7
6246	3
6247	8
6248	9
6249	3
6250	8
6251	5
6252	8
6253	10
6254	5
6255	5
6256	9
6257	7
6258	8
6259	12
6260	7
6261	9
6262	11
6263	4
6264	4
6265	7
6266	10
6267	6
6268	7
6269	6
6270	15
6271	7
6272	12
6273	7
6274	7
6275	3
6276	4
6277	8
6278	11
6279	6
6280	7
6281	6
6282	7
6283	8
6284	11
6285	10
6286	9
6287	8
6288	9
6289	10
6290	12
6291	8
6292	8
6293	8
6294	5
6295	7
6296	7
6297	7
6298	6
6299	5
6300	3
6301	8
6302	8
6303	6
6304	9
6305	5
6306	7
6307	6
6308	7
6309	3
6310	8
6311	7
6312	7
6313	8
6314	9
6315	7
6316	6
6317	5
6318	11
6319	8
6320	8
6321	10
6322	7
6323	8
6324	4
6325	4
6326	11
6327	6
6328	9
6329	5
6330	10
6331	3
6332	8
6333	11
6334	4
6335	7
6336	5
6337	6
6338	7
6339	6
6340	14
6341	6
6342	11
6343	7
6344	3
6345	13
6346	8
6347	8
6348	9
6349	9
6350	7
6351	10
6352	8
6353	9
6354	8
6355	6
6356	9
6357	9
6358	9
6359	6
6360	6
6361	11
6362	6
6363	7
6364	7
6365	8
6366	8
6367	10
6368	7
6369	7
6370	10
6371	11
6372	5
6373	8
6374	9
6375	9
6376	10
6377	13
6378	6
6379	8
6380	10
6381	8
6382	16
6383	10
6384	7
6385	7
6386	4
6387	8
6388	7
6389	7
6390	7
6391	6
6392	11
6393	1
6394	9
6395	4
6396	9
6397	7
6398	9
6399	5
6400	11
6401	12
6402	4
6403	6
6404	5
6405	6
6406	6
6407	19
6408	5
6409	8
6410	8
6411	5
6412	9
6413	12
6414	11
6415	7
6416	4
6417	8
6418	9
6419	7
6420	13
6421	5
6422	5
6423	9
6424	11
6425	10
6426	13
6427	9
6428	4
6429	5
6430	17
6431	6
6432	7
6433	5
6434	5
6435	12
6436	9
6437	8
6438	9
6439	9
6440	7
6441	5
6442	5
6443	5
6444	6
6445	11
6446	11
6447	8
6448	9
6449	5
6450	4
6451	4
6452	7
6453	8
6454	5
6455	8
6456	8
6457	11
6458	10
6459	4
6460	6
6461	5
6462	7
6463	6
6464	7
6465	7
6466	10
6467	14
6468	9
6469	11
6470	4
6471	4
6472	10
6473	9
6474	15
6475	5
6476	8
6477	11
6478	4
6479	7
6480	9
6481	12
6482	4
6483	5
6484	5
6485	2
6486	8
6487	6
6488	4
6489	7
6490	11
6491	6
6492	8
6493	5
6494	10
6495	7
6496	12
6497	8
6498	6
6499	11
6500	5
6501	10
6502	7
6503	5
6504	9
6505	10
6506	9
6507	6
6508	6
6509	11
6510	6
6511	6
6512	13
6513	6
6514	9
6515	6
6516	4
6517	8
6518	11
6519	7
6520	4
6521	13
6522	15
6523	8
6524	8
6525	10
6526	7
6527	8
6528	10
6529	8
6530	10
6531	5
6532	12
6533	8
6534	8
6535	9
6536	6
6537	13
6538	7
6539	6
6540	11
6541	4
6542	6
6543	4
6544	7
6545	10
6546	9
6547	11
6548	6
6549	4
6550	8
6551	14
6552	8
6553	6
6554	5
6555	6
6556	8
6557	8
6558	6
6559	8
6560	9
6561	14
6562	15
6563	9
6564	8
6565	6
6566	10
6567	9
6568	18
6569	9
6570	13
6571	14
6572	10
6573	3
6574	18
6575	4
6576	9
6577	9
6578	8
6579	9
6580	10
6581	4
6582	13
6583	7
6584	8
6585	10
6586	7
6587	3
6588	9
6589	12
6590	6
6591	6
6592	3
6593	8
6594	9
6595	10
6596	8
6597	7
6598	7
6599	8
6600	9
6601	4
6602	11
6603	4
6604	13
6605	13
6606	5
6607	5
6608	10
6609	2
6610	7
6611	13
6612	6
6613	5
6614	9
6615	3
6616	10
6617	6
6618	6
6619	3
6620	7
6621	7
6622	5
6623	6
6624	10
6625	5
6626	8
6627	5
6628	5
6629	13
6630	7
6631	3
6632	9
6633	4
6634	11
6635	6
6636	9
6637	12
6638	5
6639	5
6640	7
6641	9
6642	10
6643	8
6644	8
6645	9
6646	4
6647	6
6648	3
6649	6
6650	8
6651	10
6652	9
6653	5
6654	5
6655	8
6656	3
6657	6
6658	6
6659	13
6660	6
6661	5
6662	3
6663	7
6664	8
6665	7
6666	7
6667	8
6668	6
6669	8
6670	6
6671	3
6672	6
6673	12
6674	7
6675	7
6676	7
6677	9
6678	3
6679	8
6680	12
6681	4
6682	12
6683	8
6684	5
6685	3
6686	8
6687	8
6688	4
6689	11
6690	11
6691	6
6692	5
6693	11
6694	4
6695	7
6696	2
6697	14
6698	7
6699	7
6700	6
6701	8
6702	8
6703	3
6704	4
6705	4
6706	10
6707	5
6708	6
6709	6
6710	2
6711	7
6712	8
6713	7
6714	8
6715	6
6716	11
6717	5
6718	7
6719	2
6720	7
6721	3
6722	9
6723	8
6724	7
6725	10
6726	7
6727	9
6728	6
6729	7
6730	6
6731	3
6732	3
6733	7
6734	5
6735	3
6736	8
6737	5
6738	12
6739	10
6740	4
6741	11
6742	4
6743	4
6744	5
6745	5
6746	7
6747	10
6748	6
6749	6
6750	8
6751	7
6752	3
6753	5
6754	7
6755	3
6756	3
6757	5
6758	6
6759	7
6760	4
6761	5
6762	6
6763	7
6764	6
6765	6
6766	11
6767	6
6768	4
6769	6
6770	8
6771	3
6772	7
6773	7
6774	5
6775	3
6776	9
6777	7
6778	2
6779	7
6780	15
6781	3
6782	12
6783	2
6784	10
6785	9
6786	2
6787	9
6788	2
6789	5
6790	5
6791	8
6792	2
6793	3
6794	9
6795	3
6796	5
6797	1
6798	8
6799	4
6800	6
6801	6
6802	6
6803	7
6804	6
6805	9
6806	12
6807	6
6808	10
6809	4
6810	4
6811	5
6812	6
6813	6
6814	1
6815	5
6816	5
6817	8
6818	4
6819	4
6820	10
6821	10
6822	8
6823	11
6824	6
6825	6
6826	10
6827	6
6828	7
6829	8
6830	7
6831	6
6832	6
6833	7
6834	6
6835	4
6836	7
6837	6
6838	5
6839	5
6840	5
6841	9
6842	8
6843	9
6844	12
6845	6
6846	3
6847	9
6848	3
6849	9
6850	7
6851	2
6852	8
6853	12
6854	10
6855	6
6856	10
6857	11
6858	7
6859	8
6860	9
6861	8
6862	9
6863	10
6864	6
6865	7
6866	8
6867	7
6868	7
6869	8
6870	8
6871	6
6872	7
6873	11
6874	10
6875	6
6876	12
6877	6
6878	9
6879	5
6880	7
6881	9
6882	5
6883	4
6884	11
6885	3
6886	10
6887	6
6888	8
6889	4
6890	6
6891	4
6892	8
6893	7
6894	7
6895	3
6896	4
6897	5
6898	5
6899	6
6900	4
6901	7
6902	7
6903	6
6904	5
6905	9
6906	7
6907	6
6908	2
6909	5
6910	3
6911	5
6912	7
6913	6
6914	13
6915	13
6916	6
6917	9
6918	8
6919	5
6920	11
6921	8
6922	9
6923	9
6924	6
6925	7
6926	3
6927	11
6928	8
6929	7
6930	7
6931	8
6932	9
6933	3
6934	5
6935	7
6936	5
6937	1
6938	8
6939	9
6940	2
6941	6
6942	8
6943	5
6944	10
6945	7
6946	3
6947	8
6948	8
6949	7
6950	9
6951	7
6952	5
6953	19
6954	4
6955	10
6956	5
6957	3
6958	7
6959	9
6960	4
6961	7
6962	2
6963	6
6964	9
6965	13
6966	15
6967	6
6968	5
6969	12
6970	14
6971	10
6972	7
6973	7
6974	6
6975	8
6976	6
6977	4
6978	9
6979	8
6980	7
6981	11
6982	7
6983	6
6984	5
6985	10
6986	14
6987	9
6988	8
6989	8
6990	10
6991	6
6992	2
6993	8
6994	9
6995	12
6996	11
6997	10
6998	8
6999	9
7000	5
7001	4
7002	5
7003	6
7004	7
7005	6
7006	9
7007	6
7008	9
7009	5
7010	10
7011	11
7012	11
7013	5
7014	6
7015	10
7016	7
7017	8
7018	9
7019	3
7020	4
7021	10
7022	7
7023	8
7024	13
7025	6
7026	10
7027	10
7028	7
7029	11
7030	9
7031	8
7032	11
7033	4
7034	5
7035	8
7036	6
7037	7
7038	5
7039	10
7040	7
7041	7
7042	10
7043	4
7044	4
7045	4
7046	7
7047	9
7048	8
7049	6
7050	5
7051	3
7052	9
7053	3
7054	6
7055	6
7056	5
7057	6
7058	4
7059	8
7060	9
7061	3
7062	6
7063	4
7064	2
7065	2
7066	9
7067	8
7068	5
7069	2
7070	5
7071	4
7072	4
7073	4
7074	7
7075	1
7076	5
7077	4
7078	2
7079	9
7080	6
7081	5
7082	4
7083	3
7084	6
7085	2
7086	5
7087	5
7088	3
7089	3
7090	4
7091	4
7092	3
7093	4
7094	2
7095	5
7096	5
7097	4
7098	4
7099	2
7100	3
7101	4
7102	8
7103	3
7104	6
7105	6
7106	2
7107	4
7108	6
7109	4
7110	7
7111	4
7112	5
7113	5
7114	3
7115	5
7116	5
7117	11
7118	1
7119	3
7120	9
7121	5
7122	6
7123	7
7124	8
7125	3
7126	4
7127	4
7128	3
7129	6
7130	1
7131	1
7132	3
7133	2
7134	5
7135	3
7136	4
7137	5
7138	5
7139	4
7140	1
7141	3
7142	6
7143	7
7144	5
7145	1
7146	2
7147	8
7148	4
7149	8
7150	3
7151	8
7152	3
7153	2
7154	2
7155	2
7156	3
7157	2
7158	2
7159	2
7160	3
7161	5
7162	8
7163	5
7164	0
7165	5
7166	9
7167	4
7168	2
7169	5
7170	10
7171	4
7172	6
7173	4
7174	4
7175	5
7176	5
7177	1
7178	3
7179	6
7180	4
7181	4
7182	9
7183	4
7184	6
7185	5
7186	7
7187	3
7188	5
7189	1
7190	4
7191	6
7192	6
7193	10
7194	3
7195	4
7196	3
7197	4
7198	4
7199	5
7200	4
7201	2
7202	5
7203	4
7204	6
7205	3
7206	3
7207	3
7208	5
7209	3
7210	4
7211	6
7212	5
7213	5
7214	7
7215	4
7216	6
7217	2
7218	1
7219	6
7220	8
7221	5
7222	9
7223	3
7224	0
7225	8
7226	6
7227	5
7228	2
7229	4
7230	0
7231	3
7232	2
7233	5
7234	6
7235	2
7236	6
7237	2
7238	5
7239	2
7240	2
7241	5
7242	6
7243	3
7244	2
7245	6
7246	6
7247	1
7248	6
7249	3
7250	4
7251	2
7252	1
7253	4
7254	3
7255	2
7256	4
7257	2
7258	1
7259	2
7260	4
7261	2
7262	4
7263	1
7264	5
7265	5
7266	3
7267	3
7268	5
7269	8
7270	3
7271	6
7272	3
7273	3
7274	3
7275	5
7276	5
7277	5
7278	4
7279	5
7280	5
7281	2
7282	2
7283	4
7284	2
7285	7
7286	5
7287	4
7288	2
7289	5
7290	5
7291	2
7292	4
7293	2
7294	1
7295	7
7296	4
7297	3
7298	3
7299	6
7300	3
7301	4
7302	3
7303	4
7304	1
7305	0
7306	1
7307	2
7308	5
7309	4
7310	6
7311	4
7312	3
7313	3
7314	11
7315	5
7316	4
7317	6
7318	7
7319	4
7320	1
7321	4
7322	5
7323	2
7324	4
7325	2
7326	3
7327	0
7328	3
7329	6
7330	2
7331	5
7332	3
7333	2
7334	3
7335	5
7336	1
7337	1
7338	1
7339	2
7340	5
7341	3
7342	6
7343	1
7344	4
7345	4
7346	1
7347	2
7348	0
7349	4
7350	7
7351	6
7352	4
7353	1
7354	6
7355	4
7356	1
7357	3
7358	3
7359	4
7360	5
7361	0
7362	4
7363	4
7364	2
7365	2
7366	4
7367	6
7368	4
7369	0
7370	2
7371	1
7372	4
7373	5
7374	3
7375	1
7376	1
7377	6
7378	3
7379	3
7380	4
7381	2
7382	1
7383	3
7384	0
7385	2
7386	3
7387	5
7388	7
7389	2
7390	0
7391	0
7392	4
7393	6
7394	2
7395	2
7396	4
7397	8
7398	4
7399	3
7400	4
7401	5
7402	2
7403	5
7404	3
7405	4
7406	4
7407	1
7408	5
7409	5
7410	3
7411	0
7412	0
7413	3
7414	1
7415	3
7416	6
7417	3
7418	1
7419	3
7420	4
7421	3
7422	1
7423	3
7424	6
7425	3
7426	2
7427	6
7428	1
7429	5
7430	3
7431	4
7432	3
7433	10
7434	9
7435	15
7436	15
7437	15
7438	30
7439	55
7440	51
7441	51
7442	56
7443	75
7444	86
7445	56
7446	65
7447	60
7448	50
7449	33
7450	26
7451	22
7452	18
7453	10
7454	6
7455	4
7456	1
7457	3
7458	4
7459	4
7460	3
7461	1
7462	2
7463	2
7464	6
7465	2
7466	2
7467	2
7468	3
7469	2
7470	1
7471	3
7472	3
7473	4
7474	1
7475	1
7476	0
7477	4
7478	3
7479	3
7480	2
7481	1
7482	2
7483	2
7484	3
7485	2
7486	2
7487	0
7488	3
7489	3
7490	5
7491	2
7492	1
7493	0
7494	2
7495	3
7496	1
7497	4
7498	0
7499	2
7500	1
7501	2
7502	0
7503	1
7504	1
7505	5
7506	3
7507	2
7508	0
7509	0
7510	1
7511	2
7512	0
7513	4
7514	1
7515	2
7516	3
7517	1
7518	1
7519	2
7520	2
7521	2
7522	1
7523	0
7524	1
7525	0
7526	5
7527	0
7528	2
7529	3
7530	2
7531	0
7532	1
7533	1
7534	1
7535	2
7536	0
7537	1
7538	1
7539	1
7540	1
7541	4
7542	0
7543	1
7544	2
7545	4
7546	3
7547	2
7548	2
7549	2
7550	1
7551	1
7552	1
7553	3
7554	0
7555	1
7556	1
7557	1
7558	2
7559	2
7560	0
7561	0
7562	1
7563	2
7564	1
7565	4
7566	2
7567	0
7568	4
7569	2
7570	0
7571	1
7572	1
7573	5
7574	1
7575	1
7576	1
7577	1
7578	2
7579	1
7580	1
7581	1
7582	2
7583	1
7584	0
7585	3
7586	1
7587	2
7588	3
7589	3
7590	2
7591	0
7592	1
7593	0
7594	0
7595	6
7596	2
7597	2
7598	2
7599	0
7600	0
7601	2
7602	2
7603	3
7604	3
7605	1
7606	1
7607	0
7608	2
7609	2
7610	2
7611	0
7612	1
7613	0
7614	1
7615	1
7616	2
7617	0
7618	2
7619	2
7620	1
7621	1
7622	2
7623	3
7624	0
7625	1
7626	1
7627	1
7628	0
7629	1
7630	0
7631	3
7632	1
7633	1
7634	2
7635	1
7636	3
7637	1
7638	0
7639	1
7640	3
7641	2
7642	0
7643	2
7644	1
7645	1
7646	0
7647	1
7648	0
7649	3
7650	0
7651	1
7652	1
7653	0
7654	3
7655	1
7656	0
7657	1
7658	0
7659	0
7660	1
7661	0
7662	1
7663	2
7664	1
7665	2
7666	1
7667	2
7668	2
7669	0
7670	0
7671	2
7672	0
7673	1
7674	1
7675	0
7676	2
7677	1
7678	3
7679	2
7680	2
7681	1
7682	1
7683	1
7684	4
7685	0
7686	0
7687	0
7688	0
7689	2
7690	1
7691	2
7692	2
7693	4
7694	1
7695	1
7696	0
7697	1
7698	1
7699	3
7700	0
7701	1
7702	2
7703	1
7704	2
7705	0
7706	1
7707	2
7708	0
7709	0
7710	1
7711	1
7712	3
7713	0
7714	2
7715	0
7716	1
7717	0
7718	0
7719	0
7720	1
7721	1
7722	3
7723	1
7724	1
7725	0
7726	2
7727	1
7728	1
7729	2
7730	1
7731	0
7732	0
7733	1
7734	0
7735	1
7736	0
7737	1
7738	0
7739	1
7740	0
7741	1
7742	1
7743	1
7744	1
7745	4
7746	2
7747	0
7748	2
7749	0
7750	2
7751	0
7752	0
7753	2
7754	1
7755	1
7756	3
7757	0
7758	0
7759	0
7760	2
7761	1
7762	0
7763	1
7764	1
7765	2
7766	2
7767	0
7768	0
7769	1
7770	1
7771	0
7772	1
7773	0
7774	0
7775	2
7776	2
7777	1
7778	3
7779	2
7780	3
7781	0
7782	0
7783	2
7784	3
7785	1
7786	2
7787	1
7788	2
7789	0
7790	2
7791	1
7792	0
7793	1
7794	1
7795	1
7796	1
7797	1
7798	0
7799	1
7800	0
7801	1
7802	1
7803	2
7804	0
7805	1
7806	1
7807	3
7808	0
7809	0
7810	0
7811	0
7812	0
7813	0
7814	1
7815	2
7816	1
7817	0
7818	0
7819	2
7820	2
7821	1
7822	0
7823	0
7824	5
7825	1
7826	2
7827	2
7828	1
7829	0
7830	0
7831	0
7832	3
7833	0
7834	0
7835	1
7836	0
7837	0
7838	0
7839	1
7840	0
7841	1
7842	0
7843	0
7844	2
7845	0
7846	0
7847	1
7848	2
7849	0
7850	0
7851	0
7852	1
7853	0
7854	1
7855	2
7856	0
7857	0
7858	1
7859	0
7860	1
7861	1
7862	0
7863	0
7864	0
7865	2
7866	0
7867	2
7868	1
7869	2
7870	1
7871	0
7872	0
7873	0
7874	0
7875	0
7876	1
7877	0
7878	1
7879	0
7880	0
7881	1
7882	0
7883	3
7884	1
7885	0
7886	1
7887	3
7888	2
7889	2
7890	0
7891	3
7892	0
7893	0
7894	1
7895	0
7896	1
7897	1
7898	0
7899	1
7900	0
7901	0
7902	0
7903	1
7904	0
7905	3
7906	1
7907	0
7908	0
7909	1
7910	0
7911	1
7912	0
7913	1
7914	0
7915	1
7916	1
7917	1
7918	1
7919	3
7920	1
7921	0
7922	1
7923	1
7924	2
7925	1
7926	0
7927	0
7928	2
7929	1
7930	0
7931	1
7932	2
7933	1
7934	2
7935	1
7936	1
7937	1
7938	3
7939	1
7940	3
7941	0
7942	0
7943	1
7944	0
7945	1
7946	1
7947	1
7948	2
7949	1
7950	1
7951	0
7952	0
7953	1
7954	0
7955	1
7956	0
7957	1
7958	0
7959	1
7960	1
7961	0
7962	1
7963	0
7964	1
7965	1
7966	0
7967	0
7968	0
7969	0
7970	0
7971	0
7972	0
7973	0
7974	0
7975	0
7976	4
7977	0
7978	0
7979	1
7980	1
7981	1
7982	1
7983	2
7984	0
7985	1
7986	0
7987	1
7988	0
7989	0
7990	1
7991	0
7992	0
7993	1
7994	1
7995	1
7996	0
7997	1
7998	0
7999	1
8000	3
8001	1
8002	1
8003	0
8004	0
8005	1
8006	0
8007	0
8008	1
8009	1
8010	0
8011	1
8012	0
8013	1
8014	2
8015	0
8016	2
8017	1
8018	0
8019	1
8020	5
8021	1
8022	0
8023	1
8024	0
8025	0
8026	0
8027	0
8028	1
8029	1
8030	2
8031	0
8032	0
8033	2
8034	0
8035	0
8036	0
8037	0
8038	0
8039	0
8040	1
8041	1
8042	0
8043	1
8044	1
8045	1
8046	2
8047	1
8048	2
8049	0
8050	0
8051	3
8052	1
8053	1
8054	0
8055	4
8056	1
8057	9
8058	14
8059	21
8060	26
8061	45
8062	59
8063	81
8064	98
8065	152
8066	180
8067	210
8068	229
8069	255
8070	220
8071	217
8072	195
8073	173
8074	126
8075	89
8076	66
8077	53
8078	39
8079	20
8080	9
8081	5
8082	4
8083	4
8084	0
8085	2
8086	3
8087	1
8088	0
8089	0
8090	1
8091	0
8092	0
8093	1
8094	0
8095	0
8096	0
8097	2
8098	1
8099	0
8100	0
8101	2
8102	0
8103	0
8104	1
8105	1
8106	1
8107	1
8108	4
8109	1
8110	1
8111	0
8112	0
8113	3
8114	0
8115	0
8116	2
8117	1
8118	1
8119	0
8120	2
8121	0
8122	1
8123	2
8124	2
8125	1
8126	0
8127	0
8128	2
8129	1
8130	1
8131	1
8132	0
8133	2
8134	1
8135	1
8136	0
8137	2
8138	1
8139	0
8140	1
8141	0
8142	0
8143	0
8144	0
8145	1
8146	1
8147	1
8148	0
8149	0
8150	2
8151	1
8152	2
8153	0
8154	0
8155	3
8156	0
8157	0
8158	2
8159	1
8160	2
8161	0
8162	1
8163	0
8164	1
8165	1
8166	0
8167	0
8168	1
8169	0
8170	0
8171	0
8172	1
8173	0
8174	1
8175	2
8176	1
8177	0
8178	1
8179	3
8180	0
8181	0
8182	0
8183	0
8184	0
8185	2
8186	0
8187	1
8188	0
8189	0
8190	0
8191	0
