-0.130655	0
0.258054	0
0.646827	0
1.03567	0
1.42457	0
1.81354	0
2.20257	0
2.59167	0
2.98084	0
3.37007	0
3.75936	0
4.14872	0
4.53815	0
4.92764	0
5.3172	0
5.70682	0
6.0965	0
6.48626	0
6.87607	0
7.26596	0
7.6559	0
8.04592	0
8.436	0
8.82614	0
9.21635	0
9.60662	0
9.99696	0
10.3874	0
10.7778	0
11.1684	0
11.559	0
11.9496	0
12.3404	0
12.7312	0
13.122	0
13.513	0
13.9039	0
14.295	0
14.6861	0
15.0773	0
15.4686	0
15.8599	0
16.2513	0
16.6427	0
17.0342	0
17.4258	0
17.8175	0
18.2092	0
18.601	0
18.9928	0
19.3847	0
19.7767	0
20.1687	0
20.5608	0
20.953	0
21.3452	0
21.7375	0
22.1299	0
22.5223	0
22.9148	0
23.3074	0
23.7	0
24.0927	0
24.4855	3
24.8783	44
25.2712	179
25.6642	353
26.0572	421
26.4503	380
26.8434	371
27.2367	406
27.6299	380
28.0233	387
28.4167	418
28.8102	385
29.2037	414
29.5974	384
29.991	360
30.3848	386
30.7786	378
31.1725	391
31.5664	381
31.9604	447
32.3545	406
32.7486	406
33.1428	400
33.5371	405
33.9314	389
34.3258	427
34.7203	421
35.1148	472
35.5094	478
35.9041	473
36.2988	492
36.6936	505
37.0885	480
37.4834	540
37.8784	585
38.2735	581
38.6686	598
39.0638	693
39.459	682
39.8544	721
40.2498	749
40.6452	780
41.0407	812
41.4363	879
41.832	874
42.2277	889
42.6235	1018
43.0193	991
43.4152	1068
43.8112	1034
44.2073	977
44.6034	1043
44.9995	972
45.3958	997
45.7921	993
46.1885	904
46.5849	820
46.9814	831
47.378	811
47.7746	760
48.1713	722
48.5681	636
48.965	629
49.3619	607
49.7588	573
50.1559	628
50.553	523
50.9501	603
51.3474	526
51.7447	554
52.142	563
52.5395	551
52.937	568
53.3345	585
53.7322	610
54.1299	625
54.5276	641
54.9254	633
55.3233	654
55.7213	692
56.1193	638
56.5174	680
56.9156	681
57.3138	663
57.7121	678
58.1104	751
58.5089	722
58.9074	792
59.3059	773
59.7045	756
60.1032	778
60.502	841
60.9008	831
61.2997	830
61.6986	848
62.0977	892
62.4967	905
62.8959	913
63.2951	925
63.6944	913
64.0937	1021
64.4932	1046
64.8926	1115
65.2922	1243
65.6918	1304
66.0915	1356
66.4912	1435
66.891	1568
67.2909	1681
67.6909	1883
68.0909	1942
68.4909	2179
68.8911	2436
69.2913	2611
69.6916	2971
70.0919	3272
70.4923	3559
70.8928	3907
71.2933	4410
71.694	4576
72.0946	5183
72.4954	5385
72.8962	5994
73.2971	6357
73.698	6860
74.099	7116
74.5001	7268
74.9012	7714
75.3024	8037
75.7037	8161
76.105	8360
76.5064	8479
76.9079	8435
77.3094	8369
77.711	8138
78.1127	8079
78.5145	7601
78.9163	7381
79.3181	6999
79.7201	6604
80.1221	6135
80.5241	5674
80.9263	5484
81.3285	4889
81.7307	4618
82.1331	4316
82.5355	3850
82.9379	3721
83.3405	3486
83.7431	3243
84.1457	3256
84.5485	3053
84.9513	2924
85.3541	2901
85.7571	2906
86.1601	2918
86.5631	2905
86.9663	2788
87.3695	2723
87.7728	2750
88.1761	2766
88.5795	2660
88.983	2686
89.3865	2572
89.7901	2399
90.1938	2325
90.5975	2265
91.0013	2106
91.4051	1957
91.8091	1812
92.2131	1614
92.6171	1515
93.0213	1355
93.4255	1262
93.8297	1170
94.2341	1061
94.6385	929
95.0429	835
95.4475	826
95.8521	682
96.2567	659
96.6615	545
97.0663	507
97.4711	463
97.8761	472
98.2811	431
98.6861	433
99.0913	336
99.4965	364
99.9018	336
100.307	332
100.712	338
101.118	324
101.523	311
101.929	327
102.335	312
102.74	314
103.146	302
103.552	323
103.958	275
104.364	312
104.77	299
105.176	307
105.583	332
105.989	336
106.395	316
106.802	321
107.208	288
107.615	298
108.021	321
108.428	322
108.835	320
109.241	313
109.648	315
110.055	315
110.462	298
110.869	345
111.276	278
111.684	324
112.091	310
112.498	290
112.906	281
113.313	335
113.721	323
114.128	325
114.536	318
114.944	305
115.351	336
115.759	345
116.167	331
116.575	308
116.983	317
117.392	332
117.8	299
118.208	331
118.616	323
119.025	307
119.433	360
119.842	309
120.25	332
120.659	314
121.068	300
121.477	309
121.886	322
122.295	296
122.704	303
123.113	307
123.522	302
123.931	304
124.34	329
124.75	300
125.159	315
125.569	305
125.978	323
126.388	316
126.797	315
127.207	336
127.617	295
128.027	359
128.437	309
128.847	343
129.257	332
129.667	329
130.077	324
130.488	332
130.898	318
131.308	350
131.719	289
132.129	313
132.54	301
132.951	325
133.362	289
133.772	309
134.183	334
134.594	306
135.005	294
135.416	335
135.828	314
136.239	342
136.65	323
137.062	337
137.473	312
137.884	283
138.296	330
138.708	342
139.119	353
139.531	311
139.943	335
140.355	321
140.767	330
141.179	316
141.591	320
142.003	307
142.415	343
142.828	310
143.24	291
143.653	332
144.065	303
144.478	316
144.89	333
145.303	313
145.716	328
146.129	322
146.542	335
146.955	312
147.368	340
147.781	329
148.194	315
148.607	309
149.021	309
149.434	352
149.848	311
150.261	338
150.675	340
151.088	335
151.502	325
151.916	308
152.33	344
152.744	336
153.158	325
153.572	320
153.986	349
154.4	318
154.814	336
155.229	362
155.643	322
156.058	322
156.472	338
156.887	315
157.301	333
157.716	325
158.131	354
158.546	333
158.961	341
159.376	328
159.791	341
160.206	330
160.621	319
161.037	356
161.452	323
161.867	307
162.283	378
162.698	335
163.114	365
163.53	339
163.946	370
164.361	334
164.777	346
165.193	330
165.609	384
166.025	361
166.442	341
166.858	377
167.274	345
167.691	355
168.107	342
168.523	355
168.94	359
169.357	356
169.773	376
170.19	380
170.607	384
171.024	394
171.441	409
171.858	374
172.275	400
172.692	390
173.11	377
173.527	372
173.944	422
174.362	398
174.779	385
175.197	395
175.615	386
176.032	402
176.45	419
176.868	398
177.286	415
177.704	413
178.122	359
178.54	428
178.958	426
179.377	415
179.795	402
180.213	432
180.632	429
181.05	448
181.469	451
181.888	488
182.306	455
182.725	427
183.144	423
183.563	453
183.982	444
184.401	428
184.82	434
185.24	460
185.659	432
186.078	439
186.498	416
186.917	412
187.337	465
187.757	442
188.176	450
188.596	452
189.016	441
189.436	445
189.856	390
190.276	401
190.696	456
191.116	438
191.536	475
191.957	442
192.377	391
192.798	437
193.218	477
193.639	425
194.059	437
194.48	428
194.901	447
195.322	410
195.743	410
196.164	446
196.585	414
197.006	428
197.427	415
197.848	389
198.27	412
198.691	431
199.113	453
199.534	404
199.956	427
200.378	410
200.799	411
201.221	458
201.643	403
202.065	403
202.487	429
202.909	423
203.331	427
203.753	436
204.176	425
204.598	409
205.021	381
205.443	398
205.866	434
206.288	436
206.711	396
207.134	420
207.557	401
207.98	435
208.403	444
208.826	399
209.249	400
209.672	400
210.095	445
210.519	457
210.942	403
211.365	426
211.789	394
212.213	400
212.636	400
213.06	394
213.484	450
213.908	403
214.332	385
214.756	393
215.18	401
215.604	399
216.028	390
216.452	439
216.877	373
217.301	404
217.726	410
218.15	402
218.575	427
219	425
219.424	398
219.849	377
220.274	364
220.699	402
221.124	394
221.549	420
221.974	403
222.4	391
222.825	439
223.25	434
223.676	423
224.101	377
224.527	376
224.953	384
225.378	379
225.804	405
226.23	382
226.656	394
227.082	406
227.508	394
227.934	380
228.361	375
228.787	374
229.213	401
229.64	359
230.066	367
230.493	383
230.919	367
231.346	396
231.773	402
232.2	329
232.626	387
233.053	371
233.48	347
233.908	360
234.335	386
234.762	328
235.189	361
235.617	346
236.044	372
236.472	354
236.899	356
237.327	365
237.755	382
238.183	363
238.61	354
239.038	357
239.466	372
239.894	379
240.323	349
240.751	380
241.179	368
241.607	349
242.036	336
242.464	384
242.893	331
243.322	362
243.75	340
244.179	350
244.608	366
245.037	358
245.466	355
245.895	357
246.324	355
246.753	370
247.182	337
247.612	353
248.041	363
248.47	367
248.9	387
249.33	357
249.759	341
250.189	344
250.619	366
251.049	318
251.479	374
251.909	376
252.339	354
252.769	346
253.199	366
253.629	365
254.06	353
254.49	316
254.921	345
255.351	329
255.782	329
256.213	349
256.643	349
257.074	345
257.505	351
257.936	333
258.367	327
258.798	339
259.229	354
259.661	352
260.092	329
260.523	358
260.955	333
261.386	339
261.818	326
262.25	309
262.681	328
263.113	320
263.545	327
263.977	327
264.409	345
264.841	294
265.273	337
265.705	336
266.138	331
266.57	314
267.003	335
267.435	335
267.868	315
268.3	327
268.733	344
269.166	303
269.599	334
270.032	322
270.465	317
270.898	341
271.331	307
271.764	339
272.197	295
272.631	326
273.064	319
273.497	308
273.931	345
274.365	336
274.798	307
275.232	338
275.666	335
276.1	312
276.534	298
276.968	356
277.402	323
277.836	345
278.27	311
278.705	336
279.139	309
279.573	355
280.008	313
280.443	318
280.877	321
281.312	325
281.747	317
282.182	304
282.617	338
283.052	319
283.487	316
283.922	319
284.357	332
284.792	325
285.228	310
285.663	296
286.099	343
286.534	317
286.97	327
287.405	337
287.841	304
288.277	317
288.713	307
289.149	332
289.585	290
290.021	319
290.457	315
290.894	283
291.33	326
291.766	285
292.203	335
292.639	292
293.076	344
293.513	321
293.949	292
294.386	315
294.823	316
295.26	330
295.697	300
296.134	303
296.571	299
297.009	306
297.446	352
297.883	320
298.321	317
298.758	320
299.196	330
299.633	299
300.071	291
300.509	320
300.947	308
301.385	291
301.823	310
302.261	319
302.699	314
303.137	314
303.576	346
304.014	298
304.452	298
304.891	310
305.329	322
305.768	325
306.207	318
306.646	329
307.084	295
307.523	311
307.962	331
308.401	316
308.84	324
309.28	297
309.719	265
310.158	337
310.598	345
311.037	332
311.477	281
311.916	312
312.356	306
312.796	319
313.236	329
313.675	320
314.115	310
314.555	329
314.996	319
315.436	329
315.876	294
316.316	283
316.757	302
317.197	311
317.638	310
318.078	275
318.519	311
318.96	314
319.401	349
319.841	314
320.282	337
320.723	343
321.164	334
321.606	306
322.047	313
322.488	335
322.93	309
323.371	345
323.812	327
324.254	308
324.696	333
325.137	302
325.579	307
326.021	291
326.463	337
326.905	289
327.347	298
327.789	340
328.231	331
328.674	314
329.116	306
329.558	307
330.001	290
330.444	301
330.886	320
331.329	322
331.772	353
332.215	308
332.657	288
333.1	342
333.543	321
333.987	334
334.43	330
334.873	329
335.316	322
335.76	311
336.203	312
336.647	363
337.09	309
337.534	324
337.978	320
338.422	337
338.866	294
339.31	318
339.754	323
340.198	332
340.642	341
341.086	348
341.531	345
341.975	360
342.419	292
342.864	292
343.309	328
343.753	298
344.198	335
344.643	340
345.088	348
345.533	300
345.978	336
346.423	359
346.868	308
347.313	316
347.759	344
348.204	310
348.649	308
349.095	316
349.54	326
349.986	338
350.432	303
350.878	333
351.324	320
351.77	335
352.216	301
352.662	325
353.108	333
353.554	328
354	325
354.447	330
354.893	339
355.34	310
355.786	359
356.233	344
356.68	315
357.126	357
357.573	341
358.02	360
358.467	303
358.914	310
359.361	349
359.809	315
360.256	309
360.703	333
361.151	302
361.598	359
362.046	347
362.494	326
362.941	340
363.389	285
363.837	335
364.285	306
364.733	312
365.181	334
365.629	295
366.077	296
366.526	302
366.974	306
367.422	327
367.871	315
368.319	313
368.768	299
369.217	329
369.665	306
370.114	262
370.563	309
371.012	276
371.461	276
371.91	293
372.36	304
372.809	331
373.258	320
373.708	289
374.157	295
374.607	307
375.056	276
375.506	303
375.956	300
376.406	280
376.856	284
377.306	277
377.756	302
378.206	265
378.656	286
379.106	277
379.557	286
380.007	289
380.458	295
380.908	283
381.359	263
381.809	247
382.26	251
382.711	264
383.162	255
383.613	254
384.064	231
384.515	259
384.966	279
385.418	216
385.869	240
386.32	256
386.772	245
387.223	247
387.675	268
388.127	229
388.578	224
389.03	226
389.482	220
389.934	218
390.386	226
390.838	229
391.29	214
391.743	255
392.195	228
392.647	218
393.1	224
393.552	222
394.005	221
394.458	198
394.911	223
395.363	191
395.816	216
396.269	243
396.722	224
397.175	222
397.629	190
398.082	214
398.535	199
398.989	198
399.442	229
399.896	209
400.349	186
400.803	206
401.257	201
401.711	181
402.164	190
402.618	191
403.072	186
403.527	196
403.981	191
404.435	226
404.889	179
405.344	183
405.798	198
406.253	175
406.707	216
407.162	183
407.617	172
408.072	194
408.527	200
408.982	199
409.437	204
409.892	204
410.347	211
410.802	195
411.257	201
411.713	209
412.168	151
412.624	171
413.08	181
413.535	157
413.991	165
414.447	169
414.903	156
415.359	185
415.815	190
416.271	186
416.727	188
417.183	200
417.64	152
418.096	166
418.553	165
419.009	171
419.466	169
419.922	176
420.379	168
420.836	168
421.293	134
421.75	163
422.207	175
422.664	143
423.121	179
423.578	165
424.036	186
424.493	169
424.951	160
425.408	176
425.866	160
426.324	167
426.781	148
427.239	148
427.697	152
428.155	145
428.613	143
429.071	147
429.529	150
429.988	172
430.446	175
430.904	171
431.363	148
431.821	167
432.28	150
432.739	152
433.198	164
433.656	149
434.115	153
434.574	157
435.033	163
435.493	146
435.952	151
436.411	162
436.87	147
437.33	163
437.789	160
438.249	155
438.708	145
439.168	169
439.628	148
440.088	138
440.548	125
441.008	158
441.468	148
441.928	136
442.388	154
442.848	163
443.309	164
443.769	140
444.23	152
444.69	155
445.151	159
445.612	143
446.072	159
446.533	160
446.994	148
447.455	151
447.916	132
448.377	153
448.839	141
449.3	150
449.761	159
450.223	145
450.684	160
451.146	137
451.607	161
452.069	150
452.531	163
452.993	133
453.455	149
453.917	153
454.379	137
454.841	141
455.303	168
455.765	157
456.228	122
456.69	142
457.153	160
457.615	154
458.078	112
458.541	143
459.004	142
459.466	156
459.929	143
460.392	149
460.856	153
461.319	131
461.782	134
462.245	153
462.709	134
463.172	178
463.636	139
464.099	128
464.563	137
465.027	126
465.49	134
465.954	141
466.418	154
466.882	144
467.346	122
467.811	140
468.275	143
468.739	131
469.204	135
469.668	139
470.133	144
470.597	127
471.062	150
471.527	132
471.991	137
472.456	129
472.921	120
473.386	120
473.851	137
474.317	138
474.782	127
475.247	130
475.713	122
476.178	139
476.644	137
477.109	124
477.575	144
478.041	130
478.507	135
478.973	150
479.439	128
479.905	123
480.371	137
480.837	157
481.303	118
481.77	122
482.236	113
482.702	124
483.169	122
483.636	102
484.102	118
484.569	125
485.036	134
485.503	139
485.97	119
486.437	151
486.904	125
487.371	130
487.839	124
488.306	145
488.773	108
489.241	136
489.709	131
490.176	127
490.644	127
491.112	132
491.58	116
492.048	121
492.516	100
492.984	122
493.452	142
493.92	122
494.388	118
494.857	119
495.325	113
495.794	118
496.262	101
496.731	122
497.2	118
497.669	115
498.137	115
498.606	120
499.075	107
499.545	127
500.014	127
500.483	153
500.952	130
501.422	129
501.891	129
502.361	134
502.83	125
503.3	122
503.77	126
504.24	119
504.71	132
505.18	114
505.65	117
506.12	100
506.59	108
507.06	137
507.531	108
508.001	106
508.471	113
508.942	116
509.413	120
509.883	129
510.354	128
510.825	121
511.296	114
511.767	117
512.238	115
512.709	144
513.18	119
513.652	135
514.123	125
514.594	122
515.066	129
515.538	118
516.009	117
516.481	134
516.953	138
517.425	130
517.897	126
518.369	113
518.841	110
519.313	124
519.785	115
520.257	113
520.73	139
521.202	114
521.675	137
522.147	133
522.62	133
523.093	124
523.566	129
524.039	122
524.512	125
524.985	156
525.458	152
525.931	167
526.404	126
526.878	130
527.351	145
527.824	154
528.298	142
528.772	148
529.245	141
529.719	147
530.193	169
530.667	183
531.141	142
531.615	160
532.089	171
532.563	156
533.038	192
533.512	191
533.986	182
534.461	183
534.935	177
535.41	197
535.885	189
536.36	196
536.835	196
537.309	199
537.784	231
538.26	247
538.735	212
539.21	242
539.685	264
540.161	257
540.636	246
541.112	271
541.587	267
542.063	275
542.539	309
543.015	313
543.49	326
543.966	321
544.443	325
544.919	329
545.395	330
545.871	352
546.347	361
546.824	367
547.3	370
547.777	379
548.254	434
548.73	421
549.207	425
549.684	399
550.161	485
550.638	473
551.115	484
551.592	491
552.069	498
552.547	503
553.024	539
553.501	571
553.979	534
554.456	541
554.934	542
555.412	609
555.89	615
556.368	555
556.846	585
557.324	598
557.802	617
558.28	641
558.758	652
559.236	687
559.715	701
560.193	749
560.672	747
561.15	698
561.629	717
562.108	762
562.587	750
563.066	723
563.545	749
564.024	796
564.503	769
564.982	794
565.461	823
565.941	852
566.42	848
566.9	833
567.379	884
567.859	945
568.339	893
568.818	832
569.298	900
569.778	906
570.258	891
570.738	857
571.219	867
571.699	904
572.179	943
572.659	909
573.14	911
573.62	910
574.101	966
574.582	904
575.063	930
575.543	899
576.024	914
576.505	929
576.986	973
577.467	877
577.949	879
578.43	926
578.911	905
579.393	878
579.874	806
580.356	865
580.837	889
581.319	900
581.801	784
582.283	822
582.765	825
583.247	850
583.729	837
584.211	809
584.693	821
585.176	820
585.658	778
586.14	782
586.623	777
587.105	703
587.588	746
588.071	756
588.554	718
589.037	704
589.52	704
590.003	694
590.486	688
590.969	671
591.452	652
591.936	643
592.419	593
592.903	649
593.386	585
593.87	547
594.353	546
594.837	531
595.321	511
595.805	556
596.289	497
596.773	469
597.257	458
597.742	463
598.226	446
598.71	432
599.195	398
599.679	406
600.164	405
600.648	391
601.133	363
601.618	392
602.103	356
602.588	336
603.073	364
603.558	344
604.043	307
604.529	284
605.014	299
605.499	279
605.985	265
606.47	272
606.956	258
607.442	241
607.928	239
608.413	185
608.899	232
609.385	213
609.871	215
610.358	212
610.844	191
611.33	196
611.817	179
612.303	174
612.79	159
613.276	188
613.763	172
614.25	154
614.736	128
615.223	144
615.71	163
616.197	163
616.684	126
617.172	150
617.659	127
618.146	139
618.634	118
619.121	121
619.609	117
620.096	109
620.584	108
621.072	121
621.56	119
622.048	111
622.536	109
623.024	108
623.512	125
624	87
624.489	94
624.977	87
625.465	96
625.954	86
626.443	100
626.931	90
627.42	74
627.909	66
628.398	76
628.887	98
629.376	77
629.865	74
630.354	65
630.844	88
631.333	92
631.822	83
632.312	84
632.801	88
633.291	78
633.781	73
634.271	87
634.761	103
635.25	78
635.741	109
636.231	90
636.721	82
637.211	85
637.701	87
638.192	100
638.682	90
639.173	69
639.663	102
640.154	79
640.645	96
641.136	82
641.627	85
642.118	79
642.609	93
643.1	86
643.591	98
644.082	91
644.574	111
645.065	75
645.557	80
646.048	86
646.54	86
647.032	74
647.524	86
648.016	76
648.508	84
649	86
649.492	94
649.984	69
650.476	78
650.969	78
651.461	66
651.953	85
652.446	100
652.939	76
653.431	85
653.924	77
654.417	106
654.91	86
655.403	83
655.896	84
656.389	87
656.883	68
657.376	79
657.869	82
658.363	72
658.856	56
659.35	68
659.844	75
660.337	80
660.831	75
661.325	92
661.819	80
662.313	67
662.807	85
663.302	76
663.796	94
664.29	81
664.785	93
665.279	87
665.774	91
666.269	75
666.763	68
667.258	85
667.753	92
668.248	79
668.743	82
669.238	86
669.733	77
670.229	84
670.724	72
671.219	82
671.715	101
672.21	77
672.706	93
673.202	93
673.698	85
674.193	73
674.689	93
675.185	82
675.682	80
676.178	82
676.674	97
677.17	74
677.667	73
678.163	80
678.66	78
679.156	81
679.653	85
680.15	78
680.647	71
681.144	89
681.641	81
682.138	85
682.635	67
683.132	95
683.629	84
684.127	89
684.624	90
685.122	92
685.619	95
686.117	75
686.615	76
687.112	96
687.61	87
688.108	79
688.606	74
689.105	79
689.603	94
690.101	88
690.599	79
691.098	84
691.596	85
692.095	72
692.594	94
693.092	79
693.591	69
694.09	94
694.589	78
695.088	96
695.587	78
696.086	94
696.585	80
697.085	70
697.584	103
698.084	98
698.583	77
699.083	89
699.583	83
700.082	94
700.582	91
701.082	78
701.582	79
702.082	80
702.582	87
703.083	88
703.583	92
704.083	90
704.584	91
705.084	89
705.585	74
706.086	64
706.586	77
707.087	88
707.588	89
708.089	88
708.59	79
709.091	89
709.593	86
710.094	69
710.595	94
711.097	77
711.598	92
712.1	88
712.602	86
713.103	98
713.605	87
714.107	78
714.609	83
715.111	93
715.613	88
716.115	87
716.618	86
717.12	98
717.622	97
718.125	97
718.628	79
719.13	96
719.633	88
720.136	98
720.639	86
721.142	93
721.645	93
722.148	120
722.651	104
723.154	97
723.658	88
724.161	93
724.664	81
725.168	95
725.672	110
726.175	92
726.679	87
727.183	87
727.687	115
728.191	94
728.695	91
729.199	73
729.704	95
730.208	94
730.712	101
731.217	70
731.721	77
732.226	93
732.731	101
733.235	99
733.74	93
734.245	96
734.75	102
735.255	99
735.76	80
736.266	94
736.771	86
737.276	92
737.782	93
738.287	79
738.793	82
739.299	98
739.804	107
740.31	96
740.816	102
741.322	95
741.828	104
742.334	95
742.841	91
743.347	87
743.853	102
744.36	94
744.866	95
745.373	99
745.88	69
746.386	82
746.893	83
747.4	102
747.907	90
748.414	92
748.921	97
749.428	86
749.936	98
750.443	85
750.951	91
751.458	94
751.966	83
752.473	98
752.981	106
753.489	82
753.997	102
754.505	86
755.013	79
755.521	103
756.029	80
756.537	87
757.046	85
757.554	93
758.063	93
758.571	91
759.08	73
759.589	82
760.098	112
760.606	97
761.115	88
761.624	84
762.134	74
762.643	107
763.152	85
763.661	87
764.171	100
764.68	77
765.19	90
765.699	78
766.209	107
766.719	91
767.229	106
767.739	87
768.249	94
768.759	90
769.269	91
769.779	87
770.29	81
770.8	96
771.311	109
771.821	97
772.332	105
772.843	94
773.353	99
773.864	105
774.375	96
774.886	105
775.397	98
775.908	116
776.42	87
776.931	102
777.442	103
777.954	92
778.466	97
778.977	100
779.489	98
780.001	90
780.513	121
781.024	83
781.536	103
782.049	95
782.561	105
783.073	83
783.585	83
784.098	111
784.61	98
785.123	88
785.635	98
786.148	87
786.661	96
787.174	96
787.687	91
788.2	101
788.713	109
789.226	95
789.739	89
790.252	99
790.766	104
791.279	107
791.793	98
792.307	101
792.82	104
793.334	99
793.848	77
794.362	82
794.876	91
795.39	111
795.904	107
796.418	96
796.933	95
797.447	91
797.961	92
798.476	81
798.991	102
799.505	84
800.02	98
800.535	107
801.05	93
801.565	89
802.08	86
802.595	115
803.11	100
803.626	95
804.141	91
804.657	106
805.172	87
805.688	88
806.203	107
806.719	94
807.235	102
807.751	96
808.267	91
808.783	88
809.299	90
809.815	100
810.332	105
810.848	87
811.365	84
811.881	96
812.398	122
812.914	108
813.431	105
813.948	95
814.465	103
814.982	100
815.499	85
816.016	91
816.533	93
817.051	98
817.568	102
818.086	83
818.603	87
819.121	82
819.639	91
820.156	99
820.674	86
821.192	107
821.71	84
822.228	93
822.746	97
823.265	99
823.783	86
824.301	89
824.82	77
825.338	85
825.857	90
826.376	74
826.894	93
827.413	97
827.932	109
828.451	89
828.97	79
829.489	82
830.009	76
830.528	97
831.047	98
831.567	95
832.086	70
832.606	79
833.126	74
833.645	97
834.165	92
834.685	92
835.205	83
835.725	93
836.245	75
836.766	80
837.286	88
837.806	67
838.327	73
838.847	80
839.368	92
839.889	94
840.41	71
840.93	76
841.451	73
841.972	72
842.493	76
843.015	72
843.536	73
844.057	62
844.579	63
845.1	68
845.622	71
846.143	76
846.665	69
847.187	68
847.709	68
848.231	72
848.753	63
849.275	53
849.797	63
850.319	64
850.841	60
851.364	63
851.886	76
852.409	60
852.932	67
853.454	56
853.977	71
854.5	57
855.023	59
855.546	59
856.069	71
856.592	54
857.115	60
857.639	58
858.162	51
858.686	57
859.209	70
859.733	59
860.257	61
860.78	60
861.304	46
861.828	54
862.352	55
862.876	49
863.401	47
863.925	47
864.449	51
864.974	44
865.498	55
866.023	45
866.547	47
867.072	44
867.597	48
868.122	37
868.647	58
869.172	54
869.697	41
870.222	44
870.747	45
871.273	40
871.798	41
872.324	59
872.849	39
873.375	44
873.901	34
874.426	35
874.952	27
875.478	37
876.004	49
876.53	37
877.057	19
877.583	36
878.109	33
878.636	34
879.162	49
879.689	38
880.215	43
880.742	27
881.269	33
881.796	34
882.323	41
882.85	29
883.377	29
883.904	38
884.432	33
884.959	27
885.486	26
886.014	29
886.542	30
887.069	33
887.597	33
888.125	33
888.653	31
889.181	33
889.709	34
890.237	32
890.765	29
891.293	33
891.822	31
892.35	32
892.879	41
893.407	30
893.936	21
894.465	23
894.994	28
895.523	29
896.052	30
896.581	30
897.11	28
897.639	30
898.169	24
898.698	25
899.227	23
899.757	17
900.287	26
900.816	23
901.346	21
901.876	20
902.406	27
902.936	27
903.466	25
903.996	22
904.526	16
905.057	27
905.587	30
906.118	26
906.648	22
907.179	37
907.71	22
908.24	22
908.771	26
909.302	24
909.833	20
910.364	14
910.896	18
911.427	21
911.958	23
912.49	20
913.021	25
913.553	18
914.084	21
914.616	22
915.148	24
915.68	26
916.212	20
916.744	25
917.276	26
917.808	15
918.34	25
918.873	20
919.405	12
919.938	21
920.47	31
921.003	18
921.536	31
922.069	15
922.602	27
923.134	16
923.668	16
924.201	21
924.734	21
925.267	25
925.801	18
926.334	15
926.868	18
927.401	18
927.935	20
928.469	22
929.003	15
929.536	13
930.07	23
930.605	22
931.139	20
931.673	15
932.207	8
932.742	14
933.276	15
933.811	25
934.345	11
934.88	13
935.415	16
935.95	17
936.485	17
937.02	12
937.555	12
938.09	20
938.625	17
939.161	10
939.696	19
940.231	8
940.767	10
941.303	15
941.838	16
942.374	19
942.91	19
943.446	20
943.982	13
944.518	18
945.054	16
945.591	11
946.127	9
946.664	10
947.2	16
947.737	15
948.273	17
948.81	14
949.347	12
949.884	15
950.421	14
950.958	10
951.495	8
952.032	15
952.57	17
953.107	14
953.644	13
954.182	10
954.72	12
955.257	19
955.795	17
956.333	10
956.871	7
957.409	15
957.947	15
958.485	15
959.023	10
959.562	11
960.1	9
960.639	15
961.177	15
961.716	17
962.254	10
962.793	14
963.332	11
963.871	11
964.41	11
964.949	15
965.488	9
966.028	12
966.567	17
967.106	14
967.646	14
968.186	7
968.725	12
969.265	13
969.805	11
970.345	18
970.885	14
971.425	12
971.965	14
972.505	14
973.045	10
973.586	14
974.126	16
974.667	11
975.207	15
975.748	13
976.289	12
976.83	13
977.371	9
977.912	17
978.453	15
978.994	7
979.535	10
980.076	13
980.618	13
981.159	10
981.701	15
982.242	9
982.784	12
983.326	8
983.868	7
984.41	7
984.952	9
985.494	8
986.036	10
986.578	14
987.121	5
987.663	11
988.206	5
988.748	12
989.291	9
989.834	12
990.377	8
990.919	7
991.462	8
992.005	13
992.549	9
993.092	12
993.635	6
994.178	9
994.722	11
995.265	10
995.809	14
996.353	9
996.897	13
997.44	12
997.984	14
998.528	19
999.072	13
999.617	11
1000.16	18
1000.71	15
1001.25	11
1001.79	12
1002.34	9
1002.88	20
1003.43	14
1003.97	13
1004.52	20
1005.06	10
1005.61	13
1006.15	15
1006.7	16
1007.24	18
1007.79	22
1008.33	28
1008.88	13
1009.43	27
1009.97	16
1010.52	23
1011.06	20
1011.61	16
1012.15	18
1012.7	23
1013.25	21
1013.79	24
1014.34	17
1014.89	24
1015.43	27
1015.98	25
1016.53	28
1017.07	23
1017.62	33
1018.17	35
1018.71	34
1019.26	29
1019.81	43
1020.35	30
1020.9	29
1021.45	32
1022	28
1022.54	43
1023.09	37
1023.64	37
1024.19	38
1024.73	45
1025.28	34
1025.83	53
1026.38	46
1026.93	37
1027.47	55
1028.02	42
1028.57	49
1029.12	46
1029.67	49
1030.22	56
1030.77	48
1031.31	59
1031.86	66
1032.41	64
1032.96	62
1033.51	65
1034.06	69
1034.61	71
1035.16	82
1035.71	77
1036.26	71
1036.81	103
1037.36	89
1037.91	79
1038.46	84
1039.01	90
1039.56	86
1040.11	109
1040.66	110
1041.21	109
1041.76	114
1042.31	105
1042.86	111
1043.41	114
1043.96	110
1044.51	102
1045.06	109
1045.61	117
1046.16	109
1046.71	139
1047.26	150
1047.81	147
1048.37	144
1048.92	134
1049.47	147
1050.02	142
1050.57	148
1051.12	153
1051.67	145
1052.23	159
1052.78	175
1053.33	152
1053.88	166
1054.43	160
1054.99	146
1055.54	159
1056.09	186
1056.64	172
1057.2	169
1057.75	166
1058.3	164
1058.85	203
1059.41	171
1059.96	199
1060.51	185
1061.07	184
1061.62	177
1062.17	195
1062.73	194
1063.28	187
1063.83	215
1064.39	208
1064.94	183
1065.49	183
1066.05	229
1066.6	196
1067.16	203
1067.71	218
1068.26	218
1068.82	223
1069.37	221
1069.93	229
1070.48	204
1071.04	219
1071.59	204
1072.14	211
1072.7	219
1073.25	221
1073.81	205
1074.36	246
1074.92	231
1075.47	225
1076.03	233
1076.58	240
1077.14	219
1077.7	223
1078.25	242
1078.81	227
1079.36	241
1079.92	242
1080.47	212
1081.03	207
1081.59	201
1082.14	213
1082.7	184
1083.25	209
1083.81	206
1084.37	214
1084.92	214
1085.48	188
1086.04	197
1086.59	191
1087.15	177
1087.71	192
1088.26	182
1088.82	207
1089.38	184
1089.94	168
1090.49	186
1091.05	186
1091.61	186
1092.17	188
1092.72	177
1093.28	179
1093.84	170
1094.4	157
1094.96	167
1095.51	167
1096.07	142
1096.63	163
1097.19	145
1097.75	156
1098.3	132
1098.86	142
1099.42	144
1099.98	136
1100.54	117
1101.1	115
1101.66	130
1102.22	121
1102.78	129
1103.33	116
1103.89	111
1104.45	121
1105.01	106
1105.57	110
1106.13	112
1106.69	105
1107.25	106
1107.81	115
1108.37	105
1108.93	89
1109.49	82
1110.05	82
1110.61	87
1111.17	78
1111.73	90
1112.29	60
1112.85	86
1113.41	60
1113.97	60
1114.53	61
1115.1	69
1115.66	69
1116.22	53
1116.78	62
1117.34	56
1117.9	53
1118.46	59
1119.02	43
1119.59	49
1120.15	48
1120.71	48
1121.27	57
1121.83	49
1122.39	45
1122.96	42
1123.52	35
1124.08	29
1124.64	39
1125.2	41
1125.77	33
1126.33	42
1126.89	36
1127.45	29
1128.02	34
1128.58	30
1129.14	24
1129.71	29
1130.27	19
1130.83	27
1131.4	16
1131.96	24
1132.52	23
1133.09	27
1133.65	22
1134.21	21
1134.78	19
1135.34	18
1135.9	14
1136.47	26
1137.03	17
1137.6	14
1138.16	22
1138.72	20
1139.29	18
1139.85	12
1140.42	15
1140.98	16
1141.55	6
1142.11	13
1142.68	10
1143.24	9
1143.81	6
1144.37	18
1144.94	11
1145.5	11
1146.07	4
1146.63	10
1147.2	10
1147.76	10
1148.33	5
1148.89	8
1149.46	8
1150.03	9
1150.59	10
1151.16	8
1151.72	9
1152.29	8
1152.86	5
1153.42	3
1153.99	9
1154.56	8
1155.12	5
1155.69	8
1156.26	8
1156.82	8
1157.39	11
1157.96	7
1158.52	6
1159.09	6
1159.66	6
1160.23	8
1160.79	5
1161.36	7
1161.93	9
1162.5	4
1163.06	6
1163.63	7
1164.2	7
1164.77	7
1165.34	5
1165.9	13
1166.47	3
1167.04	11
1167.61	6
1168.18	6
1168.75	8
1169.31	2
1169.88	3
1170.45	5
1171.02	3
1171.59	7
1172.16	5
1172.73	3
1173.3	1
1173.87	9
1174.44	2
1175	5
1175.57	5
1176.14	4
1176.71	1
1177.28	7
1177.85	2
1178.42	3
1178.99	5
1179.56	6
1180.13	8
1180.7	7
1181.27	5
1181.84	7
1182.41	6
1182.99	3
1183.56	4
1184.13	4
1184.7	8
1185.27	10
1185.84	7
1186.41	2
1186.98	4
1187.55	4
1188.12	8
1188.7	7
1189.27	3
1189.84	6
1190.41	3
1190.98	11
1191.55	4
1192.13	7
1192.7	4
1193.27	3
1193.84	3
1194.41	6
1194.99	3
1195.56	5
1196.13	6
1196.7	7
1197.28	3
1197.85	4
1198.42	5
1198.99	2
1199.57	4
1200.14	4
1200.71	3
1201.29	6
1201.86	5
1202.43	4
1203.01	2
1203.58	7
1204.15	13
1204.73	5
1205.3	6
1205.88	5
1206.45	7
1207.02	4
1207.6	7
1208.17	3
1208.75	3
1209.32	5
1209.89	6
1210.47	3
1211.04	3
1211.62	3
1212.19	5
1212.77	7
1213.34	5
1213.92	6
1214.49	5
1215.07	3
1215.64	4
1216.22	4
1216.79	0
1217.37	7
1217.94	5
1218.52	4
1219.1	5
1219.67	7
1220.25	6
1220.82	7
1221.4	2
1221.98	8
1222.55	5
1223.13	5
1223.7	3
1224.28	1
1224.86	4
1225.43	1
1226.01	2
1226.59	6
1227.16	6
1227.74	8
1228.32	2
1228.9	3
1229.47	8
1230.05	6
1230.63	6
1231.2	3
1231.78	4
1232.36	4
1232.94	7
1233.52	5
1234.09	4
1234.67	3
1235.25	3
1235.83	5
1236.41	6
1236.98	5
1237.56	7
1238.14	8
1238.72	4
1239.3	4
1239.88	6
1240.45	3
1241.03	6
1241.61	4
1242.19	3
1242.77	4
1243.35	3
1243.93	1
1244.51	10
1245.09	5
1245.67	6
1246.25	2
1246.83	5
1247.41	6
1247.99	6
1248.57	3
1249.15	5
1249.73	5
1250.31	6
1250.89	6
1251.47	5
1252.05	3
1252.63	6
1253.21	2
1253.79	4
1254.37	3
1254.95	5
1255.53	7
1256.11	5
1256.69	10
1257.27	6
1257.86	7
1258.44	3
1259.02	2
1259.6	8
1260.18	4
1260.76	9
1261.34	9
1261.93	5
1262.51	7
1263.09	7
1263.67	6
1264.25	4
1264.84	14
1265.42	4
1266	6
1266.58	6
1267.17	6
1267.75	4
1268.33	3
1268.91	5
1269.5	3
1270.08	7
1270.66	2
1271.25	3
1271.83	10
1272.41	5
1273	9
1273.58	5
1274.16	2
1274.75	6
1275.33	7
1275.91	2
1276.5	7
1277.08	5
1277.66	3
1278.25	6
1278.83	4
1279.42	3
1280	5
1280.59	7
1281.17	5
1281.76	8
1282.34	7
1282.92	6
1283.51	7
1284.09	5
1284.68	3
1285.26	6
1285.85	5
1286.43	6
1287.02	5
1287.61	8
1288.19	3
1288.78	6
1289.36	3
1289.95	2
1290.53	3
1291.12	6
1291.71	10
1292.29	3
1292.88	4
1293.46	7
1294.05	5
1294.64	4
1295.22	7
1295.81	8
1296.4	2
1296.98	2
1297.57	5
1298.16	4
1298.74	3
1299.33	8
1299.92	9
1300.51	7
1301.09	6
1301.68	5
1302.27	4
1302.85	9
1303.44	6
1304.03	8
1304.62	7
1305.21	5
1305.79	8
1306.38	4
1306.97	7
1307.56	3
1308.15	5
1308.74	4
1309.32	4
1309.91	8
1310.5	4
1311.09	7
1311.68	6
1312.27	6
1312.86	4
1313.45	4
1314.03	5
1314.62	8
1315.21	2
1315.8	5
1316.39	10
1316.98	11
1317.57	7
1318.16	7
1318.75	5
1319.34	3
1319.93	3
1320.52	10
1321.11	3
1321.7	10
1322.29	10
1322.88	4
1323.47	0
1324.06	6
1324.65	7
1325.24	10
1325.83	7
1326.42	5
1327.02	4
1327.61	4
1328.2	5
1328.79	7
1329.38	7
1329.97	1
1330.56	4
1331.15	6
1331.75	2
1332.34	6
1332.93	3
1333.52	2
1334.11	3
1334.71	7
1335.3	2
1335.89	9
1336.48	7
1337.07	6
1337.67	5
1338.26	4
1338.85	4
1339.44	6
1340.04	4
1340.63	7
1341.22	6
1341.82	2
1342.41	6
1343	10
1343.6	10
1344.19	5
1344.78	5
1345.38	6
1345.97	2
1346.56	8
1347.16	5
1347.75	4
1348.35	8
1348.94	1
1349.53	8
1350.13	4
1350.72	8
1351.32	8
1351.91	4
1352.51	6
1353.1	10
1353.69	9
1354.29	4
1354.88	9
1355.48	8
1356.07	6
1356.67	5
1357.26	6
1357.86	4
1358.45	7
1359.05	6
1359.65	8
1360.24	2
1360.84	2
1361.43	7
1362.03	6
1362.62	9
1363.22	13
1363.82	2
1364.41	4
1365.01	9
1365.61	3
1366.2	6
1366.8	8
1367.4	4
1367.99	1
1368.59	2
1369.19	6
1369.78	11
1370.38	7
1370.98	4
1371.57	9
1372.17	5
1372.77	6
1373.37	5
1373.96	5
1374.56	6
1375.16	6
1375.76	5
1376.35	5
1376.95	6
1377.55	4
1378.15	7
1378.75	2
1379.34	4
1379.94	8
1380.54	8
1381.14	5
1381.74	8
1382.34	2
1382.94	2
1383.53	5
1384.13	3
1384.73	3
1385.33	5
1385.93	2
1386.53	4
1387.13	4
1387.73	9
1388.33	7
1388.93	6
1389.53	10
1390.13	6
1390.73	4
1391.33	6
1391.93	6
1392.53	8
1393.13	8
1393.73	4
1394.33	6
1394.93	7
1395.53	5
1396.13	5
1396.73	7
1397.33	5
1397.93	4
1398.53	5
1399.13	4
1399.74	9
1400.34	4
1400.94	4
1401.54	6
1402.14	5
1402.74	11
1403.34	4
1403.95	9
1404.55	3
1405.15	11
1405.75	7
1406.35	6
1406.96	12
1407.56	4
1408.16	10
1408.76	7
1409.36	7
1409.97	8
1410.57	3
1411.17	5
1411.78	5
1412.38	6
1412.98	3
1413.58	6
1414.19	6
1414.79	7
1415.39	5
1416	10
1416.6	3
1417.2	8
1417.81	7
1418.41	8
1419.02	5
1419.62	5
1420.22	5
1420.83	7
1421.43	6
1422.04	5
1422.64	6
1423.24	4
1423.85	5
1424.45	5
1425.06	7
1425.66	6
1426.27	3
1426.87	5
1427.48	5
1428.08	7
1428.69	3
1429.29	10
1429.9	7
1430.5	4
1431.11	6
1431.71	7
1432.32	7
1432.93	2
1433.53	5
1434.14	5
1434.74	13
1435.35	6
1435.96	3
1436.56	3
1437.17	13
1437.77	8
1438.38	8
1438.99	6
1439.59	12
1440.2	7
1440.81	6
1441.41	7
1442.02	6
1442.63	5
1443.24	12
1443.84	6
1444.45	6
1445.06	8
1445.67	5
1446.27	3
1446.88	7
1447.49	5
1448.1	8
1448.7	3
1449.31	6
1449.92	8
1450.53	13
1451.14	10
1451.75	6
1452.35	9
1452.96	7
1453.57	12
1454.18	8
1454.79	5
1455.4	5
1456.01	9
1456.62	9
1457.22	5
1457.83	12
1458.44	6
1459.05	6
1459.66	3
1460.27	8
1460.88	8
1461.49	8
1462.1	6
1462.71	8
1463.32	4
1463.93	10
1464.54	8
1465.15	7
1465.76	11
1466.37	7
1466.98	8
1467.59	6
1468.2	12
1468.81	6
1469.42	6
1470.03	3
1470.65	6
1471.26	6
1471.87	8
1472.48	3
1473.09	15
1473.7	8
1474.31	3
1474.92	4
1475.54	3
1476.15	4
1476.76	6
1477.37	10
1477.98	4
1478.6	4
1479.21	6
1479.82	7
1480.43	8
1481.04	7
1481.66	8
1482.27	11
1482.88	8
1483.5	9
1484.11	7
1484.72	5
1485.33	5
1485.95	4
1486.56	6
1487.17	7
1487.79	7
1488.4	12
1489.01	3
1489.63	7
1490.24	7
1490.85	6
1491.47	4
1492.08	3
1492.7	7
1493.31	7
1493.92	5
1494.54	6
1495.15	6
1495.77	9
1496.38	9
1497	5
1497.61	3
1498.23	5
1498.84	4
1499.46	6
1500.07	6
1500.69	10
1501.3	4
1501.92	3
1502.53	7
1503.15	6
1503.76	3
1504.38	5
1504.99	4
1505.61	9
1506.23	5
1506.84	7
1507.46	6
1508.07	6
1508.69	10
1509.31	4
1509.92	9
1510.54	6
1511.16	5
1511.77	5
1512.39	3
1513.01	5
1513.62	4
1514.24	8
1514.86	2
1515.47	6
1516.09	3
1516.71	6
1517.33	6
1517.94	3
1518.56	6
1519.18	1
1519.8	6
1520.41	7
1521.03	3
1521.65	4
1522.27	7
1522.89	8
1523.5	6
1524.12	2
1524.74	1
1525.36	5
1525.98	5
1526.6	4
1527.22	4
1527.83	2
1528.45	7
1529.07	8
1529.69	6
1530.31	7
1530.93	1
1531.55	5
1532.17	4
1532.79	4
1533.41	4
1534.03	4
1534.65	6
1535.27	5
1535.89	6
1536.51	5
1537.13	3
1537.75	4
1538.37	2
1538.99	4
1539.61	7
1540.23	7
1540.85	4
1541.47	2
1542.09	0
1542.71	2
1543.33	3
1543.95	3
1544.58	4
1545.2	1
1545.82	5
1546.44	1
1547.06	4
1547.68	1
1548.3	6
1548.93	1
1549.55	3
1550.17	1
1550.79	4
1551.41	6
1552.04	2
1552.66	3
1553.28	2
1553.9	2
1554.53	2
1555.15	4
1555.77	1
1556.39	2
1557.02	4
1557.64	4
1558.26	5
1558.89	1
1559.51	3
1560.13	1
1560.76	3
1561.38	5
1562	2
1562.63	3
1563.25	1
1563.87	6
1564.5	2
1565.12	1
1565.75	0
1566.37	2
1566.99	1
1567.62	2
1568.24	3
1568.87	1
1569.49	5
1570.12	1
1570.74	5
1571.37	2
1571.99	1
1572.62	3
1573.24	2
1573.87	4
1574.49	0
1575.12	2
1575.74	0
1576.37	1
1576.99	3
1577.62	2
1578.24	2
1578.87	0
1579.5	1
1580.12	9
1580.75	1
1581.37	0
1582	3
1582.63	2
1583.25	3
1583.88	1
1584.51	0
1585.13	5
1585.76	1
1586.39	1
1587.01	4
1587.64	4
1588.27	2
1588.9	3
1589.52	3
1590.15	2
1590.78	2
1591.41	0
1592.03	2
1592.66	2
1593.29	2
1593.92	4
1594.54	1
1595.17	1
1595.8	2
1596.43	3
1597.06	0
1597.69	4
1598.31	0
1598.94	2
1599.57	1
1600.2	0
1600.83	2
1601.46	2
1602.09	0
1602.72	1
1603.35	1
1603.97	2
1604.6	2
1605.23	1
1605.86	1
1606.49	2
1607.12	3
1607.75	1
1608.38	0
1609.01	2
1609.64	0
1610.27	0
1610.9	0
1611.53	2
1612.16	0
1612.79	0
1613.42	0
1614.05	1
1614.69	2
1615.32	1
1615.95	3
1616.58	1
1617.21	2
1617.84	2
1618.47	2
1619.1	2
1619.73	2
1620.37	2
1621	1
1621.63	1
1622.26	0
1622.89	1
1623.52	1
1624.16	0
1624.79	0
1625.42	1
1626.05	0
1626.69	3
1627.32	2
1627.95	1
1628.58	1
1629.22	1
1629.85	2
1630.48	0
1631.11	4
1631.75	0
1632.38	1
1633.01	0
1633.65	0
1634.28	2
1634.91	3
1635.55	0
1636.18	1
1636.82	0
1637.45	2
1638.08	2
1638.72	3
1639.35	0
1639.99	0
1640.62	0
1641.25	2
1641.89	1
1642.52	2
1643.16	2
1643.79	0
1644.43	2
1645.06	1
1645.7	2
1646.33	1
1646.97	1
1647.6	0
1648.24	2
1648.87	0
1649.51	2
1650.14	0
1650.78	3
1651.42	1
1652.05	0
1652.69	1
1653.32	2
1653.96	2
1654.6	0
1655.23	0
1655.87	0
1656.5	0
1657.14	0
1657.78	2
1658.41	0
1659.05	2
1659.69	1
1660.32	0
1660.96	2
1661.6	3
1662.24	2
1662.87	2
1663.51	1
1664.15	0
1664.79	4
1665.42	0
1666.06	1
1666.7	1
1667.34	2
1667.98	1
1668.61	1
1669.25	1
1669.89	2
1670.53	0
1671.17	2
1671.8	1
1672.44	1
1673.08	2
1673.72	0
1674.36	0
1675	1
1675.64	3
1676.28	0
1676.92	0
1677.56	1
1678.19	1
1678.83	1
1679.47	3
1680.11	0
1680.75	1
1681.39	1
1682.03	1
1682.67	2
1683.31	0
1683.95	1
1684.59	2
1685.23	1
1685.87	1
1686.51	2
1687.15	1
1687.8	2
1688.44	2
1689.08	0
1689.72	1
1690.36	1
1691	3
1691.64	3
1692.28	2
1692.92	3
1693.57	3
1694.21	0
1694.85	2
1695.49	1
1696.13	1
1696.77	1
1697.42	1
1698.06	1
1698.7	2
1699.34	2
1699.98	1
1700.63	0
1701.27	0
1701.91	5
1702.56	1
1703.2	2
1703.84	0
1704.48	1
1705.13	1
1705.77	0
1706.41	1
1707.06	1
1707.7	5
1708.34	2
1708.99	1
1709.63	0
1710.27	4
1710.92	5
1711.56	1
1712.21	3
1712.85	2
1713.49	1
1714.14	3
1714.78	5
1715.43	3
1716.07	6
1716.72	4
1717.36	7
1718.01	3
1718.65	5
1719.29	3
1719.94	3
1720.59	1
1721.23	3
1721.88	2
1722.52	4
1723.17	3
1723.81	3
1724.46	4
1725.1	1
1725.75	2
1726.39	2
1727.04	4
1727.69	3
1728.33	2
1728.98	3
1729.63	5
1730.27	3
1730.92	3
1731.57	8
1732.21	7
1732.86	6
1733.51	5
1734.15	6
1734.8	8
1735.45	11
1736.09	3
1736.74	3
1737.39	7
1738.04	7
1738.68	9
1739.33	6
1739.98	6
1740.63	6
1741.27	12
1741.92	10
1742.57	9
1743.22	7
1743.87	9
1744.52	13
1745.16	10
1745.81	6
1746.46	4
1747.11	4
1747.76	4
1748.41	5
1749.06	8
1749.71	12
1750.35	7
1751	9
1751.65	10
1752.3	7
1752.95	5
1753.6	14
1754.25	12
1754.9	9
1755.55	9
1756.2	10
1756.85	9
1757.5	7
1758.15	7
1758.8	12
1759.45	7
1760.1	10
1760.75	11
1761.4	9
1762.05	8
1762.7	15
1763.36	13
1764.01	12
1764.66	7
1765.31	10
1765.96	10
1766.61	6
1767.26	8
1767.91	9
1768.57	10
1769.22	14
1769.87	10
1770.52	11
1771.17	8
1771.82	10
1772.48	4
1773.13	12
1773.78	9
1774.43	6
1775.09	5
1775.74	5
1776.39	17
1777.04	8
1777.7	11
1778.35	12
1779	6
1779.66	10
1780.31	8
1780.96	8
1781.61	6
1782.27	7
1782.92	6
1783.58	12
1784.23	5
1784.88	12
1785.54	8
1786.19	13
1786.84	10
1787.5	7
1788.15	14
1788.81	4
1789.46	12
1790.12	4
1790.77	13
1791.43	6
1792.08	7
1792.73	9
1793.39	4
1794.04	5
1794.7	4
1795.35	8
1796.01	11
1796.67	12
1797.32	7
1797.98	3
1798.63	9
1799.29	5
1799.94	3
1800.6	4
1801.26	7
1801.91	7
1802.57	11
1803.22	7
1803.88	10
1804.54	6
1805.19	3
1805.85	4
1806.51	2
1807.16	4
1807.82	6
1808.48	1
1809.13	6
1809.79	4
1810.45	2
1811.11	3
1811.76	5
1812.42	5
1813.08	6
1813.74	2
1814.39	4
1815.05	6
1815.71	2
1816.37	0
1817.02	5
1817.68	2
1818.34	3
1819	4
1819.66	0
1820.32	1
1820.98	2
1821.63	1
1822.29	2
1822.95	2
1823.61	1
1824.27	2
1824.93	4
1825.59	3
1826.25	0
1826.91	1
1827.57	1
1828.23	3
1828.89	1
1829.54	0
1830.2	2
1830.86	0
1831.52	1
1832.18	1
1832.84	1
1833.51	0
1834.17	1
1834.83	2
1835.49	2
1836.15	3
1836.81	0
1837.47	0
1838.13	0
1838.79	4
1839.45	0
1840.11	0
1840.77	1
1841.44	0
1842.1	1
1842.76	1
1843.42	0
1844.08	0
1844.74	1
1845.41	0
1846.07	0
1846.73	0
1847.39	0
1848.05	0
1848.72	0
1849.38	1
1850.04	3
1850.7	0
1851.37	0
1852.03	0
1852.69	0
1853.35	0
1854.02	1
1854.68	0
1855.34	0
1856.01	1
1856.67	0
1857.33	1
1858	1
1858.66	0
1859.32	0
1859.99	1
1860.65	0
1861.32	0
1861.98	1
1862.64	0
1863.31	0
1863.97	0
1864.64	0
1865.3	0
1865.97	0
1866.63	0
1867.3	0
1867.96	0
1868.63	0
1869.29	0
1869.96	0
1870.62	0
1871.29	0
1871.95	0
1872.62	0
1873.28	0
1873.95	0
1874.61	0
1875.28	0
1875.95	0
1876.61	0
1877.28	2
1877.94	0
1878.61	0
1879.28	0
1879.94	0
1880.61	0
1881.28	0
1881.94	1
1882.61	0
1883.28	1
1883.94	1
1884.61	0
1885.28	0
1885.95	0
1886.61	0
1887.28	0
1887.95	0
1888.62	0
1889.28	0
1889.95	0
1890.62	0
1891.29	0
1891.96	0
1892.62	0
1893.29	0
1893.96	0
1894.63	0
1895.3	0
1895.97	0
1896.63	0
1897.3	0
1897.97	0
1898.64	0
1899.31	0
1899.98	0
1900.65	0
1901.32	0
1901.99	0
1902.66	0
1903.33	0
1904	0
1904.67	1
1905.34	0
1906.01	0
1906.68	0
1907.35	0
1908.02	0
1908.69	0
1909.36	0
1910.03	1
1910.7	0
1911.37	0
1912.04	0
1912.71	0
1913.38	0
1914.05	0
1914.72	1
1915.39	0
1916.06	0
1916.74	1
1917.41	0
1918.08	0
1918.75	0
1919.42	0
1920.09	0
1920.77	0
1921.44	1
1922.11	0
1922.78	0
1923.45	0
1924.13	0
1924.8	0
1925.47	0
1926.14	1
1926.82	0
1927.49	0
1928.16	1
1928.84	0
1929.51	0
1930.18	0
1930.86	0
1931.53	0
1932.2	1
1932.88	0
1933.55	0
1934.22	0
1934.9	0
1935.57	1
1936.24	0
1936.92	0
1937.59	0
1938.27	0
1938.94	0
1939.62	0
1940.29	0
1940.96	0
1941.64	0
1942.31	0
1942.99	0
1943.66	0
1944.34	0
1945.01	0
1945.69	0
1946.36	0
1947.04	0
1947.71	0
1948.39	0
1949.07	0
1949.74	0
1950.42	0
1951.09	1
1951.77	0
1952.45	0
1953.12	1
1953.8	1
1954.47	0
1955.15	0
1955.83	0
1956.5	1
1957.18	1
1957.86	0
1958.53	0
1959.21	0
1959.89	1
1960.57	0
1961.24	0
1961.92	0
1962.6	0
1963.27	0
1963.95	0
1964.63	0
1965.31	0
1965.99	0
1966.66	0
1967.34	1
1968.02	0
1968.7	0
1969.38	0
1970.05	0
1970.73	0
1971.41	0
1972.09	0
1972.77	0
1973.45	0
1974.13	1
1974.81	0
1975.49	0
1976.16	0
1976.84	0
1977.52	0
1978.2	0
1978.88	0
1979.56	0
1980.24	0
1980.92	0
1981.6	0
1982.28	1
1982.96	1
1983.64	0
1984.32	0
1985	0
1985.68	0
1986.36	0
1987.04	0
1987.72	0
1988.41	0
1989.09	0
1989.77	0
1990.45	0
1991.13	0
1991.81	0
1992.49	0
1993.17	0
1993.86	0
1994.54	0
1995.22	0
1995.9	0
1996.58	0
1997.26	0
1997.95	0
1998.63	0
1999.31	0
1999.99	0
2000.68	1
2001.36	0
2002.04	0
2002.72	0
2003.41	0
2004.09	0
2004.77	0
2005.46	0
2006.14	0
2006.82	0
2007.51	0
2008.19	0
2008.87	0
2009.56	0
2010.24	0
2010.92	0
2011.61	0
2012.29	0
2012.98	0
2013.66	0
2014.34	1
2015.03	0
2015.71	0
2016.4	0
2017.08	0
2017.77	0
2018.45	1
2019.14	0
2019.82	0
2020.51	0
2021.19	0
2021.88	0
2022.56	0
2023.25	1
2023.93	0
2024.62	0
2025.3	0
2025.99	0
2026.68	0
2027.36	0
2028.05	0
2028.73	0
2029.42	0
2030.11	0
2030.79	0
2031.48	0
2032.17	0
2032.85	0
2033.54	0
2034.23	0
2034.91	0
2035.6	0
2036.29	0
2036.97	0
2037.66	0
2038.35	0
2039.04	0
2039.72	0
2040.41	0
2041.1	0
2041.79	0
2042.48	0
2043.16	0
2043.85	0
2044.54	0
2045.23	0
2045.92	0
2046.6	0
2047.29	0
2047.98	0
2048.67	0
2049.36	0
2050.05	0
2050.74	2
2051.43	0
2052.12	0
2052.81	0
2053.49	0
2054.18	0
2054.87	1
2055.56	0
2056.25	0
2056.94	0
2057.63	0
2058.32	0
2059.01	0
2059.7	0
2060.39	0
2061.08	0
2061.77	0
2062.46	0
2063.16	0
2063.85	0
2064.54	1
2065.23	0
2065.92	0
2066.61	0
2067.3	0
2067.99	0
2068.68	0
2069.38	0
2070.07	0
2070.76	0
2071.45	0
2072.14	0
2072.83	0
2073.53	0
2074.22	0
2074.91	0
2075.6	0
2076.29	0
2076.99	0
2077.68	0
2078.37	0
2079.07	0
2079.76	0
2080.45	0
2081.14	0
2081.84	1
2082.53	0
2083.22	0
2083.92	0
2084.61	0
2085.3	0
2086	0
2086.69	0
2087.39	0
2088.08	0
2088.77	0
2089.47	0
2090.16	0
2090.86	0
2091.55	0
2092.24	0
2092.94	0
2093.63	0
2094.33	0
2095.02	0
2095.72	0
2096.41	0
2097.11	1
2097.8	0
2098.5	0
2099.19	0
2099.89	0
2100.58	0
2101.28	0
2101.98	0
2102.67	0
2103.37	0
2104.06	0
2104.76	0
2105.46	0
2106.15	0
2106.85	0
2107.55	1
2108.24	0
2108.94	0
2109.64	0
2110.33	0
2111.03	0
2111.73	0
2112.42	0
2113.12	0
2113.82	0
2114.51	0
2115.21	0
2115.91	0
2116.61	0
2117.31	0
2118	0
2118.7	0
2119.4	0
2120.1	0
2120.8	0
2121.49	0
2122.19	0
2122.89	0
2123.59	0
2124.29	0
2124.99	0
2125.68	0
2126.38	0
2127.08	0
2127.78	0
2128.48	0
2129.18	0
2129.88	0
2130.58	0
2131.28	0
2131.98	0
2132.68	0
2133.38	0
2134.08	0
2134.78	0
2135.48	0
2136.18	0
2136.88	0
2137.58	0
2138.28	0
2138.98	0
2139.68	0
2140.38	0
2141.08	0
2141.78	0
2142.48	0
2143.18	0
2143.89	0
2144.59	0
2145.29	0
2145.99	0
2146.69	0
2147.39	1
2148.09	0
2148.8	0
2149.5	0
2150.2	0
2150.9	0
2151.6	0
2152.31	0
2153.01	0
2153.71	0
2154.41	0
2155.12	0
2155.82	0
2156.52	1
2157.23	0
2157.93	0
2158.63	0
2159.34	0
2160.04	0
2160.74	0
2161.45	0
2162.15	0
2162.85	0
2163.56	0
2164.26	0
2164.96	0
2165.67	1
2166.37	0
2167.08	0
2167.78	0
2168.48	0
2169.19	0
2169.89	0
2170.6	0
2171.3	0
2172.01	0
2172.71	0
2173.42	0
2174.12	0
2174.83	1
2175.53	1
2176.24	0
2176.94	0
2177.65	0
2178.36	0
2179.06	0
2179.77	0
2180.47	1
2181.18	0
2181.89	1
2182.59	0
2183.3	0
2184	0
2184.71	0
2185.42	0
2186.12	0
2186.83	0
2187.54	0
2188.24	0
2188.95	0
2189.66	0
2190.37	0
2191.07	0
2191.78	0
2192.49	0
2193.2	1
2193.9	0
2194.61	0
2195.32	0
2196.03	0
2196.73	0
2197.44	0
2198.15	0
2198.86	0
2199.57	0
2200.28	0
2200.99	0
2201.69	0
2202.4	0
2203.11	0
2203.82	0
2204.53	0
2205.24	0
2205.95	0
2206.66	0
2207.37	0
2208.08	0
2208.79	0
2209.5	0
2210.21	0
2210.92	0
2211.63	0
2212.34	0
2213.05	0
2213.76	0
2214.47	0
2215.18	0
2215.89	0
2216.6	0
2217.31	0
2218.02	0
2218.73	0
2219.44	0
2220.15	0
2220.86	0
2221.57	0
2222.29	0
2223	0
2223.71	0
2224.42	1
2225.13	0
2225.84	0
2226.56	0
2227.27	0
2227.98	0
2228.69	0
2229.4	0
2230.12	1
2230.83	0
2231.54	0
2232.25	1
2232.97	0
2233.68	0
2234.39	0
2235.11	0
2235.82	1
2236.53	0
2237.25	0
2237.96	0
2238.67	0
2239.39	0
2240.1	0
2240.81	0
2241.53	0
2242.24	0
2242.95	0
2243.67	0
2244.38	0
2245.1	0
2245.81	0
2246.53	0
2247.24	0
2247.96	0
2248.67	0
2249.38	0
2250.1	0
2250.81	0
2251.53	0
2252.25	0
2252.96	0
2253.68	0
2254.39	0
2255.11	0
2255.82	0
2256.54	0
2257.25	0
2257.97	0
2258.69	0
2259.4	0
2260.12	0
2260.83	0
2261.55	0
2262.27	0
2262.98	0
2263.7	0
2264.42	0
2265.13	0
2265.85	0
2266.57	1
2267.29	0
2268	1
2268.72	0
2269.44	0
2270.16	0
2270.87	0
2271.59	0
2272.31	0
2273.03	0
2273.74	0
2274.46	0
2275.18	0
2275.9	0
2276.62	0
2277.34	0
2278.05	0
2278.77	0
2279.49	0
2280.21	1
2280.93	0
2281.65	0
2282.37	0
2283.09	0
2283.81	0
2284.53	0
2285.24	1
2285.96	0
2286.68	0
2287.4	0
2288.12	0
2288.84	0
2289.56	0
2290.28	0
2291	0
2291.72	0
2292.44	0
2293.16	1
2293.89	1
2294.61	1
2295.33	1
2296.05	0
2296.77	0
2297.49	0
2298.21	0
2298.93	0
2299.65	0
2300.37	0
2301.1	0
2301.82	0
2302.54	0
2303.26	0
2303.98	1
2304.71	0
2305.43	0
2306.15	0
2306.87	0
2307.59	0
2308.32	0
2309.04	0
2309.76	0
2310.48	0
2311.21	0
2311.93	0
2312.65	0
2313.38	0
2314.1	0
2314.82	0
2315.55	0
2316.27	0
2316.99	0
2317.72	0
2318.44	0
2319.16	0
2319.89	0
2320.61	0
2321.34	0
2322.06	0
2322.78	0
2323.51	0
2324.23	0
2324.96	1
2325.68	0
2326.41	0
2327.13	0
2327.86	0
2328.58	0
2329.31	0
2330.03	0
2330.76	0
2331.48	1
2332.21	0
2332.93	0
2333.66	0
2334.39	0
2335.11	0
2335.84	0
2336.56	0
2337.29	0
2338.02	0
2338.74	0
2339.47	0
2340.19	0
2340.92	0
2341.65	1
2342.37	0
2343.1	0
2343.83	0
2344.56	1
2345.28	0
2346.01	0
2346.74	0
2347.47	0
2348.19	0
2348.92	0
2349.65	0
2350.38	0
2351.1	0
2351.83	0
2352.56	0
2353.29	0
2354.02	0
2354.74	0
2355.47	1
2356.2	0
2356.93	0
2357.66	1
2358.39	0
2359.12	0
2359.85	0
2360.57	0
2361.3	0
2362.03	0
2362.76	0
2363.49	0
2364.22	0
2364.95	0
2365.68	0
2366.41	0
2367.14	0
2367.87	0
2368.6	0
2369.33	0
2370.06	0
2370.79	0
2371.52	0
2372.25	0
2372.98	0
2373.71	0
2374.45	0
2375.18	0
2375.91	0
2376.64	0
2377.37	0
2378.1	0
2378.83	0
2379.56	0
2380.3	0
2381.03	0
2381.76	0
2382.49	0
2383.22	0
2383.96	0
2384.69	0
2385.42	0
2386.15	0
2386.89	0
2387.62	0
2388.35	0
2389.08	0
2389.82	0
2390.55	0
2391.28	0
2392.02	0
2392.75	0
2393.48	0
2394.21	0
2394.95	0
2395.68	0
2396.42	0
2397.15	0
2397.88	0
2398.62	0
2399.35	0
2400.09	0
2400.82	0
2401.55	0
2402.29	0
2403.02	0
2403.76	0
2404.49	0
2405.23	0
2405.96	0
2406.7	0
2407.43	0
2408.17	0
2408.9	0
2409.64	0
2410.37	0
2411.11	0
2411.84	0
2412.58	0
2413.32	0
2414.05	0
2414.79	0
2415.52	0
2416.26	0
2417	0
2417.73	0
2418.47	0
2419.21	0
2419.94	0
2420.68	0
2421.42	0
2422.15	0
2422.89	0
2423.63	0
2424.37	0
2425.1	0
2425.84	0
2426.58	0
2427.32	0
2428.05	0
2428.79	0
2429.53	0
2430.27	0
2431	0
2431.74	0
2432.48	0
2433.22	0
2433.96	0
2434.7	0
2435.44	0
2436.17	0
2436.91	0
2437.65	0
2438.39	0
2439.13	0
2439.87	0
2440.61	0
2441.35	0
2442.09	0
2442.83	0
2443.57	0
2444.31	0
2445.05	0
2445.79	0
2446.53	0
2447.27	0
2448.01	0
2448.75	0
2449.49	0
2450.23	0
2450.97	0
2451.71	0
2452.45	0
2453.19	0
2453.93	0
2454.67	0
2455.41	1
2456.16	0
2456.9	0
2457.64	0
2458.38	0
2459.12	0
2459.86	0
2460.61	0
2461.35	0
2462.09	1
2462.83	0
2463.57	0
2464.32	0
2465.06	0
2465.8	0
2466.54	0
2467.29	0
2468.03	0
2468.77	0
2469.51	0
2470.26	0
2471	0
2471.74	0
2472.49	0
2473.23	0
2473.97	0
2474.72	0
2475.46	0
2476.21	0
2476.95	0
2477.69	0
2478.44	0
2479.18	0
2479.93	0
2480.67	0
2481.42	0
2482.16	0
2482.9	0
2483.65	0
2484.39	0
2485.14	0
2485.88	0
2486.63	0
2487.37	0
2488.12	0
2488.87	0
2489.61	0
2490.36	0
2491.1	0
2491.85	0
2492.59	0
2493.34	0
2494.09	0
2494.83	0
2495.58	0
2496.32	0
2497.07	0
2497.82	0
2498.56	0
2499.31	0
2500.06	0
2500.8	0
2501.55	0
2502.3	0
2503.05	0
2503.79	0
2504.54	0
2505.29	0
2506.04	0
2506.78	0
2507.53	0
2508.28	0
2509.03	0
2509.78	0
2510.52	0
2511.27	0
2512.02	0
2512.77	1
2513.52	0
2514.27	0
2515.01	0
2515.76	0
2516.51	0
2517.26	0
2518.01	0
2518.76	0
2519.51	0
2520.26	0
2521.01	0
2521.76	0
2522.51	0
2523.26	0
2524.01	0
2524.76	0
2525.51	0
2526.26	0
2527.01	0
2527.76	0
2528.51	0
2529.26	0
2530.01	0
2530.76	0
2531.51	0
2532.26	0
2533.01	0
2533.76	0
2534.51	0
2535.27	0
2536.02	0
2536.77	0
2537.52	0
2538.27	0
2539.02	0
2539.78	0
2540.53	0
2541.28	0
2542.03	0
2542.78	0
2543.54	0
2544.29	0
2545.04	0
2545.79	0
2546.55	0
2547.3	0
2548.05	0
2548.81	0
2549.56	0
2550.31	0
2551.06	0
2551.82	0
2552.57	0
2553.33	0
2554.08	0
2554.83	0
2555.59	0
2556.34	0
2557.09	0
2557.85	0
2558.6	0
2559.36	0
2560.11	0
2560.87	0
2561.62	0
2562.38	0
2563.13	0
2563.89	0
2564.64	0
2565.4	0
2566.15	0
2566.91	0
2567.66	0
2568.42	0
2569.17	0
2569.93	0
2570.68	0
2571.44	0
2572.2	0
2572.95	0
2573.71	1
2574.46	0
2575.22	0
2575.98	0
2576.73	0
2577.49	0
2578.25	0
2579	1
2579.76	0
2580.52	0
2581.27	0
2582.03	0
2582.79	0
2583.55	0
2584.3	0
2585.06	0
2585.82	0
2586.58	0
2587.33	0
2588.09	0
2588.85	0
2589.61	0
2590.37	0
2591.12	0
2591.88	0
2592.64	2
2593.4	0
2594.16	0
2594.92	0
2595.68	0
2596.44	0
2597.19	0
2597.95	0
2598.71	0
2599.47	0
2600.23	0
2600.99	0
2601.75	0
2602.51	0
2603.27	0
2604.03	0
2604.79	0
2605.55	0
2606.31	0
2607.07	0
2607.83	0
2608.59	0
2609.35	0
2610.11	0
2610.87	0
2611.63	0
2612.4	1
2613.16	2
2613.92	0
2614.68	0
2615.44	0
2616.2	0
2616.96	0
2617.73	0
2618.49	0
2619.25	0
2620.01	0
2620.77	0
2621.54	0
2622.3	0
2623.06	0
2623.82	1
2624.58	0
2625.35	0
2626.11	0
2626.87	0
2627.64	0
2628.4	0
2629.16	0
2629.92	0
2630.69	0
2631.45	0
2632.21	0
2632.98	0
2633.74	0
2634.51	0
2635.27	0
2636.03	0
2636.8	0
2637.56	0
2638.33	0
2639.09	0
2639.85	0
2640.62	0
2641.38	0
2642.15	0
2642.91	0
2643.68	0
2644.44	0
2645.21	0
2645.97	1
2646.74	0
2647.5	0
2648.27	0
2649.04	0
2649.8	0
2650.57	0
2651.33	0
2652.1	0
2652.86	1
2653.63	0
2654.4	0
2655.16	0
2655.93	0
2656.7	0
2657.46	0
2658.23	0
2659	0
2659.76	0
2660.53	0
2661.3	0
2662.06	0
2662.83	0
2663.6	0
2664.37	0
2665.13	0
2665.9	0
2666.67	0
2667.44	0
2668.21	0
2668.97	0
2669.74	0
2670.51	0
2671.28	0
2672.05	0
2672.82	0
2673.58	0
2674.35	0
2675.12	0
2675.89	0
2676.66	0
2677.43	0
2678.2	0
2678.97	0
2679.74	0
2680.51	0
2681.28	0
2682.05	0
2682.81	1
2683.58	0
2684.35	0
2685.12	0
2685.9	0
2686.67	0
2687.44	0
2688.21	0
2688.98	0
2689.75	0
2690.52	0
2691.29	0
2692.06	0
2692.83	0
2693.6	0
2694.37	0
2695.14	0
2695.92	1
2696.69	0
2697.46	0
2698.23	0
2699	0
2699.77	0
2700.55	0
2701.32	0
2702.09	0
2702.86	0
2703.64	0
2704.41	0
2705.18	0
2705.95	0
2706.73	0
2707.5	0
2708.27	0
2709.04	0
2709.82	0
2710.59	0
2711.36	0
2712.14	0
2712.91	0
2713.69	1
2714.46	0
2715.23	0
2716.01	0
2716.78	0
2717.55	0
2718.33	0
2719.1	0
2719.88	0
2720.65	0
2721.43	0
2722.2	0
2722.98	0
2723.75	0
2724.53	0
2725.3	0
2726.08	0
2726.85	0
2727.63	0
2728.4	0
2729.18	0
2729.95	0
2730.73	1
2731.51	0
2732.28	0
2733.06	0
2733.83	0
2734.61	0
2735.39	0
2736.16	0
2736.94	0
2737.72	0
2738.49	0
2739.27	0
2740.05	0
2740.82	0
2741.6	0
2742.38	0
2743.15	0
2743.93	0
2744.71	0
2745.49	0
2746.26	0
2747.04	0
2747.82	0
2748.6	0
2749.38	0
2750.15	0
2750.93	0
2751.71	0
2752.49	0
2753.27	0
2754.05	0
2754.83	0
2755.6	0
2756.38	0
2757.16	0
2757.94	0
2758.72	0
2759.5	0
2760.28	0
2761.06	0
2761.84	0
2762.62	0
2763.4	0
2764.18	0
2764.96	0
2765.74	0
2766.52	0
2767.3	0
2768.08	0
2768.86	0
2769.64	0
2770.42	0
2771.2	0
2771.98	0
2772.76	0
2773.54	0
2774.32	0
2775.11	0
2775.89	1
2776.67	0
2777.45	0
2778.23	0
2779.01	0
2779.8	0
2780.58	0
2781.36	0
2782.14	0
2782.92	0
2783.71	0
2784.49	0
2785.27	0
2786.05	0
2786.84	0
2787.62	0
2788.4	0
2789.19	0
2789.97	0
2790.75	0
2791.53	0
2792.32	0
2793.1	0
2793.89	0
2794.67	0
2795.45	0
2796.24	0
2797.02	0
2797.8	1
2798.59	0
2799.37	0
2800.16	0
2800.94	0
2801.73	1
2802.51	0
2803.3	0
2804.08	0
2804.87	0
2805.65	0
2806.44	0
2807.22	0
2808.01	0
2808.79	0
2809.58	0
2810.36	0
2811.15	0
2811.93	0
2812.72	0
2813.51	0
2814.29	0
2815.08	0
2815.86	0
2816.65	0
2817.44	0
2818.22	0
2819.01	0
2819.8	0
2820.58	1
2821.37	0
2822.16	0
2822.95	0
2823.73	0
2824.52	0
2825.31	0
2826.1	1
2826.88	0
2827.67	0
2828.46	0
2829.25	0
2830.03	0
2830.82	0
2831.61	0
2832.4	0
2833.19	0
2833.98	0
2834.76	0
2835.55	0
2836.34	0
2837.13	1
2837.92	0
2838.71	0
2839.5	0
2840.29	0
2841.08	0
2841.87	0
2842.66	0
2843.45	0
2844.24	1
2845.03	0
2845.82	0
2846.61	0
2847.4	0
2848.19	0
2848.98	1
2849.77	1
2850.56	0
2851.35	0
2852.14	0
2852.93	0
2853.72	0
2854.51	0
2855.3	0
2856.09	0
2856.89	0
2857.68	0
2858.47	0
2859.26	0
2860.05	1
2860.84	0
2861.64	0
2862.43	0
2863.22	0
2864.01	0
2864.8	0
2865.6	0
2866.39	0
2867.18	0
2867.97	0
2868.77	0
2869.56	0
2870.35	0
2871.15	0
2871.94	0
2872.73	0
2873.53	0
2874.32	0
2875.11	0
2875.91	0
2876.7	0
2877.49	0
2878.29	0
2879.08	0
2879.88	0
2880.67	0
2881.47	0
2882.26	0
2883.05	0
2883.85	0
2884.64	0
2885.44	0
2886.23	0
2887.03	0
2887.82	0
2888.62	0
2889.41	0
2890.21	0
2891.01	0
2891.8	0
2892.6	0
2893.39	0
2894.19	0
2894.99	0
2895.78	1
2896.58	0
2897.37	0
2898.17	0
2898.97	0
2899.76	0
2900.56	0
2901.36	0
2902.15	0
2902.95	0
2903.75	0
2904.55	0
2905.34	0
2906.14	0
2906.94	0
2907.73	0
2908.53	0
2909.33	0
2910.13	0
2910.93	1
2911.72	0
2912.52	0
2913.32	0
2914.12	0
2914.92	0
2915.72	0
2916.51	0
2917.31	0
2918.11	0
2918.91	0
2919.71	0
2920.51	0
2921.31	0
2922.11	0
2922.91	0
2923.71	0
2924.51	0
2925.31	0
2926.11	0
2926.91	0
2927.71	0
2928.51	0
2929.31	0
2930.11	0
2930.91	0
2931.71	0
2932.51	0
2933.31	0
2934.11	0
2934.91	0
2935.71	0
2936.51	0
2937.31	0
2938.12	1
2938.92	0
2939.72	0
2940.52	0
2941.32	0
2942.12	0
2942.93	0
2943.73	0
2944.53	0
2945.33	0
2946.13	0
2946.94	0
2947.74	0
2948.54	0
2949.34	0
2950.15	0
2950.95	0
2951.75	0
2952.56	0
2953.36	0
2954.16	0
2954.97	0
2955.77	0
2956.57	0
2957.38	0
2958.18	0
2958.98	0
2959.79	0
2960.59	0
2961.4	0
2962.2	0
2963.01	0
2963.81	0
2964.61	0
2965.42	0
2966.22	0
2967.03	0
2967.83	0
2968.64	0
2969.44	0
2970.25	1
2971.05	0
2971.86	0
2972.67	0
2973.47	0
2974.28	0
2975.08	0
2975.89	0
2976.69	0
2977.5	0
2978.31	0
2979.11	0
2979.92	0
2980.73	0
2981.53	0
2982.34	0
2983.15	0
2983.95	1
2984.76	0
2985.57	0
2986.37	0
2987.18	0
2987.99	0
2988.8	0
2989.6	0
2990.41	0
2991.22	1
2992.03	0
2992.84	0
2993.64	0
2994.45	0
2995.26	0
2996.07	0
2996.88	0
2997.69	0
2998.5	0
2999.3	0
3000.11	0
3000.92	0
3001.73	0
3002.54	0
3003.35	0
3004.16	0
3004.97	0
3005.78	0
3006.59	0
3007.4	1
3008.21	0
3009.02	0
3009.83	0
3010.64	0
3011.45	0
3012.26	0
3013.07	0
3013.88	0
3014.69	0
3015.5	0
3016.31	0
3017.12	0
3017.93	1
3018.74	0
3019.56	0
3020.37	0
3021.18	0
3021.99	0
3022.8	0
3023.61	0
3024.43	0
3025.24	0
3026.05	0
3026.86	0
3027.67	0
3028.49	0
3029.3	0
3030.11	0
3030.92	0
3031.74	0
3032.55	0
3033.36	0
3034.18	0
3034.99	0
3035.8	0
3036.61	0
3037.43	0
3038.24	0
3039.06	0
3039.87	0
3040.68	0
3041.5	0
3042.31	0
3043.13	0
3043.94	0
3044.75	0
3045.57	0
3046.38	0
3047.2	0
3048.01	0
3048.83	0
3049.64	0
3050.46	1
3051.27	0
3052.09	0
3052.9	1
3053.72	0
3054.53	0
3055.35	0
3056.16	0
3056.98	0
3057.8	1
3058.61	0
3059.43	0
3060.24	0
3061.06	0
3061.88	0
3062.69	0
3063.51	0
3064.33	0
3065.14	0
3065.96	0
3066.78	0
3067.6	0
3068.41	0
3069.23	0
3070.05	0
3070.86	0
3071.68	0
3072.5	0
3073.32	0
3074.14	0
3074.95	0
3075.77	0
3076.59	0
3077.41	0
3078.23	0
3079.04	0
3079.86	0
3080.68	0
3081.5	0
3082.32	1
3083.14	0
3083.96	0
3084.78	0
3085.6	0
3086.42	0
3087.24	0
3088.05	0
3088.87	0
3089.69	0
3090.51	0
3091.33	0
3092.15	0
3092.97	0
3093.79	0
3094.61	0
3095.44	1
3096.26	1
3097.08	0
3097.9	0
3098.72	0
3099.54	0
3100.36	1
3101.18	0
3102	0
3102.82	0
3103.65	0
3104.47	1
3105.29	0
3106.11	0
3106.93	0
3107.75	0
3108.58	0
3109.4	0
3110.22	0
3111.04	1
3111.87	0
3112.69	0
3113.51	0
3114.33	0
3115.16	0
3115.98	0
3116.8	0
3117.63	0
3118.45	0
3119.27	0
3120.1	0
3120.92	0
3121.74	0
3122.57	0
3123.39	0
3124.21	0
3125.04	0
3125.86	0
3126.69	0
3127.51	0
3128.34	0
3129.16	0
3129.99	0
3130.81	0
3131.63	0
3132.46	0
3133.28	0
3134.11	0
3134.94	0
3135.76	0
3136.59	0
3137.41	0
3138.24	0
3139.06	0
3139.89	0
3140.71	0
3141.54	0
3142.37	0
3143.19	0
3144.02	0
3144.85	0
3145.67	0
3146.5	0
3147.33	0
3148.15	0
3148.98	0
3149.81	1
3150.63	0
3151.46	0
3152.29	0
3153.12	0
3153.94	0
3154.77	0
3155.6	0
3156.43	0
3157.25	0
3158.08	0
3158.91	0
3159.74	0
3160.57	0
3161.4	0
3162.22	0
3163.05	0
3163.88	0
3164.71	0
3165.54	1
3166.37	0
3167.2	0
3168.03	0
3168.86	0
3169.69	0
3170.52	0
3171.34	0
3172.17	0
3173	0
3173.83	0
3174.66	0
3175.49	0
3176.32	0
3177.15	0
3177.99	0
3178.82	0
3179.65	0
3180.48	0
3181.31	0
3182.14	0
3182.97	0
3183.8	0
3184.63	0
3185.46	0
3186.3	0
3187.13	0
3187.96	0
3188.79	0
3189.62	0
3190.45	0
3191.29	0
3192.12	0
3192.95	0
3193.78	0
3194.62	0
3195.45	0
3196.28	0
3197.11	0
3197.95	0
3198.78	0
3199.61	0
3200.45	0
3201.28	0
3202.11	0
3202.95	0
3203.78	0
3204.61	0
3205.45	0
3206.28	0
3207.11	1
3207.95	0
3208.78	0
3209.62	0
3210.45	0
3211.29	0
3212.12	0
3212.95	0
3213.79	0
3214.62	0
3215.46	0
3216.29	0
3217.13	0
3217.96	0
3218.8	0
3219.64	0
3220.47	0
3221.31	0
3222.14	0
3222.98	0
3223.81	0
3224.65	0
3225.49	0
3226.32	0
3227.16	0
3228	0
3228.83	1
3229.67	0
3230.51	0
3231.34	0
3232.18	0
3233.02	0
3233.85	0
3234.69	0
3235.53	0
3236.37	0
3237.2	0
3238.04	0
3238.88	0
3239.72	0
3240.55	0
3241.39	0
3242.23	0
3243.07	0
3243.91	0
3244.75	0
3245.58	0
3246.42	0
3247.26	0
3248.1	0
3248.94	0
3249.78	0
3250.62	0
3251.46	0
3252.3	0
3253.14	0
3253.97	0
3254.81	0
3255.65	0
3256.49	0
3257.33	0
3258.17	0
3259.01	0
3259.85	0
3260.7	0
3261.54	0
3262.38	0
3263.22	0
3264.06	0
3264.9	0
3265.74	0
3266.58	0
3267.42	0
3268.26	0
3269.1	0
3269.95	0
3270.79	0
3271.63	0
3272.47	0
3273.31	0
3274.15	0
3275	0
3275.84	0
3276.68	0
3277.52	0
3278.37	0
3279.21	0
3280.05	0
3280.89	0
3281.74	0
3282.58	0
3283.42	0
3284.27	0
3285.11	0
3285.95	0
3286.8	0
3287.64	0
3288.48	0
3289.33	0
3290.17	0
3291.02	0
3291.86	0
3292.7	0
3293.55	0
3294.39	0
3295.24	0
3296.08	0
3296.93	0
3297.77	0
3298.62	0
3299.46	0
3300.31	0
3301.15	0
3302	0
3302.84	0
3303.69	0
3304.53	0
3305.38	0
3306.22	0
3307.07	0
3307.92	0
3308.76	0
3309.61	0
3310.46	0
3311.3	0
3312.15	0
3313	0
3313.84	0
3314.69	0
3315.54	1
3316.38	0
3317.23	0
3318.08	0
3318.92	0
3319.77	0
3320.62	1
3321.47	0
3322.31	0
3323.16	0
3324.01	0
3324.86	0
3325.71	0
3326.55	0
3327.4	0
3328.25	0
3329.1	0
3329.95	0
3330.8	0
3331.65	0
3332.5	0
3333.34	0
3334.19	0
3335.04	0
3335.89	0
3336.74	0
3337.59	0
3338.44	0
3339.29	0
3340.14	0
3340.99	0
3341.84	0
3342.69	0
3343.54	0
3344.39	0
3345.24	1
3346.09	0
3346.94	0
3347.79	0
3348.64	0
3349.5	0
3350.35	0
3351.2	0
3352.05	0
3352.9	0
3353.75	0
3354.6	0
3355.46	0
3356.31	0
3357.16	0
3358.01	0
3358.86	0
3359.72	0
3360.57	0
3361.42	0
3362.27	0
3363.13	0
3363.98	0
3364.83	0
3365.68	0
3366.54	0
3367.39	0
3368.24	0
3369.1	0
3369.95	0
3370.8	1
3371.66	0
3372.51	0
3373.36	0
3374.22	0
3375.07	0
3375.93	0
3376.78	0
3377.63	0
3378.49	0
3379.34	0
3380.2	0
3381.05	0
3381.91	0
3382.76	0
3383.62	0
3384.47	1
3385.33	0
3386.18	0
3387.04	0
3387.89	0
3388.75	0
3389.61	1
3390.46	0
3391.32	1
3392.17	0
3393.03	0
3393.89	0
3394.74	0
3395.6	0
3396.46	0
3397.31	0
3398.17	0
3399.03	0
3399.88	0
3400.74	0
3401.6	0
3402.45	0
3403.31	0
3404.17	0
3405.03	0
3405.88	0
3406.74	0
3407.6	0
3408.46	0
3409.32	0
3410.17	0
3411.03	0
3411.89	0
3412.75	0
3413.61	0
3414.47	0
3415.33	0
3416.18	0
3417.04	1
3417.9	0
3418.76	0
3419.62	0
3420.48	0
3421.34	0
3422.2	0
3423.06	0
3423.92	0
3424.78	0
3425.64	0
3426.5	0
3427.36	0
3428.22	0
3429.08	0
3429.94	0
3430.8	0
3431.66	0
3432.52	0
3433.38	0
3434.25	0
3435.11	0
3435.97	0
3436.83	0
3437.69	0
3438.55	0
3439.41	0
3440.28	0
3441.14	0
3442	0
3442.86	0
3443.72	0
3444.59	0
3445.45	0
3446.31	0
3447.17	0
3448.04	0
3448.9	0
3449.76	0
3450.62	0
3451.49	0
3452.35	0
3453.21	0
3454.08	0
3454.94	0
3455.8	0
3456.67	0
3457.53	0
3458.4	0
3459.26	0
3460.12	0
3460.99	0
3461.85	0
3462.72	1
3463.58	1
3464.45	0
3465.31	0
3466.18	0
3467.04	0
3467.91	0
3468.77	0
3469.64	0
3470.5	0
3471.37	0
3472.23	0
3473.1	0
3473.96	0
3474.83	1
3475.7	0
3476.56	0
3477.43	0
3478.29	0
3479.16	0
3480.03	0
3480.89	0
3481.76	0
3482.63	0
3483.49	0
3484.36	0
3485.23	0
3486.09	0
3486.96	0
3487.83	0
3488.7	0
3489.56	0
3490.43	0
3491.3	0
3492.17	0
3493.04	0
3493.9	0
3494.77	0
3495.64	0
3496.51	0
3497.38	0
3498.25	0
3499.11	0
3499.98	0
3500.85	0
3501.72	0
3502.59	0
3503.46	0
3504.33	2
3505.2	0
3506.07	0
3506.94	0
3507.81	0
3508.68	0
3509.55	0
3510.42	0
3511.29	0
3512.16	0
3513.03	0
3513.9	0
3514.77	0
3515.64	1
3516.51	0
3517.38	0
3518.25	0
3519.12	0
3519.99	0
3520.87	0
3521.74	0
3522.61	0
3523.48	0
3524.35	0
3525.22	0
3526.1	0
3526.97	0
3527.84	0
3528.71	0
3529.58	0
3530.46	0
3531.33	0
3532.2	0
3533.07	0
3533.95	0
3534.82	0
3535.69	0
3536.57	0
3537.44	0
3538.31	0
3539.19	0
3540.06	0
3540.93	0
3541.81	0
3542.68	0
3543.55	0
3544.43	0
3545.3	0
3546.18	0
3547.05	0
3547.93	0
3548.8	0
3549.68	0
3550.55	0
3551.42	0
3552.3	0
3553.17	0
3554.05	0
3554.93	0
3555.8	0
3556.68	0
3557.55	0
3558.43	0
3559.3	0
3560.18	0
3561.06	0
3561.93	0
3562.81	0
3563.68	0
3564.56	0
3565.44	0
3566.31	0
3567.19	0
3568.07	0
3568.94	0
3569.82	0
3570.7	0
3571.58	0
3572.45	0
3573.33	0
3574.21	0
3575.09	0
3575.96	0
3576.84	0
3577.72	0
3578.6	1
3579.48	0
3580.35	0
3581.23	0
3582.11	1
3582.99	0
3583.87	0
3584.75	0
3585.63	0
3586.5	0
3587.38	0
3588.26	0
3589.14	0
3590.02	0
3590.9	0
3591.78	0
3592.66	0
3593.54	0
3594.42	0
3595.3	0
3596.18	0
3597.06	0
3597.94	0
3598.82	0
3599.7	0
3600.58	0
3601.46	0
3602.34	0
3603.22	0
3604.11	0
3604.99	0
3605.87	0
3606.75	0
3607.63	0
3608.51	0
3609.39	0
3610.28	0
3611.16	0
3612.04	0
3612.92	0
3613.8	0
3614.69	0
3615.57	0
3616.45	0
3617.33	0
3618.22	0
3619.1	0
3619.98	0
3620.87	0
3621.75	0
3622.63	0
3623.51	0
3624.4	0
3625.28	0
3626.17	0
3627.05	0
3627.93	0
3628.82	1
3629.7	0
3630.59	0
3631.47	0
3632.35	0
3633.24	0
3634.12	0
3635.01	0
3635.89	0
3636.78	0
3637.66	0
3638.55	0
3639.43	0
3640.32	0
3641.2	0
3642.09	0
3642.97	0
3643.86	0
3644.75	0
3645.63	0
3646.52	0
3647.4	0
3648.29	0
3649.18	0
3650.06	1
3650.95	0
3651.84	0
3652.72	0
3653.61	0
3654.5	0
3655.38	0
3656.27	0
3657.16	0
3658.05	0
3658.93	0
3659.82	0
3660.71	0
3661.6	0
3662.48	0
3663.37	0
3664.26	0
3665.15	0
3666.04	1
3666.92	0
3667.81	0
3668.7	0
3669.59	0
3670.48	0
3671.37	0
3672.26	0
3673.15	0
3674.04	0
3674.92	0
3675.81	0
3676.7	0
3677.59	0
3678.48	1
3679.37	0
3680.26	0
3681.15	0
3682.04	0
3682.93	0
3683.82	0
3684.71	0
3685.61	0
3686.5	0
3687.39	0
3688.28	0
3689.17	0
3690.06	0
3690.95	0
3691.84	0
3692.73	0
3693.62	0
3694.52	0
3695.41	0
3696.3	0
3697.19	0
3698.08	1
3698.98	0
3699.87	0
3700.76	0
3701.65	0
3702.55	0
3703.44	0
3704.33	0
3705.22	0
3706.12	0
3707.01	0
3707.9	0
3708.8	0
3709.69	0
3710.58	0
3711.48	0
3712.37	0
3713.26	0
3714.16	0
3715.05	0
3715.95	0
3716.84	0
3717.74	0
3718.63	0
3719.52	0
3720.42	0
3721.31	0
3722.21	0
3723.1	0
3724	0
3724.89	0
3725.79	0
3726.68	0
3727.58	0
3728.48	0
3729.37	0
3730.27	0
3731.16	0
3732.06	0
3732.95	0
3733.85	0
3734.75	0
3735.64	0
3736.54	0
3737.44	0
3738.33	0
3739.23	0
3740.13	0
3741.02	0
3741.92	0
3742.82	0
3743.72	0
3744.61	0
3745.51	0
3746.41	0
3747.31	0
3748.2	0
3749.1	0
3750	0
3750.9	0
3751.8	0
3752.7	0
3753.59	0
3754.49	0
3755.39	0
3756.29	0
3757.19	0
3758.09	1
3758.99	0
3759.89	0
3760.79	0
3761.68	0
3762.58	0
3763.48	0
3764.38	0
3765.28	0
3766.18	0
3767.08	0
3767.98	0
3768.88	0
3769.78	0
3770.68	0
3771.59	0
3772.49	1
3773.39	0
3774.29	0
3775.19	0
3776.09	0
3776.99	0
3777.89	0
3778.79	0
3779.7	0
3780.6	0
3781.5	0
3782.4	0
3783.3	0
3784.2	0
3785.11	0
3786.01	0
3786.91	0
3787.81	0
3788.72	0
3789.62	0
3790.52	0
3791.42	0
3792.33	0
3793.23	0
3794.13	0
3795.04	0
3795.94	0
3796.84	0
3797.75	0
3798.65	0
3799.56	0
3800.46	0
3801.36	0
3802.27	0
3803.17	0
3804.08	0
3804.98	0
3805.88	0
3806.79	0
3807.69	0
3808.6	0
3809.5	0
3810.41	0
3811.31	0
3812.22	0
3813.13	0
3814.03	0
3814.94	0
3815.84	0
3816.75	0
3817.65	0
3818.56	0
3819.47	0
3820.37	1
3821.28	0
3822.18	0
3823.09	0
3824	0
3824.9	0
3825.81	0
3826.72	0
3827.63	0
3828.53	0
3829.44	0
3830.35	0
3831.25	0
3832.16	0
3833.07	0
3833.98	0
3834.89	0
3835.79	0
3836.7	0
3837.61	0
3838.52	0
3839.43	0
3840.34	0
3841.24	0
3842.15	0
3843.06	0
3843.97	0
3844.88	1
3845.79	0
3846.7	0
3847.61	0
3848.52	0
3849.43	0
3850.34	0
3851.25	0
3852.16	0
3853.07	0
3853.98	0
3854.89	0
3855.8	0
3856.71	0
3857.62	0
3858.53	0
3859.44	1
3860.35	0
3861.26	0
3862.17	0
3863.08	0
3863.99	0
3864.91	0
3865.82	0
3866.73	0
3867.64	0
3868.55	0
3869.46	0
3870.38	0
3871.29	0
3872.2	0
3873.11	0
3874.03	0
3874.94	0
3875.85	0
3876.76	0
3877.68	0
3878.59	0
3879.5	0
3880.42	0
3881.33	0
3882.24	0
3883.16	0
3884.07	0
3884.98	0
3885.9	0
3886.81	0
3887.72	0
3888.64	0
3889.55	0
3890.47	0
3891.38	0
3892.3	0
3893.21	0
3894.13	0
3895.04	0
3895.96	0
3896.87	0
3897.79	0
3898.7	0
3899.62	0
3900.53	0
3901.45	0
3902.36	0
3903.28	0
3904.19	0
3905.11	0
3906.03	0
3906.94	0
3907.86	0
3908.78	0
3909.69	0
3910.61	0
3911.53	0
3912.44	0
3913.36	0
3914.28	0
3915.19	0
3916.11	0
3917.03	0
3917.95	0
3918.86	0
3919.78	0
3920.7	0
3921.62	0
3922.53	0
3923.45	0
3924.37	0
3925.29	0
3926.21	0
3927.13	0
3928.05	0
3928.96	0
3929.88	0
3930.8	0
3931.72	0
3932.64	0
3933.56	0
3934.48	0
3935.4	0
3936.32	0
3937.24	0
3938.16	0
3939.08	0
3940	0
3940.92	0
3941.84	0
3942.76	0
3943.68	0
3944.6	0
3945.52	0
3946.44	0
3947.36	0
3948.28	0
3949.2	0
3950.12	0
3951.05	0
3951.97	0
3952.89	0
3953.81	0
3954.73	0
3955.65	0
3956.58	1
3957.5	0
3958.42	0
3959.34	0
3960.26	0
3961.19	0
3962.11	0
3963.03	0
3963.95	0
3964.88	0
3965.8	0
3966.72	0
3967.65	0
3968.57	0
3969.49	0
3970.42	0
3971.34	0
3972.26	0
3973.19	1
3974.11	0
3975.04	0
3975.96	0
3976.88	1
3977.81	0
3978.73	0
3979.66	1
3980.58	0
3981.51	0
3982.43	0
3983.36	0
3984.28	0
3985.21	0
3986.13	0
3987.06	1
3987.98	0
3988.91	0
3989.84	0
3990.76	0
3991.69	0
3992.61	0
3993.54	0
3994.47	0
3995.39	0
3996.32	0
3997.25	0
3998.17	0
3999.1	1
4000.03	0
4000.95	0
4001.88	0
4002.81	0
4003.73	0
4004.66	0
4005.59	0
4006.52	1
4007.44	0
4008.37	0
4009.3	0
4010.23	0
4011.16	0
4012.08	0
4013.01	0
4013.94	0
4014.87	0
4015.8	0
4016.73	0
4017.66	0
4018.59	0
4019.51	0
4020.44	0
4021.37	0
4022.3	0
4023.23	0
4024.16	0
4025.09	0
4026.02	0
4026.95	0
4027.88	0
4028.81	0
4029.74	0
4030.67	0
4031.6	0
4032.53	0
4033.46	0
4034.4	0
4035.33	0
4036.26	0
4037.19	0
4038.12	0
4039.05	0
4039.98	0
4040.91	0
4041.85	0
4042.78	0
4043.71	0
4044.64	0
4045.57	0
4046.51	0
4047.44	0
4048.37	0
4049.3	0
4050.24	0
4051.17	0
4052.1	0
4053.03	0
4053.97	0
4054.9	0
4055.83	0
4056.77	0
4057.7	0
4058.63	0
4059.57	0
4060.5	0
4061.44	0
4062.37	0
4063.3	0
4064.24	1
4065.17	1
4066.11	0
4067.04	0
4067.98	0
4068.91	0
4069.85	0
4070.78	0
4071.72	0
4072.65	0
4073.59	0
4074.52	0
4075.46	0
4076.39	0
4077.33	0
4078.26	0
4079.2	0
4080.14	0
4081.07	0
4082.01	0
4082.95	0
4083.88	0
4084.82	0
4085.76	0
4086.69	0
4087.63	0
4088.57	0
4089.5	0
4090.44	0
4091.38	0
4092.32	1
4093.25	0
4094.19	0
4095.13	0
4096.07	0
4097	0
4097.94	0
4098.88	0
4099.82	0
4100.76	0
4101.7	0
4102.63	0
4103.57	0
4104.51	0
4105.45	0
4106.39	0
4107.33	0
4108.27	0
4109.21	0
4110.15	0
4111.09	0
4112.03	0
4112.97	1
4113.91	1
4114.85	0
4115.79	0
4116.73	0
4117.67	0
4118.61	0
4119.55	0
4120.49	0
4121.43	0
4122.37	0
4123.31	0
4124.25	0
4125.19	0
4126.13	0
4127.08	0
4128.02	0
4128.96	0
4129.9	0
4130.84	0
4131.78	0
4132.73	0
4133.67	0
4134.61	0
4135.55	0
4136.5	0
4137.44	0
4138.38	0
4139.32	0
4140.27	0
4141.21	0
4142.15	0
4143.1	0
4144.04	0
4144.98	0
4145.93	0
4146.87	0
4147.81	0
4148.76	0
4149.7	0
4150.65	0
4151.59	0
4152.53	0
4153.48	0
4154.42	0
4155.37	0
4156.31	0
4157.26	0
4158.2	0
4159.15	0
4160.09	0
4161.04	0
4161.98	0
4162.93	0
4163.87	0
4164.82	0
4165.77	0
4166.71	0
4167.66	0
4168.6	0
4169.55	0
4170.5	0
4171.44	0
4172.39	0
4173.34	0
4174.28	0
4175.23	0
4176.18	0
4177.12	0
4178.07	0
4179.02	0
4179.96	0
4180.91	0
4181.86	0
4182.81	0
4183.76	0
4184.7	0
4185.65	0
4186.6	0
4187.55	0
4188.5	0
4189.44	0
4190.39	0
4191.34	0
4192.29	0
4193.24	0
4194.19	0
4195.14	0
4196.09	0
4197.04	0
4197.99	0
4198.94	0
4199.88	0
4200.83	0
4201.78	0
4202.73	0
4203.68	0
4204.63	0
4205.59	0
4206.54	0
4207.49	0
4208.44	0
4209.39	0
4210.34	0
4211.29	0
4212.24	0
4213.19	0
4214.14	0
4215.09	0
4216.05	1
4217	0
4217.95	0
4218.9	0
4219.85	0
4220.8	0
4221.76	0
4222.71	0
4223.66	0
4224.61	0
4225.57	1
4226.52	0
4227.47	0
4228.42	0
4229.38	1
4230.33	0
4231.28	0
4232.24	0
4233.19	0
4234.14	0
4235.1	0
4236.05	0
4237.01	1
4237.96	0
4238.91	0
4239.87	0
4240.82	0
4241.78	0
4242.73	0
4243.69	0
4244.64	0
4245.59	0
4246.55	0
4247.5	0
4248.46	0
4249.42	0
4250.37	0
4251.33	0
4252.28	0
4253.24	0
4254.19	0
4255.15	0
4256.1	0
4257.06	0
4258.02	0
4258.97	0
4259.93	0
4260.89	1
4261.84	0
4262.8	0
4263.76	0
4264.71	0
4265.67	0
4266.63	0
4267.59	0
4268.54	0
4269.5	0
4270.46	0
4271.42	0
4272.37	0
4273.33	0
4274.29	0
4275.25	0
4276.21	0
4277.16	0
4278.12	0
4279.08	0
4280.04	0
4281	0
4281.96	0
4282.92	0
4283.88	0
4284.84	0
4285.79	0
4286.75	1
4287.71	0
4288.67	0
4289.63	0
4290.59	0
4291.55	0
4292.51	0
4293.47	0
4294.43	0
4295.39	0
4296.35	0
4297.32	0
4298.28	1
4299.24	0
4300.2	0
4301.16	0
4302.12	0
4303.08	0
4304.04	1
4305	0
4305.97	1
4306.93	0
4307.89	0
4308.85	0
4309.81	0
4310.78	0
4311.74	0
4312.7	1
4313.66	0
4314.63	0
4315.59	0
4316.55	0
4317.51	0
4318.48	0
4319.44	0
4320.4	0
4321.37	0
4322.33	0
4323.29	0
4324.26	0
4325.22	0
4326.19	0
4327.15	0
4328.11	0
4329.08	1
4330.04	0
4331.01	0
4331.97	0
4332.94	0
4333.9	0
4334.87	0
4335.83	0
4336.8	0
4337.76	1
4338.73	0
4339.69	0
4340.66	1
4341.62	0
4342.59	0
4343.55	0
4344.52	1
4345.49	0
4346.45	0
4347.42	0
4348.38	0
4349.35	0
4350.32	0
4351.28	0
4352.25	0
4353.22	1
4354.19	0
4355.15	0
4356.12	0
4357.09	0
4358.05	0
4359.02	0
4359.99	0
4360.96	0
4361.93	1
4362.89	0
4363.86	0
4364.83	0
4365.8	0
4366.77	0
4367.74	0
4368.7	0
4369.67	1
4370.64	1
4371.61	0
4372.58	0
4373.55	0
4374.52	0
4375.49	0
4376.46	1
4377.43	0
4378.4	1
4379.37	0
4380.34	0
4381.31	0
4382.28	0
4383.25	0
4384.22	1
4385.19	0
4386.16	0
4387.13	0
4388.1	0
4389.07	0
4390.04	0
4391.01	0
4391.99	0
4392.96	0
4393.93	0
4394.9	0
4395.87	0
4396.84	0
4397.81	0
4398.79	0
4399.76	1
4400.73	1
4401.7	0
4402.68	0
4403.65	0
4404.62	0
4405.59	0
4406.57	0
4407.54	0
4408.51	0
4409.49	0
4410.46	0
4411.43	0
4412.41	0
4413.38	0
4414.35	0
4415.33	0
4416.3	0
4417.28	0
4418.25	0
4419.23	0
4420.2	0
4421.17	0
4422.15	0
4423.12	0
4424.1	0
4425.07	0
4426.05	0
4427.02	0
4428	0
4428.97	0
4429.95	0
4430.93	0
4431.9	0
4432.88	0
4433.85	1
4434.83	1
4435.81	0
4436.78	0
4437.76	0
4438.73	0
4439.71	0
4440.69	0
4441.66	0
4442.64	0
4443.62	0
4444.6	0
4445.57	0
4446.55	0
4447.53	0
4448.51	0
4449.48	0
4450.46	0
4451.44	0
4452.42	0
4453.4	0
4454.37	0
4455.35	0
4456.33	1
4457.31	0
4458.29	1
4459.27	0
4460.25	0
4461.22	0
4462.2	0
4463.18	0
4464.16	0
4465.14	0
4466.12	0
4467.1	0
4468.08	0
4469.06	0
4470.04	0
4471.02	0
4472	0
4472.98	0
4473.96	0
4474.94	0
4475.92	0
4476.9	0
4477.88	0
4478.87	0
4479.85	0
4480.83	0
4481.81	0
4482.79	0
4483.77	0
4484.75	0
4485.74	0
4486.72	0
4487.7	0
4488.68	0
4489.66	0
4490.65	0
4491.63	0
4492.61	0
4493.59	0
4494.58	0
4495.56	0
4496.54	0
4497.53	1
4498.51	0
4499.49	0
4500.48	0
4501.46	0
4502.44	0
4503.43	0
4504.41	0
4505.39	0
4506.38	0
4507.36	0
4508.35	0
4509.33	0
4510.32	0
4511.3	0
4512.28	0
4513.27	0
4514.25	0
4515.24	0
4516.22	0
4517.21	0
4518.2	0
4519.18	0
4520.17	0
4521.15	0
4522.14	0
4523.12	0
4524.11	0
4525.1	0
4526.08	0
4527.07	0
4528.05	0
4529.04	0
4530.03	0
4531.01	0
4532	0
4532.99	0
4533.98	0
4534.96	0
4535.95	0
4536.94	0
4537.93	0
4538.91	0
4539.9	0
4540.89	0
4541.88	0
4542.87	0
4543.85	0
4544.84	0
4545.83	0
4546.82	0
4547.81	0
4548.8	0
4549.78	0
4550.77	0
4551.76	0
4552.75	0
4553.74	0
4554.73	0
4555.72	0
4556.71	0
4557.7	0
4558.69	0
4559.68	0
4560.67	0
4561.66	0
4562.65	0
4563.64	0
4564.63	0
4565.62	0
4566.61	0
4567.6	0
4568.59	0
4569.59	0
4570.58	0
4571.57	0
4572.56	0
4573.55	0
4574.54	0
4575.53	0
4576.53	0
4577.52	0
4578.51	0
4579.5	0
4580.49	0
4581.49	0
4582.48	0
4583.47	0
4584.47	0
4585.46	0
4586.45	0
4587.44	0
4588.44	0
4589.43	0
4590.42	0
4591.42	0
4592.41	0
4593.4	0
4594.4	0
4595.39	0
4596.39	0
4597.38	0
4598.38	0
4599.37	0
4600.36	0
4601.36	0
4602.35	0
4603.35	0
4604.34	0
4605.34	0
4606.33	0
4607.33	0
4608.32	0
4609.32	0
4610.31	0
4611.31	0
4612.31	0
4613.3	0
4614.3	0
4615.29	0
4616.29	0
4617.29	0
4618.28	0
4619.28	0
4620.28	0
4621.27	0
4622.27	0
4623.27	0
4624.26	0
4625.26	0
4626.26	0
4627.26	0
4628.25	0
4629.25	0
4630.25	0
4631.25	0
4632.25	0
4633.24	0
4634.24	0
4635.24	0
4636.24	0
4637.24	0
4638.24	0
4639.24	0
4640.23	0
4641.23	0
4642.23	0
4643.23	0
4644.23	0
4645.23	0
4646.23	0
4647.23	0
4648.23	0
4649.23	0
4650.23	0
4651.23	0
4652.23	0
4653.23	0
4654.23	0
4655.23	0
4656.23	0
4657.23	0
4658.23	0
4659.23	0
4660.24	0
4661.24	0
4662.24	0
4663.24	0
4664.24	0
4665.24	0
4666.24	0
4667.25	0
4668.25	0
4669.25	0
4670.25	0
4671.26	0
4672.26	0
4673.26	0
4674.26	0
4675.27	0
4676.27	0
4677.27	0
4678.27	0
4679.28	0
4680.28	0
4681.28	0
4682.29	0
4683.29	0
4684.3	0
4685.3	0
4686.3	0
4687.31	0
4688.31	0
4689.32	0
4690.32	0
4691.32	0
4692.33	0
4693.33	0
4694.34	0
4695.34	0
4696.35	0
4697.35	0
4698.36	0
4699.37	0
4700.37	0
4701.38	0
4702.38	0
4703.39	0
4704.39	0
4705.4	0
4706.41	0
4707.41	0
4708.42	0
4709.43	0
4710.43	0
4711.44	0
4712.45	0
4713.45	0
4714.46	0
4715.47	0
4716.47	0
4717.48	0
4718.49	0
4719.5	0
4720.51	0
4721.51	0
4722.52	0
4723.53	0
4724.54	0
4725.55	0
4726.55	0
4727.56	0
4728.57	0
4729.58	0
4730.59	0
4731.6	0
4732.61	0
4733.62	0
4734.63	0
4735.63	0
4736.64	0
4737.65	0
4738.66	0
4739.67	0
4740.68	0
4741.69	0
4742.7	0
4743.71	0
4744.72	0
4745.74	0
4746.75	0
4747.76	0
4748.77	0
4749.78	0
4750.79	0
4751.8	0
4752.81	0
4753.82	0
4754.84	0
4755.85	0
4756.86	0
4757.87	0
4758.88	0
4759.89	0
4760.91	0
4761.92	0
4762.93	0
4763.94	0
4764.96	0
4765.97	0
4766.98	0
4768	0
4769.01	0
4770.02	0
4771.03	0
4772.05	0
4773.06	0
4774.08	0
4775.09	0
4776.1	0
4777.12	0
4778.13	0
4779.15	0
4780.16	0
4781.17	0
4782.19	0
4783.2	0
4784.22	0
4785.23	0
4786.25	0
4787.26	0
4788.28	0
4789.29	0
4790.31	0
4791.32	0
4792.34	0
4793.36	0
4794.37	0
4795.39	0
4796.4	0
4797.42	0
4798.44	0
4799.45	0
4800.47	0
4801.49	0
4802.5	0
4803.52	0
4804.54	0
4805.55	0
4806.57	0
4807.59	0
4808.61	0
4809.62	0
4810.64	0
4811.66	0
4812.68	0
4813.69	0
4814.71	0
4815.73	0
4816.75	0
4817.77	0
4818.79	0
4819.81	0
4820.82	0
4821.84	0
4822.86	0
4823.88	0
4824.9	0
4825.92	0
4826.94	0
4827.96	0
4828.98	0
4830	0
4831.02	0
4832.04	0
4833.06	0
4834.08	0
4835.1	0
4836.12	0
4837.14	0
4838.16	0
4839.18	0
4840.2	0
4841.22	0
4842.24	0
4843.27	0
4844.29	0
4845.31	0
4846.33	0
4847.35	0
4848.37	0
4849.4	0
4850.42	0
4851.44	0
4852.46	0
4853.48	0
4854.51	0
4855.53	0
4856.55	0
4857.57	0
4858.6	0
4859.62	0
4860.64	0
4861.67	0
4862.69	0
4863.71	0
4864.74	0
4865.76	0
4866.78	0
4867.81	0
4868.83	0
4869.86	0
4870.88	0
4871.91	0
4872.93	0
4873.95	0
4874.98	0
4876	0
4877.03	0
4878.05	0
4879.08	0
4880.1	0
4881.13	0
4882.16	0
4883.18	0
4884.21	0
4885.23	0
4886.26	0
4887.28	0
4888.31	0
4889.34	0
4890.36	0
4891.39	0
4892.42	0
4893.44	0
4894.47	0
4895.5	0
4896.52	0
4897.55	0
4898.58	0
4899.61	0
4900.63	0
4901.66	0
4902.69	0
4903.72	0
4904.74	0
4905.77	0
4906.8	0
4907.83	0
4908.86	0
4909.89	0
4910.91	0
4911.94	0
4912.97	0
4914	0
4915.03	0
4916.06	0
4917.09	0
4918.12	0
4919.15	0
4920.18	0
4921.21	0
4922.24	0
4923.27	0
4924.3	0
4925.33	0
4926.36	0
4927.39	0
4928.42	0
4929.45	0
4930.48	0
4931.51	0
4932.54	0
4933.57	0
4934.6	0
4935.64	0
4936.67	0
4937.7	0
4938.73	0
4939.76	0
4940.79	0
4941.83	0
4942.86	0
4943.89	0
4944.92	0
4945.95	0
4946.99	0
4948.02	0
4949.05	0
4950.09	0
4951.12	0
4952.15	0
4953.19	0
4954.22	0
4955.25	0
4956.29	0
4957.32	0
4958.35	0
4959.39	0
4960.42	0
4961.45	0
4962.49	0
4963.52	0
4964.56	0
4965.59	0
4966.63	0
4967.66	0
4968.7	0
4969.73	0
4970.77	0
4971.8	0
4972.84	0
4973.87	0
4974.91	0
4975.94	0
4976.98	0
4978.02	0
4979.05	0
4980.09	0
4981.12	0
4982.16	0
4983.2	0
4984.23	0
4985.27	0
4986.31	0
4987.34	0
4988.38	0
4989.42	0
4990.46	0
4991.49	0
4992.53	0
4993.57	0
4994.61	0
4995.64	0
4996.68	0
4997.72	0
4998.76	0
4999.8	0
5000.84	0
5001.87	0
5002.91	0
5003.95	0
5004.99	0
5006.03	0
5007.07	0
5008.11	0
5009.15	0
5010.19	0
5011.23	0
5012.27	0
5013.31	0
5014.35	0
5015.39	0
5016.43	0
5017.47	0
5018.51	0
5019.55	0
5020.59	0
5021.63	0
5022.67	0
5023.71	0
5024.75	0
5025.79	0
5026.83	0
5027.87	0
5028.92	0
5029.96	0
5031	0
5032.04	0
5033.08	0
5034.12	0
5035.17	0
5036.21	0
5037.25	0
5038.29	0
5039.34	0
5040.38	0
5041.42	0
5042.46	0
5043.51	0
5044.55	0
5045.59	0
5046.64	0
5047.68	0
5048.72	0
5049.77	0
5050.81	0
5051.86	0
5052.9	0
5053.94	0
5054.99	0
5056.03	0
5057.08	0
5058.12	0
5059.17	0
5060.21	0
5061.26	0
5062.3	0
5063.35	0
5064.39	0
5065.44	0
5066.48	0
5067.53	0
5068.57	0
5069.62	0
5070.67	0
5071.71	0
5072.76	0
5073.8	0
5074.85	0
5075.9	0
5076.94	0
5077.99	0
5079.04	0
5080.09	0
5081.13	0
5082.18	0
5083.23	0
5084.27	0
5085.32	0
5086.37	0
5087.42	0
5088.47	0
5089.51	0
5090.56	0
5091.61	0
5092.66	0
5093.71	0
5094.76	0
5095.8	0
5096.85	0
5097.9	0
5098.95	0
5100	0
5101.05	0
5102.1	0
5103.15	0
5104.2	0
5105.25	0
5106.3	0
5107.35	0
5108.4	0
5109.45	0
5110.5	0
5111.55	0
5112.6	0
5113.65	0
5114.7	0
5115.75	0
5116.8	0
5117.85	0
5118.9	0
5119.96	0
5121.01	0
5122.06	0
5123.11	0
5124.16	0
5125.21	0
5126.27	0
5127.32	0
5128.37	0
5129.42	0
5130.47	0
5131.53	0
5132.58	0
5133.63	0
5134.69	0
5135.74	0
5136.79	0
5137.84	0
5138.9	0
5139.95	0
5141.01	0
5142.06	0
5143.11	0
5144.17	0
5145.22	0
5146.27	0
5147.33	0
5148.38	0
5149.44	0
5150.49	0
5151.55	0
5152.6	0
5153.66	0
5154.71	0
5155.77	0
5156.82	0
5157.88	0
5158.93	0
5159.99	0
5161.04	0
5162.1	0
5163.16	0
5164.21	0
5165.27	0
5166.33	0
5167.38	0
5168.44	0
5169.49	0
5170.55	0
5171.61	0
5172.67	0
5173.72	0
5174.78	0
5175.84	0
5176.89	0
5177.95	0
5179.01	0
5180.07	0
5181.13	0
5182.18	0
5183.24	0
5184.3	0
5185.36	0
5186.42	0
5187.48	0
5188.53	0
5189.59	0
5190.65	0
5191.71	0
5192.77	0
5193.83	0
5194.89	0
5195.95	0
5197.01	0
5198.07	0
5199.13	0
5200.19	0
5201.25	0
5202.31	0
5203.37	0
5204.43	0
5205.49	0
5206.55	0
5207.61	0
5208.67	0
5209.73	0
5210.79	0
5211.85	0
5212.92	0
5213.98	0
5215.04	0
5216.1	0
5217.16	0
5218.22	0
5219.29	0
5220.35	0
5221.41	0
5222.47	0
5223.53	0
5224.6	0
5225.66	0
5226.72	0
5227.79	0
5228.85	0
5229.91	0
5230.98	0
5232.04	0
5233.1	0
5234.17	0
5235.23	0
5236.29	0
5237.36	0
5238.42	0
5239.49	0
5240.55	0
5241.61	0
5242.68	0
5243.74	0
5244.81	0
5245.87	0
5246.94	0
5248	0
5249.07	0
5250.13	0
5251.2	0
5252.26	0
5253.33	0
5254.4	0
5255.46	0
5256.53	0
5257.59	0
5258.66	0
5259.73	0
5260.79	0
5261.86	0
5262.93	0
5263.99	0
5265.06	0
5266.13	0
5267.19	0
5268.26	0
5269.33	0
5270.4	0
5271.46	0
5272.53	0
5273.6	0
5274.67	0
5275.74	0
5276.8	0
5277.87	0
5278.94	0
5280.01	0
5281.08	0
5282.15	0
5283.22	0
5284.28	0
5285.35	0
5286.42	0
5287.49	0
5288.56	0
5289.63	0
5290.7	0
5291.77	0
5292.84	0
5293.91	0
5294.98	0
5296.05	0
5297.12	0
5298.19	0
5299.26	0
5300.33	0
5301.4	0
5302.47	0
5303.55	0
5304.62	0
5305.69	0
5306.76	0
5307.83	0
5308.9	0
5309.97	0
5311.05	0
5312.12	0
5313.19	0
5314.26	0
5315.33	0
5316.41	0
5317.48	0
5318.55	0
5319.62	0
5320.7	0
5321.77	0
5322.84	0
5323.92	0
5324.99	0
5326.06	0
5327.14	0
5328.21	0
5329.28	0
5330.36	0
5331.43	0
5332.51	0
5333.58	0
5334.66	0
5335.73	0
5336.8	0
5337.88	0
5338.95	0
5340.03	0
5341.1	0
5342.18	0
5343.25	0
5344.33	0
5345.41	0
5346.48	0
5347.56	0
5348.63	0
5349.71	0
5350.78	0
5351.86	0
5352.94	0
5354.01	0
5355.09	0
5356.17	0
5357.24	0
5358.32	0
5359.4	0
5360.47	0
5361.55	0
5362.63	0
5363.71	0
5364.78	0
5365.86	0
5366.94	0
5368.02	0
5369.1	0
5370.17	0
5371.25	0
5372.33	0
5373.41	0
5374.49	0
5375.57	0
5376.65	0
5377.72	0
5378.8	0
5379.88	0
5380.96	0
5382.04	0
5383.12	0
5384.2	0
5385.28	0
5386.36	0
5387.44	0
5388.52	0
5389.6	0
5390.68	0
5391.76	0
5392.84	0
5393.92	0
5395	0
5396.08	0
5397.17	0
5398.25	0
5399.33	0
5400.41	0
5401.49	0
5402.57	0
5403.65	0
5404.74	0
5405.82	0
5406.9	0
5407.98	0
5409.06	0
5410.15	0
5411.23	0
5412.31	0
5413.39	0
5414.48	0
5415.56	0
5416.64	0
5417.73	0
5418.81	0
5419.89	0
5420.98	0
5422.06	0
5423.14	0
5424.23	0
5425.31	0
5426.4	0
5427.48	0
5428.57	0
5429.65	0
5430.73	0
5431.82	0
5432.9	0
5433.99	0
5435.07	0
5436.16	0
5437.24	0
5438.33	0
5439.42	0
5440.5	0
5441.59	0
5442.67	0
5443.76	0
5444.84	0
5445.93	0
5447.02	0
5448.1	0
5449.19	0
5450.28	0
5451.36	0
5452.45	0
5453.54	0
5454.63	0
5455.71	0
5456.8	0
5457.89	0
5458.97	0
5460.06	0
5461.15	0
5462.24	0
5463.33	0
5464.41	0
5465.5	0
5466.59	0
5467.68	0
5468.77	0
5469.86	0
5470.95	0
5472.04	0
5473.12	0
5474.21	0
5475.3	0
5476.39	0
5477.48	0
5478.57	0
5479.66	0
5480.75	0
5481.84	0
5482.93	0
5484.02	0
5485.11	0
5486.2	0
5487.29	0
5488.38	0
5489.48	0
5490.57	0
5491.66	0
5492.75	0
5493.84	0
5494.93	0
5496.02	0
5497.11	0
5498.21	0
5499.3	0
5500.39	0
5501.48	0
5502.57	0
5503.67	0
5504.76	0
5505.85	0
5506.94	0
5508.04	0
5509.13	0
5510.22	0
5511.32	0
5512.41	0
5513.5	0
5514.6	0
5515.69	0
5516.78	0
5517.88	0
5518.97	0
5520.07	0
5521.16	0
5522.25	0
5523.35	0
5524.44	0
5525.54	0
5526.63	0
5527.73	0
5528.82	0
5529.92	0
5531.01	0
5532.11	0
5533.2	0
5534.3	0
5535.4	0
5536.49	0
5537.59	0
5538.68	0
5539.78	0
5540.88	0
5541.97	0
5543.07	0
5544.17	0
5545.26	0
5546.36	0
5547.46	0
5548.55	0
5549.65	0
5550.75	0
5551.85	0
5552.94	0
5554.04	0
5555.14	0
5556.24	0
5557.33	0
5558.43	0
5559.53	0
5560.63	0
5561.73	0
5562.83	0
5563.92	0
5565.02	0
5566.12	0
5567.22	0
5568.32	0
5569.42	0
5570.52	0
5571.62	0
5572.72	0
5573.82	0
5574.92	0
5576.02	0
5577.12	0
5578.22	0
5579.32	0
5580.42	0
5581.52	0
5582.62	0
5583.72	0
5584.82	0
5585.92	0
5587.03	0
5588.13	0
5589.23	0
5590.33	0
5591.43	0
5592.53	0
5593.63	0
5594.74	0
5595.84	0
5596.94	0
5598.04	0
5599.15	0
5600.25	0
5601.35	0
5602.45	0
5603.56	0
5604.66	0
5605.76	0
5606.87	0
5607.97	0
5609.07	0
5610.18	0
5611.28	0
5612.38	0
5613.49	0
5614.59	0
5615.7	0
5616.8	0
5617.91	0
5619.01	0
5620.11	0
5621.22	0
5622.32	0
5623.43	0
5624.53	0
5625.64	0
5626.74	0
5627.85	0
5628.96	0
5630.06	0
5631.17	0
5632.27	0
5633.38	0
5634.49	0
5635.59	0
5636.7	0
5637.81	0
5638.91	0
5640.02	0
5641.13	0
5642.23	0
5643.34	0
5644.45	0
5645.55	0
5646.66	0
5647.77	0
5648.88	0
5649.98	0
5651.09	0
5652.2	0
5653.31	0
5654.42	0
5655.53	0
5656.63	0
5657.74	0
5658.85	0
5659.96	0
5661.07	0
5662.18	0
5663.29	0
5664.4	0
5665.51	0
5666.62	0
5667.73	0
5668.84	0
5669.95	0
5671.06	0
5672.17	0
5673.28	0
5674.39	0
5675.5	0
5676.61	0
5677.72	0
5678.83	0
5679.94	0
5681.05	0
5682.16	0
5683.27	0
5684.38	0
5685.5	0
5686.61	0
5687.72	0
5688.83	0
5689.94	0
5691.06	0
5692.17	0
5693.28	0
5694.39	0
5695.51	0
5696.62	0
5697.73	0
5698.84	0
5699.96	0
5701.07	0
5702.18	0
5703.3	0
5704.41	0
5705.52	0
5706.64	0
5707.75	0
5708.87	0
5709.98	0
5711.09	0
5712.21	0
5713.32	0
5714.44	0
5715.55	0
5716.67	0
5717.78	0
5718.9	0
5720.01	0
5721.13	0
5722.24	0
5723.36	0
5724.47	0
5725.59	0
5726.71	0
5727.82	0
5728.94	0
5730.05	0
5731.17	0
5732.29	0
5733.4	0
5734.52	0
5735.64	0
5736.75	0
5737.87	0
5738.99	0
5740.11	0
5741.22	0
5742.34	0
5743.46	0
5744.58	0
5745.69	0
5746.81	0
5747.93	0
5749.05	0
5750.17	0
5751.29	0
5752.4	0
5753.52	0
5754.64	0
5755.76	0
5756.88	0
5758	0
5759.12	0
5760.24	0
5761.36	0
5762.48	0
5763.6	0
5764.72	0
5765.84	0
5766.96	0
5768.08	0
5769.2	0
5770.32	0
5771.44	0
5772.56	0
5773.68	0
5774.8	0
5775.92	0
5777.04	0
5778.16	0
5779.29	0
5780.41	0
5781.53	0
5782.65	0
5783.77	0
5784.89	0
5786.02	0
5787.14	0
5788.26	0
5789.38	0
5790.51	0
5791.63	0
5792.75	0
5793.87	0
5795	0
5796.12	0
5797.24	0
5798.37	0
5799.49	0
5800.61	0
5801.74	0
5802.86	0
5803.99	0
5805.11	0
5806.23	0
5807.36	0
5808.48	0
5809.61	0
5810.73	0
5811.86	0
5812.98	0
5814.11	0
5815.23	0
5816.36	0
5817.48	0
5818.61	0
5819.73	0
5820.86	0
5821.99	0
5823.11	0
5824.24	0
5825.36	0
5826.49	0
5827.62	0
5828.74	0
5829.87	0
5831	0
5832.12	0
5833.25	0
5834.38	0
5835.5	0
5836.63	0
5837.76	0
5838.89	0
5840.02	0
5841.14	0
5842.27	0
5843.4	0
5844.53	0
5845.66	0
5846.78	0
5847.91	0
5849.04	0
5850.17	0
5851.3	0
5852.43	0
5853.56	0
5854.69	0
5855.82	0
5856.95	0
5858.08	0
5859.21	0
5860.33	0
5861.46	0
5862.59	0
5863.73	0
5864.86	0
5865.99	0
5867.12	0
5868.25	0
5869.38	0
5870.51	0
5871.64	0
5872.77	0
5873.9	0
5875.03	0
5876.17	0
5877.3	0
5878.43	0
5879.56	0
5880.69	0
5881.82	0
5882.96	0
5884.09	0
5885.22	0
5886.35	0
5887.49	0
5888.62	0
5889.75	0
5890.89	0
5892.02	0
5893.15	0
5894.29	0
5895.42	0
5896.55	0
5897.69	0
5898.82	0
5899.95	0
5901.09	0
5902.22	0
5903.36	0
5904.49	0
5905.63	0
5906.76	0
5907.9	0
5909.03	0
5910.17	0
5911.3	0
5912.44	0
5913.57	0
5914.71	0
5915.84	0
5916.98	0
5918.11	0
5919.25	0
5920.39	0
5921.52	0
5922.66	0
5923.8	0
5924.93	0
5926.07	0
5927.21	0
5928.34	0
5929.48	0
5930.62	0
5931.75	0
5932.89	0
5934.03	0
5935.17	0
5936.31	0
5937.44	0
5938.58	0
5939.72	0
5940.86	0
5942	0
5943.13	0
5944.27	0
5945.41	0
5946.55	0
5947.69	0
5948.83	0
5949.97	0
5951.11	0
5952.25	0
5953.39	0
5954.53	0
5955.67	0
5956.81	0
5957.95	0
5959.09	0
5960.23	0
5961.37	0
5962.51	0
5963.65	0
5964.79	0
5965.93	0
