0.574871	0
0.950979	0
1.32718	0
1.70346	0
2.07984	0
2.45631	0
2.83286	0
3.20951	0
3.58625	0
3.96307	0
4.33999	0
4.71699	0
5.09409	0
5.47127	0
5.84855	0
6.22591	0
6.60336	0
6.98091	0
7.35854	0
7.73626	0
8.11407	0
8.49197	0
8.86996	0
9.24804	0
9.62621	0
10.0045	0
10.3828	0
10.7613	0
11.1398	0
11.5184	0
11.8971	0
12.2759	0
12.6548	0
13.0338	0
13.4128	0
13.792	0
14.1712	0
14.5506	0
14.93	0
15.3095	0
15.6891	0
16.0688	0
16.4486	0
16.8284	0
17.2084	0
17.5884	0
17.9686	0
18.3488	0
18.7291	0
19.1095	0
19.49	0
19.8706	0
20.2513	0
20.632	0
21.0129	0
21.3938	0
21.7749	0
22.156	0
22.5372	0
22.9185	0
23.2999	0
23.6813	0
24.0629	0
24.4446	1
24.8263	3
25.2081	30
25.5901	67
25.9721	81
26.3542	77
26.7363	82
27.1186	78
27.501	84
27.8834	99
28.266	74
28.6486	84
29.0313	94
29.4142	87
29.7971	84
30.18	97
30.5631	89
30.9463	73
31.3295	87
31.7129	75
32.0963	99
32.4798	70
32.8635	81
33.2472	92
33.6309	85
34.0148	89
34.3988	75
34.7828	86
35.167	68
35.5512	86
35.9355	89
36.32	93
36.7044	71
37.089	78
37.4737	93
37.8585	90
38.2433	101
38.6283	88
39.0133	83
39.3984	88
39.7836	94
40.1689	98
40.5543	90
40.9398	108
41.3254	108
41.711	103
42.0968	96
42.4826	104
42.8685	84
43.2545	101
43.6406	116
44.0268	97
44.4131	91
44.7994	95
45.1859	87
45.5724	93
45.959	90
46.3457	96
46.7326	97
47.1194	97
47.5064	83
47.8935	93
48.2807	98
48.6679	75
49.0552	106
49.4427	93
49.8302	86
50.2178	82
50.6055	98
50.9932	96
51.3811	97
51.769	73
52.1571	83
52.5452	82
52.9334	70
53.3217	82
53.7101	86
54.0986	67
54.4872	77
54.8758	86
55.2646	87
55.6534	89
56.0424	77
56.4314	105
56.8205	97
57.2097	75
57.5989	96
57.9883	73
58.3778	112
58.7673	73
59.1569	95
59.5466	92
59.9364	76
60.3263	84
60.7163	77
61.1064	101
61.4965	90
61.8868	81
62.2771	96
62.6676	109
63.0581	90
63.4487	103
63.8393	109
64.2301	111
64.621	88
65.0119	100
65.403	93
65.7941	99
66.1853	117
66.5766	107
66.968	100
67.3595	106
67.7511	111
68.1427	119
68.5344	128
68.9263	147
69.3182	145
69.7102	144
70.1023	154
70.4945	170
70.8867	173
71.2791	153
71.6715	176
72.0641	183
72.4567	217
72.8494	216
73.2422	223
73.6351	217
74.0281	220
74.4211	225
74.8143	224
75.2075	271
75.6008	253
75.9942	251
76.3877	222
76.7813	225
77.175	222
77.5687	220
77.9626	213
78.3565	195
78.7506	200
79.1447	200
79.5389	182
79.9331	166
80.3275	162
80.722	171
81.1165	143
81.5112	167
81.9059	133
82.3007	151
82.6956	146
83.0906	137
83.4857	148
83.8808	134
84.2761	152
84.6714	143
85.0668	133
85.4623	149
85.8579	159
86.2536	155
86.6494	146
87.0453	146
87.4412	122
87.8372	138
88.2334	132
88.6296	131
89.0259	165
89.4223	115
89.8187	139
90.2153	114
90.6119	97
91.0087	111
91.4055	105
91.8024	105
92.1994	98
92.5965	119
92.9936	91
93.3909	75
93.7883	104
94.1857	99
94.5832	93
94.9808	79
95.3785	100
95.7763	77
96.1741	91
96.5721	97
96.9701	76
97.3683	78
97.7665	83
98.1648	89
98.5632	93
98.9617	87
99.3602	89
99.7589	86
100.158	77
100.556	84
100.955	93
101.354	78
101.753	103
102.153	77
102.552	85
102.951	92
103.351	83
103.75	87
104.15	88
104.549	85
104.949	85
105.349	79
105.749	89
106.149	96
106.549	82
106.949	113
107.35	77
107.75	83
108.151	84
108.551	104
108.952	80
109.353	90
109.753	72
110.154	66
110.555	83
110.956	101
111.358	78
111.759	98
112.16	101
112.562	86
112.963	101
113.365	81
113.766	76
114.168	82
114.57	84
114.972	87
115.374	106
115.776	88
116.178	94
116.581	74
116.983	89
117.386	89
117.788	100
118.191	87
118.593	74
118.996	69
119.399	85
119.802	72
120.205	87
120.608	77
121.012	77
121.415	100
121.818	91
122.222	68
122.626	99
123.029	77
123.433	79
123.837	94
124.241	95
124.645	81
125.049	84
125.453	82
125.857	68
126.262	73
126.666	79
127.071	80
127.475	82
127.88	93
128.285	91
128.69	76
129.095	71
129.5	88
129.905	69
130.31	88
130.716	81
131.121	93
131.526	82
131.932	79
132.338	86
132.743	80
133.149	88
133.555	82
133.961	76
134.367	73
134.774	79
135.18	86
135.586	87
135.993	81
136.399	67
136.806	79
137.212	85
137.619	81
138.026	81
138.433	80
138.84	77
139.247	93
139.654	80
140.062	74
140.469	82
140.877	66
141.284	68
141.692	80
142.1	82
142.507	80
142.915	81
143.323	94
143.731	86
144.139	85
144.548	83
144.956	77
145.364	74
145.773	74
146.182	79
146.59	74
146.999	84
147.408	84
147.817	89
148.226	81
148.635	84
149.044	73
149.453	74
149.863	78
150.272	75
150.682	83
151.091	85
151.501	81
151.911	84
152.321	79
152.731	73
153.141	87
153.551	92
153.961	84
154.371	76
154.782	82
155.192	76
155.603	68
156.013	65
156.424	80
156.835	80
157.246	73
157.657	82
158.068	73
158.479	89
158.89	83
159.302	103
159.713	94
160.125	92
160.536	84
160.948	96
161.36	84
161.771	84
162.183	70
162.595	73
163.008	97
163.42	94
163.832	85
164.244	69
164.657	79
165.069	80
165.482	77
165.895	89
166.307	68
166.72	87
167.133	93
167.546	70
167.959	102
168.373	78
168.786	85
169.199	84
169.613	80
170.026	76
170.44	94
170.854	80
171.267	90
171.681	87
172.095	87
172.509	88
172.923	74
173.338	98
173.752	85
174.166	73
174.581	73
174.995	88
175.41	79
175.825	78
176.24	84
176.655	77
177.07	76
177.485	84
177.9	85
178.315	81
178.73	101
179.146	71
179.561	82
179.977	77
180.393	90
180.808	84
181.224	99
181.64	81
182.056	82
182.472	71
182.888	72
183.305	89
183.721	87
184.138	83
184.554	92
184.971	100
185.387	66
185.804	81
186.221	96
186.638	86
187.055	67
187.472	94
187.889	90
188.307	87
188.724	78
189.141	104
189.559	92
189.977	81
190.394	83
190.812	100
191.23	87
191.648	87
192.066	96
192.484	100
192.902	84
193.321	86
193.739	80
194.157	83
194.576	103
194.995	74
195.413	80
195.832	90
196.251	79
196.67	96
197.089	90
197.508	96
197.928	88
198.347	88
198.766	110
199.186	89
199.605	94
200.025	102
200.445	77
200.864	104
201.284	88
201.704	88
202.124	87
202.545	115
202.965	95
203.385	107
203.806	99
204.226	100
204.647	114
205.067	95
205.488	88
205.909	91
206.33	115
206.751	88
207.172	107
207.593	105
208.014	99
208.436	92
208.857	108
209.279	112
209.7	105
210.122	100
210.544	116
210.966	106
211.387	116
211.809	88
212.232	133
212.654	96
213.076	119
213.498	97
213.921	89
214.343	119
214.766	117
215.189	116
215.611	105
216.034	107
216.457	117
216.88	134
217.303	111
217.726	121
218.15	134
218.573	107
218.997	112
219.42	129
219.844	105
220.267	106
220.691	123
221.115	102
221.539	136
221.963	95
222.387	114
222.811	104
223.236	123
223.66	116
224.084	106
224.509	115
224.934	117
225.358	96
225.783	111
226.208	108
226.633	112
227.058	102
227.483	116
227.908	88
228.333	111
228.759	108
229.184	101
229.61	117
230.035	110
230.461	121
230.887	112
231.313	115
231.739	100
232.165	100
232.591	126
233.017	106
233.443	93
233.87	107
234.296	103
234.723	108
235.149	95
235.576	89
236.003	94
236.43	91
236.857	115
237.284	103
237.711	111
238.138	103
238.565	83
238.993	111
239.42	95
239.848	81
240.275	96
240.703	103
241.131	109
241.559	95
241.987	112
242.415	101
242.843	116
243.271	97
243.699	104
244.128	103
244.556	129
244.985	99
245.413	108
245.842	88
246.271	103
246.7	103
247.129	80
247.558	100
247.987	116
248.416	110
248.845	111
249.275	79
249.704	99
250.134	91
250.563	84
250.993	102
251.423	102
251.853	86
252.283	118
252.713	94
253.143	99
253.573	79
254.003	94
254.434	90
254.864	97
255.295	79
255.725	93
256.156	96
256.587	94
257.018	90
257.449	107
257.88	108
258.311	107
258.742	86
259.173	98
259.605	86
260.036	93
260.468	95
260.899	101
261.331	101
261.763	73
262.195	86
262.627	93
263.059	88
263.491	89
263.923	95
264.355	79
264.788	94
265.22	94
265.653	95
266.085	105
266.518	91
266.951	79
267.383	100
267.816	83
268.249	82
268.683	88
269.116	74
269.549	91
269.982	98
270.416	81
270.849	86
271.283	87
271.717	103
272.15	84
272.584	80
273.018	70
273.452	83
273.886	90
274.32	91
274.755	94
275.189	76
275.623	87
276.058	77
276.493	84
276.927	74
277.362	82
277.797	101
278.232	67
278.667	95
279.102	70
279.537	83
279.972	88
280.408	82
280.843	85
281.278	76
281.714	64
282.15	99
282.585	95
283.021	55
283.457	90
283.893	88
284.329	94
284.765	98
285.202	105
285.638	80
286.074	81
286.511	91
286.947	80
287.384	73
287.821	78
288.258	83
288.695	83
289.132	66
289.569	67
290.006	86
290.443	93
290.88	78
291.318	86
291.755	89
292.193	86
292.63	78
293.068	73
293.506	86
293.944	86
294.382	70
294.82	82
295.258	71
295.696	78
296.134	87
296.573	93
297.011	87
297.45	78
297.888	69
298.327	87
298.766	90
299.205	81
299.644	76
300.083	74
300.522	83
300.961	84
301.4	82
301.84	87
302.279	73
302.719	87
303.158	92
303.598	91
304.038	85
304.478	98
304.917	91
305.357	79
305.798	77
306.238	88
306.678	92
307.118	70
307.559	84
307.999	72
308.44	88
308.88	80
309.321	78
309.762	78
310.203	93
310.644	94
311.085	87
311.526	77
311.967	71
312.409	69
312.85	89
313.292	74
313.733	90
314.175	89
314.617	74
315.058	90
315.5	89
315.942	79
316.384	98
316.826	96
317.269	65
317.711	77
318.153	87
318.596	85
319.038	67
319.481	75
319.924	76
320.366	77
320.809	86
321.252	83
321.695	70
322.138	59
322.582	88
323.025	80
323.468	72
323.912	56
324.355	72
324.799	66
325.243	82
325.686	64
326.13	65
326.574	81
327.018	74
327.462	83
327.906	85
328.351	92
328.795	77
329.239	75
329.684	73
330.128	88
330.573	62
331.018	84
331.463	71
331.907	62
332.352	77
332.798	73
333.243	66
333.688	71
334.133	69
334.579	63
335.024	84
335.47	72
335.915	77
336.361	71
336.807	74
337.253	61
337.699	85
338.145	76
338.591	71
339.037	79
339.483	58
339.93	77
340.376	80
340.823	69
341.269	76
341.716	90
342.163	78
342.609	77
343.056	66
343.503	63
343.95	70
344.398	90
344.845	78
345.292	82
345.74	73
346.187	91
346.635	79
347.082	84
347.53	67
347.978	74
348.426	81
348.874	82
349.322	83
349.77	78
350.218	76
350.666	69
351.115	73
351.563	70
352.012	90
352.46	78
352.909	58
353.358	86
353.807	75
354.256	62
354.705	66
355.154	69
355.603	74
356.052	69
356.502	71
356.951	65
357.401	89
357.85	63
358.3	73
358.75	82
359.199	78
359.649	83
360.099	90
360.549	72
361	49
361.45	81
361.9	68
362.351	73
362.801	65
363.252	80
363.702	68
364.153	68
364.604	68
365.055	62
365.506	71
365.957	81
366.408	70
366.859	91
367.31	76
367.761	72
368.213	72
368.664	72
369.116	64
369.568	81
370.019	83
370.471	84
370.923	66
371.375	57
371.827	73
372.279	76
372.732	76
373.184	77
373.636	70
374.089	81
374.541	73
374.994	90
375.447	79
375.9	68
376.353	72
376.805	57
377.259	74
377.712	82
378.165	70
378.618	66
379.071	87
379.525	65
379.978	75
380.432	72
380.886	61
381.34	67
381.793	73
382.247	65
382.701	67
383.155	58
383.61	71
384.064	82
384.518	77
384.972	79
385.427	70
385.882	64
386.336	75
386.791	60
387.246	70
387.701	67
388.156	62
388.611	71
389.066	76
389.521	71
389.976	64
390.432	64
390.887	66
391.342	73
391.798	74
392.254	85
392.709	74
393.165	89
393.621	68
394.077	76
394.533	64
394.989	65
395.446	70
395.902	56
396.358	68
396.815	65
397.271	53
397.728	78
398.185	62
398.642	74
399.098	65
399.555	70
400.012	70
400.47	62
400.927	72
401.384	75
401.841	75
402.299	72
402.756	59
403.214	71
403.672	65
404.129	61
404.587	67
405.045	78
405.503	72
405.961	74
406.419	77
406.877	62
407.336	73
407.794	53
408.253	71
408.711	58
409.17	67
409.628	64
410.087	70
410.546	74
411.005	70
411.464	75
411.923	79
412.382	67
412.842	69
413.301	55
413.76	76
414.22	64
414.679	78
415.139	85
415.599	72
416.059	69
416.518	72
416.978	71
417.438	79
417.899	65
418.359	73
418.819	69
419.279	63
419.74	62
420.2	68
420.661	71
421.122	75
421.582	63
422.043	64
422.504	74
422.965	72
423.426	69
423.887	72
424.349	68
424.81	69
425.271	57
425.733	60
426.194	63
426.656	64
427.118	78
427.579	84
428.041	66
428.503	76
428.965	55
429.427	64
429.889	73
430.352	62
430.814	66
431.276	57
431.739	58
432.202	68
432.664	67
433.127	64
433.59	60
434.053	90
434.516	71
434.979	84
435.442	65
435.905	65
436.368	66
436.832	75
437.295	71
437.759	48
438.222	63
438.686	68
439.15	67
439.613	69
440.077	59
440.541	76
441.005	70
441.469	60
441.934	64
442.398	65
442.862	55
443.327	63
443.791	61
444.256	65
444.721	60
445.185	54
445.65	63
446.115	60
446.58	68
447.045	80
447.511	66
447.976	73
448.441	70
448.906	75
449.372	67
449.838	67
450.303	66
450.769	70
451.235	63
451.701	72
452.166	68
452.632	58
453.099	57
453.565	67
454.031	81
454.497	68
454.964	72
455.43	58
455.897	62
456.364	72
456.83	73
457.297	59
457.764	79
458.231	64
458.698	72
459.165	62
459.632	72
460.1	59
460.567	73
461.034	54
461.502	62
461.969	75
462.437	59
462.905	72
463.373	63
463.841	68
464.309	59
464.777	74
465.245	71
465.713	69
466.181	60
466.65	63
467.118	61
467.587	61
468.055	69
468.524	63
468.993	55
469.461	69
469.93	65
470.399	77
470.868	67
471.338	60
471.807	61
472.276	65
472.746	63
473.215	64
473.685	63
474.154	56
474.624	68
475.094	64
475.563	67
476.033	67
476.503	54
476.973	55
477.444	80
477.914	57
478.384	63
478.855	62
479.325	50
479.796	72
480.266	72
480.737	54
481.208	70
481.679	73
482.15	64
482.621	60
483.092	74
483.563	56
484.034	68
484.505	68
484.977	69
485.448	65
485.92	64
486.391	69
486.863	61
487.335	63
487.807	62
488.279	83
488.751	80
489.223	68
489.695	66
490.167	64
490.64	72
491.112	73
491.585	48
492.057	82
492.53	77
493.003	76
493.475	58
493.948	55
494.421	71
494.894	66
495.367	66
495.84	61
496.314	69
496.787	69
497.26	73
497.734	62
498.208	76
498.681	62
499.155	62
499.629	65
500.103	56
500.577	65
501.051	61
501.525	64
501.999	64
502.473	59
502.947	60
503.422	62
503.896	61
504.371	57
504.846	73
505.32	59
505.795	59
506.27	54
506.745	73
507.22	59
507.695	65
508.17	65
508.646	65
509.121	71
509.596	73
510.072	60
510.547	51
511.023	77
511.499	51
511.975	53
512.451	82
512.926	64
513.403	67
513.879	48
514.355	54
514.831	72
515.307	68
515.784	54
516.26	71
516.737	56
517.214	84
517.69	62
518.167	54
518.644	60
519.121	75
519.598	68
520.075	65
520.552	51
521.03	60
521.507	67
521.984	77
522.462	51
522.939	72
523.417	58
523.895	70
524.373	63
524.85	58
525.328	67
525.806	61
526.285	48
526.763	69
527.241	69
527.719	68
528.198	75
528.676	53
529.155	62
529.633	62
530.112	70
530.591	62
531.07	58
531.549	74
532.028	48
532.507	68
532.986	69
533.465	70
533.945	64
534.424	71
534.904	58
535.383	65
535.863	58
536.343	59
536.822	54
537.302	76
537.782	51
538.262	81
538.742	51
539.222	55
539.703	67
540.183	45
540.663	54
541.144	58
541.624	64
542.105	72
542.586	61
543.067	60
543.547	53
544.028	57
544.509	66
544.991	83
545.472	72
545.953	54
546.434	72
546.916	72
547.397	62
547.879	48
548.36	70
548.842	55
549.324	69
549.806	56
550.288	56
550.77	44
551.252	62
551.734	65
552.216	57
552.698	61
553.181	54
553.663	52
554.146	52
554.628	60
555.111	55
555.594	63
556.077	40
556.56	61
557.043	59
557.526	62
558.009	63
558.492	58
558.975	64
559.459	70
559.942	62
560.426	59
560.909	56
561.393	54
561.877	67
562.36	62
562.844	61
563.328	48
563.812	56
564.297	58
564.781	48
565.265	69
565.749	59
566.234	57
566.718	75
567.203	64
567.688	55
568.172	56
568.657	67
569.142	57
569.627	47
570.112	66
570.597	53
571.082	76
571.568	69
572.053	60
572.538	65
573.024	60
573.509	49
573.995	70
574.481	80
574.967	47
575.452	63
575.938	54
576.424	64
576.91	58
577.397	59
577.883	48
578.369	70
578.856	63
579.342	57
579.829	68
580.315	67
580.802	47
581.289	58
581.776	61
582.263	61
582.75	58
583.237	62
583.724	49
584.211	49
584.698	55
585.186	62
585.673	67
586.161	49
586.648	56
587.136	55
587.624	60
588.112	61
588.599	70
589.087	45
589.575	45
590.064	63
590.552	58
591.04	71
591.528	57
592.017	49
592.505	59
592.994	52
593.483	64
593.971	61
594.46	51
594.949	45
595.438	67
595.927	68
596.416	65
596.905	55
597.395	52
597.884	70
598.373	61
598.863	48
599.352	63
599.842	63
600.332	72
600.821	50
601.311	50
601.801	60
602.291	65
602.781	54
603.272	50
603.762	61
604.252	64
604.742	51
605.233	56
605.723	49
606.214	55
606.705	63
607.195	60
607.686	58
608.177	50
608.668	53
609.159	56
609.65	68
610.142	60
610.633	63
611.124	65
611.616	60
612.107	56
612.599	47
613.09	55
613.582	55
614.074	59
614.566	70
615.058	56
615.55	58
616.042	58
616.534	50
617.026	63
617.519	55
618.011	46
618.504	52
618.996	52
619.489	47
619.981	58
620.474	71
620.967	51
621.46	54
621.953	53
622.446	63
622.939	55
623.432	43
623.926	54
624.419	70
624.913	60
625.406	74
625.9	58
626.393	61
626.887	50
627.381	53
627.875	64
628.369	53
628.863	58
629.357	56
629.851	55
630.345	49
630.84	65
631.334	56
631.829	57
632.323	44
632.818	51
633.312	66
633.807	68
634.302	40
634.797	52
635.292	57
635.787	48
636.282	48
636.777	57
637.273	47
637.768	52
638.264	57
638.759	57
639.255	59
639.75	64
640.246	51
640.742	72
641.238	54
641.734	58
642.23	63
642.726	65
643.222	68
643.718	58
644.215	48
644.711	57
645.208	39
645.704	63
646.201	75
646.698	62
647.194	53
647.691	53
648.188	59
648.685	46
649.182	59
649.679	67
650.177	59
650.674	74
651.171	62
651.669	59
652.166	50
652.664	62
653.162	69
653.659	65
654.157	59
654.655	65
655.153	62
655.651	52
656.149	68
656.647	55
657.146	47
657.644	71
658.142	48
658.641	60
659.139	68
659.638	52
660.137	62
660.635	42
661.134	54
661.633	59
662.132	64
662.631	54
663.13	56
663.63	59
664.129	50
664.628	59
665.128	60
665.627	56
666.127	56
666.627	47
667.126	53
667.626	51
668.126	56
668.626	66
669.126	52
669.626	47
670.126	66
670.626	41
671.127	70
671.627	58
672.128	59
672.628	63
673.129	61
673.629	78
674.13	55
674.631	53
675.132	49
675.633	50
676.134	47
676.635	50
677.136	68
677.638	56
678.139	60
678.64	48
679.142	62
679.643	49
680.145	50
680.647	58
681.149	52
681.65	57
682.152	64
682.654	56
683.157	65
683.659	65
684.161	59
684.663	63
685.166	54
685.668	54
686.171	64
686.673	56
687.176	52
687.679	68
688.181	59
688.684	49
689.187	52
689.69	53
690.193	46
690.697	55
691.2	59
691.703	62
692.206	50
692.71	48
693.213	64
693.717	56
694.221	52
694.725	57
695.228	66
695.732	42
696.236	52
696.74	64
697.244	58
697.749	61
698.253	69
698.757	63
699.262	54
699.766	55
700.271	62
700.775	51
701.28	64
701.785	57
702.29	53
702.795	43
703.3	49
703.805	51
704.31	63
704.815	62
705.32	59
705.826	41
706.331	52
706.837	57
707.342	52
707.848	57
708.354	51
708.859	68
709.365	59
709.871	46
710.377	62
710.883	44
711.39	58
711.896	61
712.402	62
712.908	52
713.415	54
713.921	54
714.428	63
714.935	61
715.441	54
715.948	59
716.455	47
716.962	55
717.469	55
717.976	72
718.483	52
718.991	48
719.498	55
720.005	52
720.513	58
721.02	64
721.528	56
722.036	55
722.544	55
723.051	46
723.559	59
724.067	57
724.575	59
725.083	42
725.592	49
726.1	62
726.608	56
727.117	62
727.625	60
728.134	52
728.642	52
729.151	65
729.66	58
730.169	59
730.677	46
731.186	66
731.696	63
732.205	54
732.714	49
733.223	66
733.732	58
734.242	51
734.751	57
735.261	57
735.771	67
736.28	50
736.79	55
737.3	60
737.81	47
738.32	56
738.83	62
739.34	59
739.85	45
740.361	55
740.871	52
741.381	59
741.892	64
742.402	53
742.913	55
743.424	51
743.935	64
744.445	59
744.956	58
745.467	59
745.978	63
746.49	52
747.001	49
747.512	62
748.023	74
748.535	57
749.046	56
749.558	53
750.07	64
750.581	52
751.093	63
751.605	54
752.117	53
752.629	58
753.141	51
753.653	66
754.165	48
754.678	62
755.19	55
755.702	61
756.215	53
756.728	63
757.24	56
757.753	57
758.266	54
758.779	55
759.292	57
759.805	58
760.318	57
760.831	62
761.344	65
761.857	57
762.371	65
762.884	64
763.398	56
763.911	62
764.425	55
764.939	60
765.452	46
765.966	53
766.48	52
766.994	48
767.508	56
768.022	58
768.537	58
769.051	72
769.565	58
770.08	55
770.594	62
771.109	62
771.624	45
772.138	61
772.653	54
773.168	62
773.683	65
774.198	59
774.713	68
775.228	65
775.743	58
776.259	64
776.774	50
777.289	62
777.805	68
778.321	61
778.836	57
779.352	67
779.868	46
780.384	52
780.9	63
781.416	56
781.932	62
782.448	48
782.964	50
783.48	48
783.997	67
784.513	54
785.03	64
785.546	48
786.063	75
786.58	55
787.096	50
787.613	63
788.13	66
788.647	55
789.164	60
789.681	58
790.199	58
790.716	53
791.233	60
791.751	70
792.268	55
792.786	58
793.303	64
793.821	57
794.339	59
794.857	60
795.375	65
795.893	62
796.411	61
796.929	66
797.447	59
797.965	68
798.484	53
799.002	57
799.521	76
800.039	55
800.558	52
801.076	60
801.595	56
802.114	59
802.633	60
803.152	67
803.671	61
804.19	62
804.709	54
805.229	69
805.748	66
806.267	55
806.787	70
807.306	61
807.826	56
808.346	50
808.865	69
809.385	47
809.905	60
810.425	58
810.945	79
811.465	54
811.986	56
812.506	54
813.026	66
813.547	56
814.067	49
814.588	57
815.108	58
815.629	43
816.15	68
816.67	64
817.191	66
817.712	70
818.233	60
818.754	57
819.276	61
819.797	61
820.318	47
820.839	55
821.361	57
821.882	64
822.404	62
822.926	78
823.447	48
823.969	68
824.491	64
825.013	66
825.535	51
826.057	67
826.579	58
827.102	59
827.624	60
828.146	63
828.669	45
829.191	62
829.714	59
830.236	48
830.759	66
831.282	61
831.805	71
832.328	60
832.851	54
833.374	70
833.897	80
834.42	60
834.943	55
835.467	67
835.99	69
836.514	75
837.037	66
837.561	54
838.084	62
838.608	63
839.132	72
839.656	65
840.18	66
840.704	73
841.228	71
841.752	65
842.277	73
842.801	67
843.325	62
843.85	62
844.374	63
844.899	68
845.424	60
845.948	71
846.473	69
846.998	83
847.523	69
848.048	50
848.573	56
849.098	66
849.623	83
850.149	61
850.674	71
851.2	59
851.725	61
852.251	52
852.776	70
853.302	60
853.828	52
854.354	70
854.88	59
855.406	70
855.932	60
856.458	62
856.984	67
857.51	64
858.037	63
858.563	67
859.09	63
859.616	64
860.143	58
860.669	70
861.196	64
861.723	71
862.25	65
862.777	76
863.304	68
863.831	58
864.358	70
864.886	66
865.413	65
865.94	62
866.468	54
866.995	62
867.523	62
868.05	74
868.578	63
869.106	80
869.634	73
870.162	76
870.69	57
871.218	59
871.746	60
872.274	65
872.803	55
873.331	73
873.859	61
874.388	70
874.916	80
875.445	64
875.974	47
876.503	65
877.031	66
877.56	61
878.089	52
878.618	59
879.147	71
879.677	61
880.206	60
880.735	85
881.265	64
881.794	58
882.324	67
882.853	63
883.383	78
883.913	69
884.442	61
884.972	62
885.502	59
886.032	58
886.562	80
887.093	79
887.623	69
888.153	72
888.683	77
889.214	59
889.744	66
890.275	74
890.806	67
891.336	68
891.867	71
892.398	75
892.929	74
893.46	66
893.991	69
894.522	71
895.053	54
895.584	79
896.116	73
896.647	70
897.179	69
897.71	66
898.242	64
898.773	59
899.305	74
899.837	57
900.369	66
900.901	73
901.433	62
901.965	61
902.497	64
903.029	65
903.562	63
904.094	65
904.626	55
905.159	77
905.691	87
906.224	62
906.757	71
907.29	96
907.822	72
908.355	69
908.888	79
909.421	65
909.954	64
910.488	61
911.021	63
911.554	67
912.088	58
912.621	59
913.154	66
913.688	78
914.222	62
914.755	69
915.289	67
915.823	59
916.357	63
916.891	58
917.425	82
917.959	73
918.493	81
919.028	54
919.562	59
920.097	61
920.631	70
921.166	76
921.7	78
922.235	75
922.77	79
923.304	76
923.839	66
924.374	68
924.909	67
925.444	65
925.98	72
926.515	73
927.05	57
927.585	73
928.121	75
928.656	83
929.192	83
929.728	72
930.263	68
930.799	61
931.335	72
931.871	87
932.407	69
932.943	75
933.479	70
934.015	64
934.551	69
935.088	66
935.624	75
936.161	56
936.697	61
937.234	63
937.77	71
938.307	61
938.844	65
939.381	70
939.918	60
940.455	72
940.992	47
941.529	50
942.066	54
942.603	54
943.141	64
943.678	57
944.216	53
944.753	45
945.291	75
945.828	61
946.366	69
946.904	68
947.442	63
947.98	56
948.518	69
949.056	60
949.594	65
950.132	72
950.67	51
951.209	57
951.747	58
952.286	79
952.824	61
953.363	52
953.902	60
954.44	49
954.979	49
955.518	66
956.057	47
956.596	64
957.135	62
957.674	56
958.214	56
958.753	71
959.292	68
959.832	67
960.371	60
960.911	45
961.45	54
961.99	57
962.53	54
963.07	54
963.61	53
964.15	53
964.69	53
965.23	59
965.77	55
966.31	59
966.85	64
967.391	53
967.931	51
968.472	51
969.012	48
969.553	38
970.094	49
970.635	51
971.175	47
971.716	58
972.257	53
972.798	50
973.339	39
973.881	58
974.422	48
974.963	42
975.505	55
976.046	57
976.588	51
977.129	46
977.671	60
978.213	34
978.754	54
979.296	55
979.838	57
980.38	46
980.922	47
981.464	41
982.007	41
982.549	43
983.091	45
983.634	56
984.176	54
984.719	48
985.261	39
985.804	35
986.347	52
986.889	50
987.432	46
987.975	44
988.518	47
989.061	41
989.604	41
990.147	50
990.691	55
991.234	43
991.777	45
992.321	48
992.864	56
993.408	48
993.952	34
994.495	51
995.039	46
995.583	51
996.127	34
996.671	41
997.215	48
997.759	63
998.303	42
998.848	49
999.392	51
999.936	56
1000.48	43
1001.03	35
1001.57	47
1002.11	47
1002.66	36
1003.2	45
1003.75	33
1004.29	41
1004.84	40
1005.38	44
1005.93	42
1006.47	48
1007.02	45
1007.57	43
1008.11	53
1008.66	44
1009.2	38
1009.75	42
1010.29	39
1010.84	41
1011.38	41
1011.93	48
1012.48	41
1013.02	40
1013.57	36
1014.11	36
1014.66	40
1015.21	33
1015.75	43
1016.3	46
1016.85	49
1017.39	42
1017.94	41
1018.49	32
1019.03	33
1019.58	49
1020.13	42
1020.67	56
1021.22	47
1021.77	45
1022.31	41
1022.86	50
1023.41	44
1023.96	40
1024.5	51
1025.05	34
1025.6	40
1026.15	36
1026.69	38
1027.24	37
1027.79	46
1028.34	43
1028.88	53
1029.43	48
1029.98	35
1030.53	44
1031.08	44
1031.63	49
1032.17	46
1032.72	38
1033.27	42
1033.82	32
1034.37	42
1034.92	50
1035.47	49
1036.01	35
1036.56	51
1037.11	41
1037.66	45
1038.21	54
1038.76	37
1039.31	38
1039.86	40
1040.41	37
1040.96	48
1041.51	46
1042.05	43
1042.6	57
1043.15	40
1043.7	32
1044.25	54
1044.8	57
1045.35	36
1045.9	47
1046.45	27
1047	51
1047.55	38
1048.1	39
1048.65	49
1049.2	56
1049.75	36
1050.31	38
1050.86	51
1051.41	35
1051.96	44
1052.51	45
1053.06	51
1053.61	41
1054.16	45
1054.71	35
1055.26	38
1055.81	42
1056.37	44
1056.92	45
1057.47	42
1058.02	43
1058.57	37
1059.12	50
1059.67	36
1060.23	45
1060.78	41
1061.33	40
1061.88	36
1062.43	37
1062.98	30
1063.54	36
1064.09	33
1064.64	40
1065.19	41
1065.75	52
1066.3	40
1066.85	55
1067.4	47
1067.96	42
1068.51	40
1069.06	44
1069.61	49
1070.17	45
1070.72	46
1071.27	40
1071.83	50
1072.38	53
1072.93	35
1073.49	46
1074.04	46
1074.59	30
1075.15	49
1075.7	43
1076.25	41
1076.81	41
1077.36	51
1077.91	41
1078.47	42
1079.02	43
1079.58	38
1080.13	30
1080.68	41
1081.24	33
1081.79	50
1082.35	38
1082.9	34
1083.45	43
1084.01	36
1084.56	47
1085.12	43
1085.67	31
1086.23	45
1086.78	46
1087.34	45
1087.89	35
1088.45	35
1089	45
1089.56	36
1090.11	37
1090.67	30
1091.22	41
1091.78	37
1092.33	30
1092.89	33
1093.45	34
1094	30
1094.56	33
1095.11	32
1095.67	34
1096.22	36
1096.78	47
1097.34	28
1097.89	32
1098.45	29
1099	45
1099.56	33
1100.12	42
1100.67	40
1101.23	33
1101.79	33
1102.34	36
1102.9	27
1103.46	27
1104.01	29
1104.57	47
1105.13	34
1105.68	30
1106.24	32
1106.8	33
1107.36	41
1107.91	37
1108.47	38
1109.03	36
1109.59	34
1110.14	44
1110.7	27
1111.26	39
1111.82	24
1112.37	37
1112.93	35
1113.49	31
1114.05	33
1114.61	27
1115.16	28
1115.72	29
1116.28	27
1116.84	35
1117.4	25
1117.96	31
1118.51	35
1119.07	29
1119.63	35
1120.19	31
1120.75	27
1121.31	27
1121.87	29
1122.42	33
1122.98	35
1123.54	32
1124.1	23
1124.66	20
1125.22	31
1125.78	26
1126.34	25
1126.9	30
1127.46	34
1128.02	31
1128.58	34
1129.14	26
1129.7	40
1130.26	23
1130.82	28
1131.38	35
1131.94	28
1132.5	24
1133.06	32
1133.62	35
1134.18	31
1134.74	31
1135.3	26
1135.86	30
1136.42	26
1136.98	27
1137.54	29
1138.1	31
1138.66	45
1139.22	28
1139.78	30
1140.35	35
1140.91	34
1141.47	37
1142.03	34
1142.59	38
1143.15	36
1143.71	32
1144.27	47
1144.84	47
1145.4	38
1145.96	42
1146.52	52
1147.08	50
1147.64	36
1148.21	33
1148.77	43
1149.33	54
1149.89	50
1150.45	48
1151.02	51
1151.58	47
1152.14	61
1152.7	66
1153.27	62
1153.83	49
1154.39	65
1154.95	56
1155.52	60
1156.08	63
1156.64	65
1157.2	67
1157.77	69
1158.33	62
1158.89	56
1159.46	73
1160.02	77
1160.58	67
1161.15	68
1161.71	62
1162.27	68
1162.84	71
1163.4	65
1163.96	64
1164.53	77
1165.09	69
1165.66	65
1166.22	73
1166.78	75
1167.35	67
1167.91	79
1168.48	75
1169.04	90
1169.6	95
1170.17	90
1170.73	96
1171.3	79
1171.86	90
1172.43	80
1172.99	89
1173.56	107
1174.12	102
1174.69	73
1175.25	83
1175.82	100
1176.38	110
1176.95	92
1177.51	122
1178.08	119
1178.64	101
1179.21	95
1179.77	87
1180.34	90
1180.9	109
1181.47	88
1182.04	92
1182.6	86
1183.17	93
1183.73	86
1184.3	101
1184.87	120
1185.43	109
1186	104
1186.56	98
1187.13	107
1187.7	91
1188.26	85
1188.83	101
1189.4	81
1189.96	82
1190.53	117
1191.1	80
1191.66	83
1192.23	111
1192.8	94
1193.36	96
1193.93	78
1194.5	104
1195.06	91
1195.63	109
1196.2	77
1196.77	85
1197.33	84
1197.9	88
1198.47	75
1199.04	80
1199.6	77
1200.17	96
1200.74	87
1201.31	79
1201.88	94
1202.44	75
1203.01	82
1203.58	79
1204.15	73
1204.72	75
1205.28	71
1205.85	68
1206.42	73
1206.99	70
1207.56	80
1208.13	62
1208.69	80
1209.26	59
1209.83	74
1210.4	47
1210.97	60
1211.54	66
1212.11	58
1212.68	54
1213.25	57
1213.82	55
1214.39	57
1214.95	56
1215.52	43
1216.09	45
1216.66	51
1217.23	49
1217.8	48
1218.37	47
1218.94	43
1219.51	52
1220.08	48
1220.65	45
1221.22	40
1221.79	51
1222.36	56
1222.93	50
1223.5	39
1224.07	29
1224.64	36
1225.21	36
1225.78	28
1226.35	19
1226.93	32
1227.5	24
1228.07	38
1228.64	35
1229.21	22
1229.78	27
1230.35	24
1230.92	22
1231.49	19
1232.06	25
1232.64	23
1233.21	23
1233.78	19
1234.35	17
1234.92	17
1235.49	17
1236.06	17
1236.64	19
1237.21	22
1237.78	23
1238.35	17
1238.92	12
1239.5	21
1240.07	17
1240.64	14
1241.21	6
1241.78	10
1242.36	15
1242.93	17
1243.5	9
1244.07	10
1244.65	7
1245.22	10
1245.79	13
1246.36	10
1246.94	9
1247.51	7
1248.08	6
1248.66	8
1249.23	6
1249.8	6
1250.38	4
1250.95	6
1251.52	13
1252.1	10
1252.67	10
1253.24	9
1253.82	8
1254.39	4
1254.96	8
1255.54	10
1256.11	2
1256.69	4
1257.26	6
1257.83	6
1258.41	4
1258.98	7
1259.56	5
1260.13	11
1260.7	4
1261.28	8
1261.85	6
1262.43	2
1263	4
1263.58	6
1264.15	5
1264.73	5
1265.3	7
1265.88	4
1266.45	2
1267.03	5
1267.6	4
1268.18	6
1268.75	7
1269.33	4
1269.9	8
1270.48	4
1271.05	3
1271.63	7
1272.2	11
1272.78	5
1273.35	5
1273.93	5
1274.51	5
1275.08	2
1275.66	6
1276.23	6
1276.81	8
1277.39	5
1277.96	6
1278.54	6
1279.12	10
1279.69	8
1280.27	6
1280.84	9
1281.42	11
1282	10
1282.57	5
1283.15	15
1283.73	14
1284.3	13
1284.88	13
1285.46	7
1286.04	11
1286.61	13
1287.19	12
1287.77	14
1288.34	15
1288.92	16
1289.5	9
1290.08	8
1290.65	11
1291.23	15
1291.81	16
1292.39	13
1292.96	18
1293.54	20
1294.12	22
1294.7	21
1295.28	11
1295.85	20
1296.43	20
1297.01	20
1297.59	19
1298.17	34
1298.75	24
1299.32	22
1299.9	20
1300.48	27
1301.06	32
1301.64	25
1302.22	20
1302.8	34
1303.37	25
1303.95	33
1304.53	34
1305.11	31
1305.69	34
1306.27	28
1306.85	26
1307.43	26
1308.01	29
1308.59	42
1309.17	32
1309.75	36
1310.33	50
1310.91	35
1311.48	44
1312.06	40
1312.64	39
1313.22	56
1313.8	36
1314.38	51
1314.96	46
1315.54	42
1316.12	42
1316.71	49
1317.29	45
1317.87	53
1318.45	53
1319.03	47
1319.61	67
1320.19	70
1320.77	65
1321.35	41
1321.93	49
1322.51	51
1323.09	57
1323.67	55
1324.25	49
1324.83	53
1325.42	55
1326	71
1326.58	68
1327.16	74
1327.74	57
1328.32	61
1328.9	69
1329.49	62
1330.07	53
1330.65	64
1331.23	67
1331.81	67
1332.39	67
1332.98	61
1333.56	72
1334.14	53
1334.72	56
1335.31	55
1335.89	82
1336.47	82
1337.05	65
1337.63	51
1338.22	77
1338.8	79
1339.38	82
1339.96	71
1340.55	98
1341.13	72
1341.71	68
1342.3	76
1342.88	84
1343.46	78
1344.05	74
1344.63	75
1345.21	76
1345.79	60
1346.38	68
1346.96	69
1347.55	89
1348.13	81
1348.71	82
1349.3	62
1349.88	70
1350.46	80
1351.05	69
1351.63	77
1352.21	63
1352.8	59
1353.38	56
1353.97	70
1354.55	77
1355.14	77
1355.72	66
1356.3	68
1356.89	63
1357.47	64
1358.06	68
1358.64	63
1359.23	65
1359.81	72
1360.4	66
1360.98	73
1361.57	56
1362.15	50
1362.74	49
1363.32	75
1363.91	59
1364.49	57
1365.08	55
1365.66	48
1366.25	64
1366.83	63
1367.42	53
1368	54
1368.59	45
1369.18	36
1369.76	55
1370.35	40
1370.93	35
1371.52	48
1372.1	44
1372.69	45
1373.28	45
1373.86	39
1374.45	35
1375.04	34
1375.62	37
1376.21	23
1376.79	51
1377.38	43
1377.97	26
1378.55	37
1379.14	39
1379.73	41
1380.31	28
1380.9	45
1381.49	27
1382.08	24
1382.66	20
1383.25	29
1383.84	43
1384.42	26
1385.01	25
1385.6	22
1386.19	24
1386.77	25
1387.36	20
1387.95	21
1388.54	17
1389.12	23
1389.71	13
1390.3	17
1390.89	18
1391.47	16
1392.06	19
1392.65	18
1393.24	11
1393.83	10
1394.42	10
1395	12
1395.59	13
1396.18	14
1396.77	17
1397.36	10
1397.95	17
1398.53	8
1399.12	13
1399.71	14
1400.3	11
1400.89	10
1401.48	8
1402.07	7
1402.66	8
1403.25	7
1403.84	13
1404.42	12
1405.01	6
1405.6	9
1406.19	6
1406.78	10
1407.37	9
1407.96	2
1408.55	7
1409.14	6
1409.73	2
1410.32	10
1410.91	4
1411.5	5
1412.09	11
1412.68	5
1413.27	5
1413.86	3
1414.45	4
1415.04	1
1415.63	1
1416.22	4
1416.81	7
1417.4	2
1417.99	3
1418.58	4
1419.17	2
1419.77	5
1420.36	2
1420.95	3
1421.54	3
1422.13	5
1422.72	3
1423.31	1
1423.9	4
1424.49	2
1425.08	2
1425.68	1
1426.27	0
1426.86	3
1427.45	2
1428.04	3
1428.63	1
1429.23	0
1429.82	3
1430.41	4
1431	3
1431.59	0
1432.19	2
1432.78	0
1433.37	2
1433.96	2
1434.55	0
1435.15	4
1435.74	1
1436.33	1
1436.92	2
1437.52	1
1438.11	1
1438.7	1
1439.29	2
1439.89	0
1440.48	3
1441.07	2
1441.66	0
1442.26	0
1442.85	2
1443.44	1
1444.04	1
1444.63	0
1445.22	1
1445.82	1
1446.41	2
1447	2
1447.6	1
1448.19	2
1448.78	2
1449.38	1
1449.97	1
1450.57	1
1451.16	0
1451.75	0
1452.35	0
1452.94	0
1453.54	0
1454.13	2
1454.72	0
1455.32	2
1455.91	1
1456.51	0
1457.1	1
1457.7	1
1458.29	2
1458.89	0
1459.48	2
1460.07	1
1460.67	0
1461.26	0
1461.86	1
1462.45	4
1463.05	0
1463.64	1
1464.24	1
1464.83	2
1465.43	0
1466.03	1
1466.62	1
1467.22	0
1467.81	0
1468.41	1
1469	2
1469.6	2
1470.19	0
1470.79	1
1471.39	0
1471.98	0
1472.58	1
1473.17	1
1473.77	1
1474.37	1
1474.96	0
1475.56	0
1476.15	2
1476.75	0
1477.35	1
1477.94	1
1478.54	1
1479.14	0
1479.73	0
1480.33	2
1480.93	0
1481.52	1
1482.12	0
1482.72	2
1483.31	2
1483.91	2
1484.51	3
1485.11	1
1485.7	1
1486.3	0
1486.9	0
1487.5	1
1488.09	0
1488.69	0
1489.29	0
1489.89	1
1490.48	2
1491.08	2
1491.68	1
1492.28	1
1492.87	0
1493.47	0
1494.07	1
1494.67	0
1495.27	0
1495.87	0
1496.46	1
1497.06	4
1497.66	1
1498.26	0
1498.86	0
1499.46	2
1500.05	0
1500.65	0
1501.25	1
1501.85	3
1502.45	0
1503.05	1
1503.65	0
1504.25	1
1504.85	1
1505.44	0
1506.04	0
1506.64	1
1507.24	2
1507.84	1
1508.44	0
1509.04	0
1509.64	1
1510.24	0
1510.84	0
1511.44	0
1512.04	1
1512.64	1
1513.24	1
1513.84	0
1514.44	0
1515.04	0
1515.64	1
1516.24	0
1516.84	1
1517.44	0
1518.04	0
1518.64	0
1519.24	2
1519.84	2
1520.44	0
1521.04	2
1521.64	3
1522.24	1
1522.84	1
1523.44	0
1524.05	1
1524.65	2
1525.25	1
1525.85	0
1526.45	1
1527.05	1
1527.65	0
1528.25	2
1528.85	1
1529.46	1
1530.06	1
1530.66	0
1531.26	0
1531.86	0
1532.46	1
1533.07	0
1533.67	1
1534.27	0
1534.87	0
1535.47	0
1536.08	0
1536.68	0
1537.28	2
1537.88	0
1538.48	1
1539.09	2
1539.69	0
1540.29	0
1540.89	1
1541.5	0
1542.1	1
1542.7	0
1543.3	1
1543.91	1
1544.51	0
1545.11	0
1545.72	0
1546.32	0
1546.92	0
1547.52	0
1548.13	0
1548.73	1
1549.33	0
1549.94	0
1550.54	1
1551.14	1
1551.75	1
1552.35	1
1552.95	1
1553.56	0
1554.16	1
1554.77	0
1555.37	0
1555.97	0
1556.58	0
1557.18	1
1557.79	0
1558.39	0
1558.99	0
1559.6	0
1560.2	1
1560.81	0
1561.41	1
1562.02	2
1562.62	0
1563.22	1
1563.83	2
1564.43	2
1565.04	0
1565.64	0
1566.25	2
1566.85	0
1567.46	0
1568.06	2
1568.67	1
1569.27	1
1569.88	0
1570.48	0
1571.09	2
1571.69	0
1572.3	1
1572.91	2
1573.51	2
1574.12	0
1574.72	0
1575.33	2
1575.93	0
1576.54	2
1577.15	0
1577.75	0
1578.36	1
1578.96	1
1579.57	0
1580.18	0
1580.78	1
1581.39	1
1581.99	0
1582.6	0
1583.21	0
1583.81	1
1584.42	1
1585.03	0
1585.63	1
1586.24	0
1586.85	0
1587.45	0
1588.06	0
1588.67	0
1589.27	0
1589.88	0
1590.49	3
1591.1	0
1591.7	0
1592.31	0
1592.92	0
1593.52	0
1594.13	1
1594.74	0
1595.35	0
1595.95	1
1596.56	0
1597.17	1
1597.78	0
1598.39	0
1598.99	0
1599.6	1
1600.21	0
1600.82	0
1601.43	1
1602.03	0
1602.64	2
1603.25	0
1603.86	0
1604.47	1
1605.08	0
1605.68	1
1606.29	2
1606.9	0
1607.51	1
1608.12	0
1608.73	1
1609.34	1
1609.94	3
1610.55	2
1611.16	0
1611.77	1
1612.38	1
1612.99	0
1613.6	1
1614.21	0
1614.82	0
1615.43	1
1616.04	0
1616.65	0
1617.26	1
1617.86	0
1618.47	2
1619.08	1
1619.69	0
1620.3	0
1620.91	0
1621.52	0
1622.13	0
1622.74	1
1623.35	0
1623.96	2
1624.57	0
1625.18	0
1625.79	0
1626.4	0
1627.01	1
1627.63	0
1628.24	0
1628.85	1
1629.46	2
1630.07	0
1630.68	0
1631.29	0
1631.9	0
1632.51	1
1633.12	0
1633.73	1
1634.34	0
1634.96	0
1635.57	0
1636.18	0
1636.79	1
1637.4	1
1638.01	2
1638.62	0
1639.23	0
1639.85	0
1640.46	0
1641.07	0
1641.68	0
1642.29	1
1642.9	1
1643.52	0
1644.13	2
1644.74	0
1645.35	1
1645.96	2
1646.58	0
1647.19	0
1647.8	0
1648.41	1
1649.03	0
1649.64	0
1650.25	1
1650.86	1
1651.48	0
1652.09	1
1652.7	0
1653.31	1
1653.93	0
1654.54	0
1655.15	0
1655.77	0
1656.38	1
1656.99	0
1657.61	0
1658.22	0
1658.83	1
1659.45	1
1660.06	0
1660.67	0
1661.29	0
1661.9	0
1662.51	1
1663.13	0
1663.74	0
1664.35	1
1664.97	0
1665.58	0
1666.2	0
1666.81	0
1667.42	0
1668.04	0
1668.65	1
1669.27	1
1669.88	1
1670.49	2
1671.11	1
1671.72	0
1672.34	0
1672.95	1
1673.57	1
1674.18	0
1674.8	0
1675.41	0
1676.03	0
1676.64	0
1677.25	0
1677.87	0
1678.48	0
1679.1	0
1679.72	0
1680.33	0
1680.95	1
1681.56	0
1682.18	1
1682.79	1
1683.41	0
1684.02	0
1684.64	0
1685.25	0
1685.87	0
1686.48	0
1687.1	0
1687.72	0
1688.33	1
1688.95	0
1689.56	0
1690.18	0
1690.8	1
1691.41	0
1692.03	0
1692.64	3
1693.26	0
1693.88	0
1694.49	0
1695.11	0
1695.73	0
1696.34	0
1696.96	0
1697.58	0
1698.19	0
1698.81	0
1699.43	0
1700.04	0
1700.66	0
1701.28	1
1701.89	0
1702.51	0
1703.13	0
1703.75	2
1704.36	0
1704.98	1
1705.6	2
1706.22	0
1706.83	0
1707.45	0
1708.07	0
1708.69	0
1709.3	1
1709.92	0
1710.54	0
1711.16	1
1711.77	0
1712.39	0
1713.01	1
1713.63	1
1714.25	0
1714.87	0
1715.48	0
1716.1	2
1716.72	0
1717.34	0
1717.96	1
1718.58	0
1719.19	0
1719.81	1
1720.43	0
1721.05	0
1721.67	0
1722.29	1
1722.91	1
1723.53	0
1724.14	0
1724.76	3
1725.38	0
1726	1
1726.62	3
1727.24	0
1727.86	0
1728.48	2
1729.1	1
1729.72	1
1730.34	0
1730.96	0
1731.58	0
1732.2	1
1732.82	1
1733.44	0
1734.06	1
1734.68	0
1735.3	0
1735.92	0
1736.54	0
1737.16	0
1737.78	1
1738.4	1
1739.02	0
1739.64	0
1740.26	0
1740.88	0
1741.5	0
1742.12	1
1742.74	1
1743.36	0
1743.98	1
1744.6	0
1745.22	1
1745.84	1
1746.46	0
1747.08	1
1747.71	2
1748.33	1
1748.95	1
1749.57	1
1750.19	0
1750.81	1
1751.43	0
1752.05	1
1752.67	1
1753.3	3
1753.92	0
1754.54	0
1755.16	0
1755.78	0
1756.4	0
1757.03	0
1757.65	1
1758.27	0
1758.89	0
1759.51	1
1760.14	0
1760.76	0
1761.38	0
1762	0
1762.62	0
1763.25	1
1763.87	1
1764.49	1
1765.11	1
1765.74	0
1766.36	0
1766.98	0
1767.6	1
1768.23	0
1768.85	0
1769.47	0
1770.1	3
1770.72	0
1771.34	0
1771.97	0
1772.59	0
1773.21	0
1773.83	0
1774.46	1
1775.08	1
1775.7	0
1776.33	2
1776.95	1
1777.58	1
1778.2	1
1778.82	1
1779.45	0
1780.07	0
1780.69	1
1781.32	0
1781.94	1
1782.57	0
1783.19	0
1783.81	1
1784.44	0
1785.06	0
1785.69	0
1786.31	0
1786.93	0
1787.56	0
1788.18	1
1788.81	1
1789.43	2
1790.06	0
1790.68	0
1791.31	0
1791.93	0
1792.56	1
1793.18	0
1793.81	0
1794.43	1
1795.06	1
1795.68	0
1796.31	0
1796.93	0
1797.56	0
1798.18	0
1798.81	0
1799.43	0
1800.06	0
1800.68	0
1801.31	1
1801.93	1
1802.56	0
1803.18	0
1803.81	0
1804.44	0
1805.06	1
1805.69	1
1806.31	0
1806.94	2
1807.57	1
1808.19	0
1808.82	0
1809.44	0
1810.07	0
1810.7	0
1811.32	1
1811.95	0
1812.58	0
1813.2	0
1813.83	0
1814.46	0
1815.08	0
1815.71	0
1816.34	0
1816.96	0
1817.59	0
1818.22	1
1818.84	1
1819.47	0
1820.1	0
1820.72	1
1821.35	1
1821.98	0
1822.61	0
1823.23	0
1823.86	1
1824.49	0
1825.12	0
1825.74	0
1826.37	1
1827	1
1827.63	0
1828.25	0
1828.88	1
1829.51	0
1830.14	1
1830.77	0
1831.39	1
1832.02	0
1832.65	0
1833.28	0
1833.91	1
1834.53	0
1835.16	1
1835.79	0
1836.42	0
1837.05	0
1837.68	0
1838.31	0
1838.93	2
1839.56	1
1840.19	2
1840.82	0
1841.45	1
1842.08	1
1842.71	0
1843.34	1
1843.96	0
1844.59	0
1845.22	0
1845.85	0
1846.48	0
1847.11	0
1847.74	1
1848.37	1
1849	0
1849.63	0
1850.26	0
1850.89	0
1851.52	2
1852.15	0
1852.78	0
1853.41	0
1854.04	0
1854.67	0
1855.3	0
1855.93	0
1856.56	1
1857.19	1
1857.82	0
1858.45	1
1859.08	1
1859.71	1
1860.34	0
1860.97	0
1861.6	0
1862.23	2
1862.86	1
1863.49	0
1864.12	2
1864.75	1
1865.38	0
1866.01	0
1866.64	0
1867.27	2
1867.91	0
1868.54	0
1869.17	1
1869.8	1
1870.43	0
1871.06	0
1871.69	0
1872.32	0
1872.96	0
1873.59	0
1874.22	0
1874.85	1
1875.48	1
1876.11	0
1876.74	0
1877.38	0
1878.01	0
1878.64	0
1879.27	0
1879.9	0
1880.54	0
1881.17	0
1881.8	0
1882.43	0
1883.06	0
1883.7	0
1884.33	1
1884.96	1
1885.59	0
1886.23	1
1886.86	0
1887.49	0
1888.12	0
1888.76	0
1889.39	1
1890.02	1
1890.65	1
1891.29	0
1891.92	0
1892.55	0
1893.19	0
1893.82	0
1894.45	0
1895.09	0
1895.72	0
1896.35	0
1896.99	0
1897.62	0
1898.25	0
1898.89	0
1899.52	0
1900.15	0
1900.79	1
1901.42	0
1902.05	1
1902.69	0
1903.32	0
1903.95	0
1904.59	0
1905.22	0
1905.86	0
1906.49	0
1907.13	0
1907.76	0
1908.39	1
1909.03	0
1909.66	0
1910.3	0
1910.93	0
1911.57	0
1912.2	1
1912.83	1
1913.47	0
1914.1	0
1914.74	0
1915.37	1
1916.01	1
1916.64	1
1917.28	0
1917.91	1
1918.55	0
1919.18	0
1919.82	0
1920.45	0
1921.09	0
1921.72	0
1922.36	0
1922.99	0
1923.63	1
1924.26	2
1924.9	0
1925.54	0
1926.17	0
1926.81	0
1927.44	1
1928.08	0
1928.71	0
1929.35	0
1929.99	0
1930.62	1
1931.26	0
1931.89	0
1932.53	0
1933.17	0
1933.8	0
1934.44	0
1935.08	0
1935.71	0
1936.35	1
1936.98	0
1937.62	0
1938.26	1
1938.89	0
1939.53	1
1940.17	0
1940.8	1
1941.44	0
1942.08	1
1942.72	0
1943.35	0
1943.99	0
1944.63	0
1945.26	1
1945.9	0
1946.54	1
1947.17	1
1947.81	0
1948.45	1
1949.09	0
1949.72	0
1950.36	0
1951	0
1951.64	0
1952.27	0
1952.91	0
1953.55	0
1954.19	0
1954.83	0
1955.46	0
1956.1	1
1956.74	0
1957.38	0
1958.02	0
1958.65	0
1959.29	1
1959.93	0
1960.57	0
1961.21	0
1961.85	0
1962.48	1
1963.12	1
1963.76	1
1964.4	0
1965.04	0
1965.68	0
1966.32	0
1966.95	1
1967.59	0
1968.23	1
1968.87	0
1969.51	0
1970.15	0
1970.79	0
1971.43	0
1972.07	1
1972.71	0
1973.34	0
1973.98	0
1974.62	0
1975.26	0
1975.9	1
1976.54	0
1977.18	0
1977.82	1
1978.46	0
1979.1	0
1979.74	0
1980.38	0
1981.02	0
1981.66	0
1982.3	1
1982.94	0
1983.58	0
1984.22	2
1984.86	0
1985.5	0
1986.14	0
1986.78	0
1987.42	2
1988.06	1
1988.7	0
1989.34	0
1989.98	2
1990.62	0
1991.26	0
1991.91	0
1992.55	0
1993.19	0
1993.83	0
1994.47	1
1995.11	0
1995.75	0
1996.39	0
1997.03	1
1997.67	0
1998.31	0
1998.96	1
1999.6	0
2000.24	0
2000.88	0
2001.52	0
2002.16	1
2002.8	0
2003.45	0
2004.09	0
2004.73	0
2005.37	0
2006.01	0
2006.65	1
2007.3	0
2007.94	0
2008.58	0
2009.22	0
2009.86	0
2010.51	0
2011.15	0
2011.79	0
2012.43	1
2013.08	0
2013.72	0
2014.36	0
2015	1
2015.65	0
2016.29	0
2016.93	0
2017.57	0
2018.22	1
2018.86	1
2019.5	0
2020.14	0
2020.79	0
2021.43	0
2022.07	0
2022.72	0
2023.36	0
2024	0
2024.65	1
2025.29	0
2025.93	1
2026.58	0
2027.22	0
2027.86	1
2028.51	0
2029.15	0
2029.79	0
2030.44	0
2031.08	1
2031.72	0
2032.37	0
2033.01	1
2033.65	0
2034.3	0
2034.94	0
2035.59	0
2036.23	0
2036.87	0
2037.52	0
2038.16	0
2038.81	0
2039.45	0
2040.1	0
2040.74	0
2041.38	0
2042.03	0
2042.67	0
2043.32	1
2043.96	0
2044.61	1
2045.25	0
2045.9	1
2046.54	0
2047.19	0
2047.83	0
2048.48	0
2049.12	1
2049.77	0
2050.41	0
2051.06	0
2051.7	0
2052.35	0
2052.99	0
2053.64	1
2054.28	1
2054.93	0
2055.57	0
2056.22	0
2056.87	0
2057.51	1
2058.16	0
2058.8	1
2059.45	0
2060.09	0
2060.74	0
2061.39	0
2062.03	1
2062.68	0
2063.32	0
2063.97	0
2064.62	0
2065.26	0
2065.91	1
2066.55	1
2067.2	0
2067.85	2
2068.49	0
2069.14	0
2069.79	1
2070.43	0
2071.08	0
2071.73	0
2072.37	0
2073.02	0
2073.67	0
2074.31	1
2074.96	0
2075.61	0
2076.25	0
2076.9	0
2077.55	0
2078.2	0
2078.84	0
2079.49	0
2080.14	0
2080.79	0
2081.43	1
2082.08	0
2082.73	0
2083.38	0
2084.02	0
2084.67	0
2085.32	0
2085.97	0
2086.61	0
2087.26	0
2087.91	0
2088.56	2
2089.2	0
2089.85	0
2090.5	0
2091.15	1
2091.8	1
2092.45	0
2093.09	0
2093.74	0
2094.39	0
2095.04	0
2095.69	0
2096.34	0
2096.98	0
2097.63	0
2098.28	0
2098.93	1
2099.58	0
2100.23	0
2100.88	0
2101.52	1
2102.17	0
2102.82	0
2103.47	1
2104.12	0
2104.77	0
2105.42	0
2106.07	1
2106.72	0
2107.37	0
2108.02	0
2108.67	0
2109.31	0
2109.96	0
2110.61	0
2111.26	0
2111.91	0
2112.56	1
2113.21	0
2113.86	0
2114.51	0
2115.16	0
2115.81	1
2116.46	0
2117.11	0
2117.76	0
2118.41	0
2119.06	0
2119.71	0
2120.36	0
2121.01	1
2121.66	2
2122.31	0
2122.96	0
2123.61	0
2124.26	0
2124.91	0
2125.57	0
2126.22	1
2126.87	0
2127.52	1
2128.17	1
2128.82	1
2129.47	0
2130.12	0
2130.77	1
2131.42	0
2132.07	0
2132.72	0
2133.38	0
2134.03	0
2134.68	0
2135.33	0
2135.98	0
2136.63	0
2137.28	0
2137.93	0
2138.59	0
2139.24	0
2139.89	1
2140.54	0
2141.19	0
2141.84	0
2142.5	0
2143.15	1
2143.8	0
2144.45	2
2145.1	0
2145.76	1
2146.41	1
2147.06	0
2147.71	0
2148.36	0
2149.02	0
2149.67	0
2150.32	1
2150.97	1
2151.63	0
2152.28	0
2152.93	1
2153.58	0
2154.24	0
2154.89	0
2155.54	0
2156.19	2
2156.85	0
2157.5	0
2158.15	0
2158.81	0
2159.46	1
2160.11	1
2160.77	0
2161.42	0
2162.07	0
2162.72	0
2163.38	0
2164.03	0
2164.68	0
2165.34	1
2165.99	0
2166.64	0
2167.3	0
2167.95	0
2168.61	1
2169.26	0
2169.91	1
2170.57	0
2171.22	0
2171.87	0
2172.53	0
2173.18	1
2173.84	0
2174.49	0
2175.14	0
2175.8	0
2176.45	0
2177.11	0
2177.76	0
2178.42	0
2179.07	0
2179.72	3
2180.38	0
2181.03	0
2181.69	0
2182.34	0
2183	0
2183.65	0
2184.31	0
2184.96	0
2185.62	0
2186.27	0
2186.93	0
2187.58	1
2188.24	0
2188.89	0
2189.55	0
2190.2	0
2190.86	1
2191.51	1
2192.17	0
2192.82	0
2193.48	1
2194.13	0
2194.79	1
2195.44	0
2196.1	0
2196.76	1
2197.41	1
2198.07	0
2198.72	0
2199.38	0
2200.03	0
2200.69	0
2201.35	0
2202	0
2202.66	1
2203.31	0
2203.97	0
2204.63	1
2205.28	0
2205.94	0
2206.59	0
2207.25	0
2207.91	0
2208.56	1
2209.22	0
2209.88	0
2210.53	1
2211.19	0
2211.85	0
2212.5	0
2213.16	0
2213.82	0
2214.47	1
2215.13	0
2215.79	0
2216.44	0
2217.1	0
2217.76	0
2218.42	0
2219.07	0
2219.73	0
2220.39	0
2221.04	0
2221.7	0
2222.36	0
2223.02	0
2223.67	0
2224.33	0
2224.99	0
2225.65	0
2226.3	0
2226.96	1
2227.62	0
2228.28	0
2228.93	0
2229.59	0
2230.25	0
2230.91	0
2231.57	0
2232.22	1
2232.88	0
2233.54	0
2234.2	0
2234.86	0
2235.52	1
2236.17	0
2236.83	1
2237.49	0
2238.15	0
2238.81	0
2239.47	0
2240.12	0
2240.78	0
2241.44	1
2242.1	0
2242.76	0
2243.42	0
2244.08	0
2244.74	0
2245.39	0
2246.05	0
2246.71	0
2247.37	0
2248.03	1
2248.69	0
2249.35	0
2250.01	0
2250.67	0
2251.33	0
2251.99	1
2252.65	0
2253.3	0
2253.96	0
2254.62	0
2255.28	0
2255.94	0
2256.6	0
2257.26	0
2257.92	0
2258.58	0
2259.24	0
2259.9	1
2260.56	0
2261.22	0
2261.88	0
2262.54	0
2263.2	1
2263.86	0
2264.52	0
2265.18	1
2265.84	0
2266.5	0
2267.16	0
2267.82	1
2268.48	0
2269.15	1
2269.81	0
2270.47	0
2271.13	1
2271.79	0
2272.45	1
2273.11	0
2273.77	0
2274.43	0
2275.09	0
2275.75	0
2276.41	0
2277.08	0
2277.74	0
2278.4	0
2279.06	0
2279.72	1
2280.38	0
2281.04	0
2281.7	0
2282.37	0
2283.03	0
2283.69	0
2284.35	1
2285.01	0
2285.67	0
2286.33	0
2287	0
2287.66	0
2288.32	0
2288.98	0
2289.64	0
2290.31	1
2290.97	1
2291.63	0
2292.29	0
2292.95	0
2293.62	0
2294.28	0
2294.94	0
2295.6	0
2296.26	0
2296.93	0
2297.59	0
2298.25	0
2298.91	0
2299.58	0
2300.24	0
2300.9	0
2301.57	0
2302.23	0
2302.89	0
2303.55	0
2304.22	0
2304.88	0
2305.54	0
2306.21	0
2306.87	0
2307.53	0
2308.19	0
2308.86	0
2309.52	0
2310.18	0
2310.85	0
2311.51	0
2312.17	0
2312.84	0
2313.5	0
2314.16	0
2314.83	0
2315.49	0
2316.16	0
2316.82	1
2317.48	0
2318.15	0
2318.81	1
2319.47	0
2320.14	0
2320.8	0
2321.47	0
2322.13	0
2322.79	0
2323.46	0
2324.12	1
2324.79	0
2325.45	0
2326.11	0
2326.78	0
2327.44	0
2328.11	0
2328.77	0
2329.44	0
2330.1	0
2330.77	1
2331.43	0
2332.1	0
2332.76	0
2333.43	0
2334.09	0
2334.75	0
2335.42	0
2336.08	0
2336.75	0
2337.41	0
2338.08	0
2338.74	0
2339.41	0
2340.08	1
2340.74	0
2341.41	0
2342.07	0
2342.74	0
2343.4	0
2344.07	0
2344.73	0
2345.4	0
2346.06	0
2346.73	0
2347.4	0
2348.06	0
2348.73	1
2349.39	0
2350.06	0
2350.72	0
2351.39	1
2352.06	0
2352.72	0
2353.39	0
2354.05	0
2354.72	0
2355.39	0
2356.05	0
2356.72	1
2357.39	0
2358.05	0
2358.72	0
2359.38	0
2360.05	0
2360.72	0
2361.38	0
2362.05	0
2362.72	0
2363.38	0
2364.05	0
2364.72	1
2365.38	1
2366.05	0
2366.72	0
2367.39	0
2368.05	0
2368.72	0
2369.39	0
2370.05	0
2370.72	1
2371.39	0
2372.06	0
2372.72	0
2373.39	1
2374.06	0
2374.72	0
2375.39	0
2376.06	0
2376.73	0
2377.39	0
2378.06	0
2378.73	0
2379.4	0
2380.07	0
2380.73	0
2381.4	0
2382.07	0
2382.74	0
2383.41	0
2384.07	0
2384.74	0
2385.41	1
2386.08	1
2386.75	0
2387.41	0
2388.08	0
2388.75	1
2389.42	0
2390.09	0
2390.76	0
2391.42	1
2392.09	0
2392.76	1
2393.43	0
2394.1	0
2394.77	0
2395.44	0
2396.1	0
2396.77	0
2397.44	0
2398.11	0
2398.78	0
2399.45	0
2400.12	1
2400.79	0
2401.46	0
2402.13	0
2402.8	0
2403.46	0
2404.13	0
2404.8	0
2405.47	0
2406.14	0
2406.81	0
2407.48	0
2408.15	1
2408.82	0
2409.49	0
2410.16	0
2410.83	0
2411.5	0
2412.17	0
2412.84	0
2413.51	0
2414.18	0
2414.85	0
2415.52	0
2416.19	0
2416.86	1
2417.53	0
2418.2	0
2418.87	0
2419.54	0
2420.21	0
2420.88	0
2421.55	0
2422.22	1
2422.89	0
2423.56	1
2424.23	0
2424.9	1
2425.57	0
2426.24	0
2426.91	0
2427.59	0
2428.26	0
2428.93	1
2429.6	0
2430.27	0
2430.94	0
2431.61	1
2432.28	0
2432.95	0
2433.62	0
2434.3	1
2434.97	0
2435.64	0
2436.31	0
2436.98	0
2437.65	0
2438.32	1
2438.99	1
2439.67	0
2440.34	0
2441.01	1
2441.68	0
2442.35	0
2443.02	0
2443.7	0
2444.37	0
2445.04	0
2445.71	0
2446.38	0
2447.06	2
2447.73	0
2448.4	0
2449.07	0
2449.74	0
2450.42	0
2451.09	0
2451.76	1
2452.43	0
2453.1	0
2453.78	0
2454.45	0
2455.12	0
2455.79	0
2456.47	1
2457.14	0
2457.81	0
2458.48	0
2459.16	0
2459.83	0
2460.5	0
2461.18	0
2461.85	0
2462.52	0
2463.19	0
2463.87	0
2464.54	0
2465.21	0
2465.89	0
2466.56	0
2467.23	0
2467.91	0
2468.58	0
2469.25	0
2469.93	1
2470.6	0
2471.27	0
2471.95	0
2472.62	0
2473.29	0
2473.97	0
2474.64	0
2475.31	1
2475.99	0
2476.66	0
2477.34	0
2478.01	0
2478.68	0
2479.36	0
2480.03	0
2480.71	0
2481.38	0
2482.05	0
2482.73	0
2483.4	0
2484.08	1
2484.75	0
2485.43	0
2486.1	0
2486.77	0
2487.45	0
2488.12	0
2488.8	0
2489.47	0
2490.15	0
2490.82	0
2491.5	0
2492.17	0
2492.85	0
2493.52	0
2494.19	0
2494.87	0
2495.54	0
2496.22	0
2496.89	0
2497.57	0
2498.24	0
2498.92	0
2499.59	0
2500.27	0
2500.95	0
2501.62	0
2502.3	0
2502.97	1
2503.65	0
2504.32	0
2505	1
2505.67	0
2506.35	0
2507.02	0
2507.7	0
2508.38	0
2509.05	0
2509.73	0
2510.4	0
2511.08	0
2511.75	0
2512.43	0
2513.11	0
2513.78	0
2514.46	0
2515.13	0
2515.81	0
2516.49	0
2517.16	0
2517.84	0
2518.52	0
2519.19	0
2519.87	0
2520.54	0
2521.22	0
2521.9	0
2522.57	1
2523.25	0
2523.93	0
2524.6	0
2525.28	0
2525.96	0
2526.63	0
2527.31	0
2527.99	0
2528.66	0
2529.34	0
2530.02	0
2530.7	0
2531.37	0
2532.05	0
2532.73	0
2533.4	0
2534.08	0
2534.76	0
2535.44	0
2536.11	0
2536.79	0
2537.47	0
2538.15	0
2538.82	0
2539.5	0
2540.18	1
2540.86	0
2541.53	0
2542.21	0
2542.89	0
2543.57	1
2544.24	1
2544.92	0
2545.6	0
2546.28	0
2546.96	0
2547.63	0
2548.31	0
2548.99	0
2549.67	0
2550.35	0
2551.02	0
2551.7	0
2552.38	0
2553.06	0
2553.74	0
2554.42	0
2555.09	0
2555.77	0
2556.45	0
2557.13	0
2557.81	0
2558.49	0
2559.17	0
2559.85	0
2560.52	0
2561.2	0
2561.88	0
2562.56	0
2563.24	0
2563.92	0
2564.6	0
2565.28	0
2565.96	0
2566.63	0
2567.31	0
2567.99	0
2568.67	0
2569.35	0
2570.03	0
2570.71	0
2571.39	0
2572.07	0
2572.75	0
2573.43	0
2574.11	0
2574.79	0
2575.47	0
2576.15	0
2576.83	0
2577.51	0
2578.19	1
2578.87	0
2579.55	0
2580.23	0
2580.91	0
2581.59	0
2582.27	0
2582.95	0
2583.63	0
2584.31	0
2584.99	0
2585.67	0
2586.35	0
2587.03	0
2587.71	0
2588.39	0
2589.07	1
2589.75	0
2590.43	0
2591.11	0
2591.79	0
2592.47	0
2593.15	0
2593.83	0
2594.51	0
2595.19	0
2595.87	0
2596.55	0
2597.24	0
2597.92	0
2598.6	0
2599.28	0
2599.96	0
2600.64	0
2601.32	0
2602	0
2602.68	0
2603.37	0
2604.05	0
2604.73	0
2605.41	0
2606.09	0
2606.77	0
2607.45	0
2608.14	0
2608.82	0
2609.5	0
2610.18	0
2610.86	0
2611.54	0
2612.23	0
2612.91	0
2613.59	0
2614.27	0
2614.95	0
2615.63	0
2616.32	0
2617	0
2617.68	0
2618.36	0
2619.04	0
2619.73	0
2620.41	0
2621.09	0
2621.77	0
2622.46	0
2623.14	0
2623.82	0
2624.5	0
2625.19	0
2625.87	0
2626.55	1
2627.23	1
2627.92	0
2628.6	0
2629.28	0
2629.96	0
2630.65	0
2631.33	0
2632.01	0
2632.7	0
2633.38	0
2634.06	1
2634.74	0
2635.43	0
2636.11	0
2636.79	0
2637.48	0
2638.16	0
2638.84	0
2639.53	0
2640.21	0
2640.89	0
2641.58	0
2642.26	0
2642.94	0
2643.63	0
2644.31	0
2644.99	0
2645.68	0
2646.36	0
2647.05	0
2647.73	0
2648.41	0
2649.1	0
2649.78	0
2650.46	0
2651.15	0
2651.83	0
2652.52	0
2653.2	0
2653.88	0
2654.57	0
2655.25	0
2655.94	0
2656.62	0
2657.31	0
2657.99	0
2658.67	0
2659.36	0
2660.04	0
2660.73	0
2661.41	0
2662.1	1
2662.78	0
2663.47	0
2664.15	0
2664.84	0
2665.52	0
2666.2	0
2666.89	0
2667.57	0
2668.26	0
2668.94	0
2669.63	0
2670.31	0
2671	0
2671.68	0
2672.37	0
2673.05	0
2673.74	0
2674.42	0
2675.11	0
2675.8	0
2676.48	0
2677.17	0
2677.85	0
2678.54	0
2679.22	0
2679.91	0
2680.59	0
2681.28	0
2681.96	0
2682.65	0
2683.34	0
2684.02	0
2684.71	0
2685.39	0
2686.08	0
2686.77	0
2687.45	0
2688.14	0
2688.82	0
2689.51	0
2690.2	0
2690.88	0
2691.57	0
2692.25	0
2692.94	0
2693.63	0
2694.31	0
2695	0
2695.69	0
2696.37	0
2697.06	0
2697.74	1
2698.43	0
2699.12	0
2699.8	0
2700.49	0
2701.18	0
2701.86	0
2702.55	0
2703.24	0
2703.93	0
2704.61	1
2705.3	0
2705.99	0
2706.67	0
2707.36	0
2708.05	0
2708.73	0
2709.42	0
2710.11	0
2710.8	0
2711.48	0
2712.17	0
2712.86	0
2713.54	0
2714.23	0
2714.92	0
2715.61	0
2716.29	0
2716.98	0
2717.67	0
2718.36	0
2719.05	0
2719.73	0
2720.42	0
2721.11	0
2721.8	0
2722.48	0
2723.17	0
2723.86	0
2724.55	0
2725.24	0
2725.92	0
2726.61	0
2727.3	0
2727.99	0
2728.68	0
2729.36	0
2730.05	0
2730.74	0
2731.43	0
2732.12	0
2732.81	0
2733.49	0
2734.18	0
2734.87	0
2735.56	0
2736.25	0
2736.94	0
2737.63	0
2738.31	0
2739	0
2739.69	0
2740.38	0
2741.07	0
2741.76	0
2742.45	0
2743.14	1
2743.83	0
2744.51	0
2745.2	0
2745.89	0
2746.58	0
2747.27	0
2747.96	1
2748.65	0
2749.34	0
2750.03	0
2750.72	0
2751.41	0
2752.1	1
2752.79	0
2753.48	1
2754.16	0
2754.85	0
2755.54	0
2756.23	0
2756.92	0
2757.61	0
2758.3	0
2758.99	0
2759.68	0
2760.37	0
2761.06	1
2761.75	1
2762.44	0
2763.13	0
2763.82	0
2764.51	0
2765.2	0
2765.89	0
2766.58	0
2767.27	0
2767.96	0
2768.65	0
2769.34	0
2770.03	0
2770.72	0
2771.42	0
2772.11	0
2772.8	0
2773.49	1
2774.18	0
2774.87	0
2775.56	0
2776.25	0
2776.94	0
2777.63	0
2778.32	1
2779.01	0
2779.7	0
2780.39	0
2781.09	0
2781.78	0
2782.47	0
2783.16	0
2783.85	0
2784.54	0
2785.23	0
2785.92	0
2786.61	0
2787.31	1
2788	0
2788.69	0
2789.38	0
2790.07	0
2790.76	0
2791.45	0
2792.15	0
2792.84	0
2793.53	0
2794.22	0
2794.91	0
2795.6	0
2796.3	0
2796.99	0
2797.68	0
2798.37	0
2799.06	0
2799.76	0
2800.45	0
2801.14	0
2801.83	0
2802.52	0
2803.22	0
2803.91	0
2804.6	0
2805.29	0
2805.98	0
2806.68	0
2807.37	0
2808.06	0
2808.75	0
2809.45	0
2810.14	0
2810.83	0
2811.52	0
2812.22	0
2812.91	0
2813.6	1
2814.29	0
2814.99	0
2815.68	0
2816.37	0
2817.06	0
2817.76	0
2818.45	0
2819.14	1
2819.84	0
2820.53	0
2821.22	0
2821.92	0
2822.61	0
2823.3	0
2824	0
2824.69	0
2825.38	0
2826.07	0
2826.77	0
2827.46	0
2828.15	0
2828.85	0
2829.54	0
2830.24	0
2830.93	0
2831.62	0
2832.32	0
2833.01	0
2833.7	0
2834.4	0
2835.09	0
2835.78	0
2836.48	0
2837.17	0
2837.87	0
2838.56	0
2839.25	0
2839.95	0
2840.64	0
2841.34	0
2842.03	0
2842.72	0
2843.42	0
2844.11	0
2844.81	0
2845.5	0
2846.2	0
2846.89	0
2847.58	0
2848.28	0
2848.97	0
2849.67	0
2850.36	0
2851.06	0
2851.75	0
2852.45	0
2853.14	0
2853.84	0
2854.53	0
2855.22	0
2855.92	1
2856.61	0
2857.31	0
2858	0
2858.7	0
2859.39	1
2860.09	0
2860.78	0
2861.48	0
2862.17	0
2862.87	0
2863.56	0
2864.26	0
2864.96	0
2865.65	0
2866.35	0
2867.04	0
2867.74	0
2868.43	0
2869.13	0
2869.82	1
2870.52	0
2871.21	0
2871.91	0
2872.61	0
2873.3	0
2874	0
2874.69	0
2875.39	0
2876.08	0
2876.78	0
2877.48	0
2878.17	0
2878.87	0
2879.56	0
2880.26	0
2880.96	0
2881.65	1
2882.35	0
2883.04	0
2883.74	0
2884.44	0
2885.13	0
2885.83	0
2886.53	0
2887.22	0
2887.92	0
2888.61	0
2889.31	0
2890.01	0
2890.7	0
2891.4	0
2892.1	0
2892.79	0
2893.49	0
2894.19	0
2894.88	0
2895.58	0
2896.28	0
2896.97	0
2897.67	0
2898.37	0
2899.06	0
2899.76	0
2900.46	0
2901.16	2
2901.85	0
2902.55	0
2903.25	1
2903.94	0
2904.64	0
2905.34	0
2906.04	0
2906.73	0
2907.43	0
2908.13	0
2908.83	0
2909.52	0
2910.22	0
2910.92	0
2911.62	0
2912.31	0
2913.01	0
2913.71	0
2914.41	0
2915.1	0
2915.8	0
2916.5	0
2917.2	0
2917.9	0
2918.59	0
2919.29	0
2919.99	1
2920.69	1
2921.39	0
2922.08	0
2922.78	0
2923.48	0
2924.18	0
2924.88	0
2925.57	1
2926.27	1
2926.97	0
2927.67	0
2928.37	0
2929.07	0
2929.76	0
2930.46	0
2931.16	0
2931.86	0
2932.56	0
2933.26	0
2933.96	0
2934.65	0
2935.35	0
2936.05	0
2936.75	0
2937.45	0
2938.15	0
2938.85	0
2939.55	0
2940.25	1
2940.94	0
2941.64	0
2942.34	0
2943.04	0
2943.74	0
2944.44	0
2945.14	0
2945.84	0
2946.54	0
2947.24	0
2947.94	0
2948.64	0
2949.33	0
2950.03	0
2950.73	0
2951.43	0
2952.13	0
2952.83	0
2953.53	1
2954.23	0
2954.93	0
2955.63	0
2956.33	0
2957.03	0
2957.73	0
2958.43	0
2959.13	0
2959.83	0
2960.53	0
2961.23	0
2961.93	0
2962.63	0
2963.33	0
2964.03	0
2964.73	0
2965.43	0
2966.13	0
2966.83	0
2967.53	0
2968.23	0
2968.93	0
2969.63	0
2970.33	0
2971.03	0
2971.73	0
2972.43	0
2973.13	0
2973.83	0
2974.54	0
2975.24	1
2975.94	0
2976.64	0
2977.34	0
2978.04	0
2978.74	0
2979.44	0
2980.14	0
2980.84	0
2981.54	0
2982.24	0
2982.94	0
2983.65	0
2984.35	0
2985.05	0
2985.75	0
2986.45	0
2987.15	0
2987.85	0
2988.55	0
2989.26	0
2989.96	0
2990.66	0
2991.36	0
2992.06	0
2992.76	0
2993.46	0
2994.17	0
2994.87	0
2995.57	0
2996.27	0
2996.97	0
2997.67	0
2998.37	0
2999.08	0
2999.78	0
3000.48	0
3001.18	0
3001.88	0
3002.59	0
3003.29	0
3003.99	0
3004.69	0
3005.39	0
3006.1	0
3006.8	0
3007.5	2
3008.2	0
3008.9	0
3009.61	0
3010.31	0
3011.01	0
3011.71	1
3012.42	0
3013.12	0
3013.82	0
3014.52	0
3015.23	0
3015.93	0
3016.63	0
3017.33	0
3018.04	0
3018.74	0
3019.44	0
3020.14	0
3020.85	0
3021.55	0
3022.25	0
3022.96	0
3023.66	0
3024.36	0
3025.06	0
3025.77	0
3026.47	1
3027.17	0
3027.88	0
3028.58	0
3029.28	0
3029.99	0
3030.69	0
3031.39	0
3032.1	0
3032.8	0
3033.5	0
3034.21	0
3034.91	0
3035.61	0
3036.32	0
3037.02	0
3037.72	0
3038.43	0
3039.13	0
3039.83	0
3040.54	0
3041.24	0
3041.94	0
3042.65	0
3043.35	0
3044.06	0
3044.76	0
3045.46	0
3046.17	0
3046.87	0
3047.58	0
3048.28	0
3048.98	0
3049.69	0
3050.39	0
3051.1	0
3051.8	0
3052.5	0
3053.21	0
3053.91	0
3054.62	0
3055.32	0
3056.03	0
3056.73	0
3057.43	0
3058.14	0
3058.84	0
3059.55	0
3060.25	0
3060.96	0
3061.66	1
3062.37	0
3063.07	0
3063.78	0
3064.48	0
3065.19	0
3065.89	0
3066.6	0
3067.3	0
3068.01	0
3068.71	0
3069.42	0
3070.12	0
3070.83	0
3071.53	0
3072.24	0
3072.94	0
3073.65	0
3074.35	0
3075.06	0
3075.76	0
3076.47	0
3077.17	0
3077.88	0
3078.58	1
3079.29	0
3079.99	0
3080.7	0
3081.4	0
3082.11	0
3082.82	0
3083.52	0
3084.23	0
3084.93	0
3085.64	0
3086.34	0
3087.05	0
3087.76	0
3088.46	0
3089.17	0
3089.87	0
3090.58	0
3091.28	0
3091.99	0
3092.7	0
3093.4	0
3094.11	0
3094.81	0
3095.52	1
3096.23	0
3096.93	0
3097.64	0
3098.35	0
3099.05	0
3099.76	1
3100.46	0
3101.17	0
3101.88	0
3102.58	0
3103.29	0
3104	0
3104.7	0
3105.41	0
3106.12	0
3106.82	1
3107.53	0
3108.24	0
3108.94	0
3109.65	1
3110.36	0
3111.06	0
3111.77	0
3112.48	0
3113.18	0
3113.89	0
3114.6	0
3115.31	0
3116.01	0
3116.72	0
3117.43	0
3118.13	0
3118.84	0
3119.55	0
3120.26	0
3120.96	0
3121.67	0
3122.38	0
3123.08	0
3123.79	0
3124.5	0
3125.21	0
3125.91	0
3126.62	0
3127.33	0
3128.04	0
3128.74	0
3129.45	0
3130.16	0
3130.87	0
3131.58	0
3132.28	0
3132.99	0
3133.7	0
3134.41	0
3135.11	0
3135.82	0
3136.53	0
3137.24	0
3137.95	0
3138.65	0
3139.36	1
3140.07	0
3140.78	0
3141.49	0
3142.19	0
3142.9	0
3143.61	1
3144.32	0
3145.03	1
3145.74	0
3146.44	0
3147.15	0
3147.86	0
3148.57	0
3149.28	0
3149.99	0
3150.7	0
3151.4	0
3152.11	0
3152.82	0
3153.53	0
3154.24	0
3154.95	1
3155.66	0
3156.36	0
3157.07	0
3157.78	0
3158.49	0
3159.2	0
3159.91	0
3160.62	0
3161.33	0
3162.04	0
3162.75	0
3163.45	0
3164.16	0
3164.87	0
3165.58	0
3166.29	0
3167	0
3167.71	0
3168.42	0
3169.13	1
3169.84	0
3170.55	0
3171.26	0
3171.97	0
3172.68	0
3173.38	0
3174.09	0
3174.8	0
3175.51	0
3176.22	1
3176.93	0
3177.64	0
3178.35	0
3179.06	0
3179.77	0
3180.48	0
3181.19	0
3181.9	1
3182.61	0
3183.32	0
3184.03	0
3184.74	0
3185.45	0
3186.16	0
3186.87	0
3187.58	0
3188.29	0
3189	0
3189.71	0
3190.42	0
3191.13	1
3191.84	0
3192.55	0
3193.26	1
3193.97	0
3194.68	0
3195.39	0
3196.11	0
3196.82	0
3197.53	0
3198.24	0
3198.95	0
3199.66	0
3200.37	0
3201.08	0
3201.79	0
3202.5	0
3203.21	0
3203.92	1
3204.63	0
3205.34	0
3206.06	0
3206.77	0
3207.48	0
3208.19	0
3208.9	0
3209.61	0
3210.32	0
3211.03	0
3211.74	0
3212.45	0
3213.17	1
3213.88	0
3214.59	0
3215.3	0
3216.01	1
3216.72	0
3217.43	0
3218.14	0
3218.86	0
3219.57	0
3220.28	0
3220.99	0
3221.7	0
3222.41	0
3223.13	0
3223.84	0
3224.55	0
3225.26	0
3225.97	0
3226.68	0
3227.4	0
3228.11	0
3228.82	0
3229.53	0
3230.24	0
3230.95	0
3231.67	0
3232.38	0
3233.09	0
3233.8	0
3234.52	0
3235.23	0
3235.94	1
3236.65	0
3237.36	0
3238.08	0
3238.79	1
3239.5	0
3240.21	0
3240.92	0
3241.64	0
3242.35	0
3243.06	0
3243.77	0
3244.49	0
3245.2	0
3245.91	1
3246.62	0
3247.34	0
3248.05	0
3248.76	0
3249.48	0
3250.19	0
3250.9	0
3251.61	0
3252.33	0
3253.04	0
3253.75	0
3254.46	0
3255.18	0
3255.89	0
3256.6	0
3257.32	0
3258.03	1
3258.74	0
3259.46	1
3260.17	0
3260.88	0
3261.6	0
3262.31	0
3263.02	0
3263.73	0
3264.45	0
3265.16	0
3265.87	0
3266.59	0
3267.3	0
3268.02	0
3268.73	0
3269.44	0
3270.16	0
3270.87	0
3271.58	0
3272.3	0
3273.01	0
3273.72	0
3274.44	0
3275.15	0
3275.86	0
3276.58	0
3277.29	0
3278.01	1
3278.72	0
3279.43	0
3280.15	0
3280.86	0
3281.58	0
3282.29	0
3283	0
3283.72	0
3284.43	1
3285.15	0
3285.86	0
3286.57	0
3287.29	0
3288	0
3288.72	0
3289.43	0
3290.15	0
3290.86	0
3291.57	0
3292.29	1
3293	0
3293.72	0
3294.43	0
3295.15	1
3295.86	0
3296.58	0
3297.29	0
3298	0
3298.72	0
3299.43	0
3300.15	1
3300.86	0
3301.58	0
3302.29	0
3303.01	0
3303.72	0
3304.44	0
3305.15	1
3305.87	0
3306.58	0
3307.3	0
3308.01	0
3308.73	0
3309.44	0
3310.16	0
3310.87	0
3311.59	0
3312.3	0
3313.02	0
3313.73	0
3314.45	0
3315.16	0
3315.88	0
3316.6	1
3317.31	0
3318.03	0
3318.74	0
3319.46	0
3320.17	0
3320.89	0
3321.6	0
3322.32	0
3323.03	0
3323.75	0
3324.47	1
3325.18	0
3325.9	0
3326.61	0
3327.33	0
3328.04	0
3328.76	1
3329.48	0
3330.19	0
3330.91	0
3331.62	0
3332.34	0
3333.06	0
3333.77	0
3334.49	0
3335.2	0
3335.92	0
3336.64	0
3337.35	0
3338.07	0
3338.78	0
3339.5	0
3340.22	0
3340.93	0
3341.65	0
3342.37	0
3343.08	0
3343.8	0
3344.52	0
3345.23	0
3345.95	0
3346.67	0
3347.38	0
3348.1	0
3348.81	0
3349.53	0
3350.25	0
3350.96	0
3351.68	1
3352.4	0
3353.12	0
3353.83	0
3354.55	0
3355.27	0
3355.98	0
3356.7	0
3357.42	0
3358.13	0
3358.85	0
3359.57	0
3360.28	0
3361	0
3361.72	0
3362.44	0
3363.15	0
3363.87	0
3364.59	1
3365.3	0
3366.02	0
3366.74	0
3367.46	0
3368.17	0
3368.89	0
3369.61	0
3370.33	0
3371.04	0
3371.76	0
3372.48	0
3373.2	0
3373.91	0
3374.63	0
3375.35	0
3376.07	0
3376.78	0
3377.5	0
3378.22	0
3378.94	0
3379.65	0
3380.37	0
3381.09	0
3381.81	0
3382.53	0
3383.24	0
3383.96	0
3384.68	0
3385.4	0
3386.12	0
3386.83	0
3387.55	0
3388.27	0
3388.99	0
3389.71	0
3390.42	0
3391.14	0
3391.86	0
3392.58	0
3393.3	0
3394.02	0
3394.73	0
3395.45	0
3396.17	0
3396.89	0
3397.61	0
3398.33	0
3399.05	0
3399.76	0
3400.48	0
3401.2	0
3401.92	0
3402.64	1
3403.36	0
3404.08	0
3404.79	0
3405.51	0
3406.23	0
3406.95	0
3407.67	0
3408.39	0
3409.11	0
3409.83	0
3410.54	0
3411.26	0
3411.98	0
3412.7	0
3413.42	0
3414.14	0
3414.86	0
3415.58	0
3416.3	0
3417.02	0
3417.74	0
3418.45	0
3419.17	0
3419.89	0
3420.61	0
3421.33	0
3422.05	0
3422.77	0
3423.49	0
3424.21	0
3424.93	0
3425.65	0
3426.37	0
3427.09	0
3427.81	0
3428.53	0
3429.25	0
3429.97	0
3430.69	0
3431.41	0
3432.13	0
3432.84	0
3433.56	0
3434.28	0
3435	0
3435.72	0
3436.44	0
3437.16	0
3437.88	0
3438.6	0
3439.32	0
3440.04	0
3440.76	0
3441.48	0
3442.2	0
3442.92	0
3443.64	0
3444.36	0
3445.08	0
3445.8	0
3446.53	0
3447.25	0
3447.97	0
3448.69	0
3449.41	0
3450.13	0
3450.85	0
3451.57	0
3452.29	0
3453.01	0
3453.73	0
3454.45	0
3455.17	0
3455.89	0
3456.61	0
3457.33	0
3458.05	0
3458.77	0
3459.49	0
3460.21	0
3460.94	0
3461.66	0
3462.38	0
3463.1	0
3463.82	0
3464.54	0
3465.26	0
3465.98	0
3466.7	0
3467.42	1
3468.14	0
3468.87	0
3469.59	0
3470.31	0
3471.03	0
3471.75	0
3472.47	0
3473.19	0
3473.91	0
3474.63	0
3475.36	0
3476.08	0
3476.8	0
3477.52	0
3478.24	2
3478.96	0
3479.68	0
3480.41	0
3481.13	0
3481.85	0
3482.57	0
3483.29	0
3484.01	0
3484.74	0
3485.46	0
3486.18	0
3486.9	0
3487.62	0
3488.34	0
3489.07	0
3489.79	0
3490.51	0
3491.23	0
3491.95	0
3492.67	0
3493.4	0
3494.12	0
3494.84	0
3495.56	0
3496.28	0
3497.01	0
3497.73	0
3498.45	0
3499.17	0
3499.89	2
3500.62	0
3501.34	0
3502.06	0
3502.78	0
3503.51	0
3504.23	0
3504.95	0
3505.67	0
3506.4	0
3507.12	0
3507.84	0
3508.56	0
3509.28	0
3510.01	0
3510.73	0
3511.45	0
3512.18	0
3512.9	0
3513.62	0
3514.34	0
3515.07	0
3515.79	0
3516.51	0
3517.23	0
3517.96	0
3518.68	0
3519.4	0
3520.13	0
3520.85	0
3521.57	0
3522.29	0
3523.02	0
3523.74	1
3524.46	0
3525.19	0
3525.91	0
3526.63	0
3527.35	0
3528.08	0
3528.8	0
3529.52	0
3530.25	0
3530.97	0
3531.69	1
3532.42	0
3533.14	0
3533.86	0
3534.59	0
3535.31	0
3536.03	0
3536.76	0
3537.48	0
3538.2	0
3538.93	0
3539.65	0
3540.37	0
3541.1	0
3541.82	0
3542.55	0
3543.27	0
3543.99	0
3544.72	0
3545.44	0
3546.16	0
3546.89	0
3547.61	0
3548.34	0
3549.06	0
3549.78	0
3550.51	0
3551.23	0
3551.95	0
3552.68	0
3553.4	0
3554.13	0
3554.85	0
3555.57	0
3556.3	0
3557.02	0
3557.75	0
3558.47	0
3559.2	0
3559.92	0
3560.64	0
3561.37	0
3562.09	0
3562.82	0
3563.54	0
3564.27	1
3564.99	0
3565.71	0
3566.44	0
3567.16	0
3567.89	0
3568.61	0
3569.34	0
3570.06	0
3570.79	0
3571.51	0
3572.23	0
3572.96	0
3573.68	0
3574.41	0
3575.13	0
3575.86	0
3576.58	0
3577.31	0
3578.03	0
3578.76	0
3579.48	0
3580.21	0
3580.93	0
3581.66	0
3582.38	0
3583.11	0
3583.83	0
3584.56	0
3585.28	0
3586.01	0
3586.73	0
3587.46	0
3588.18	0
3588.91	0
3589.63	0
3590.36	0
3591.08	0
3591.81	0
3592.53	0
3593.26	0
3593.98	0
3594.71	0
3595.44	0
3596.16	0
3596.89	0
3597.61	0
3598.34	0
3599.06	0
3599.79	0
3600.51	0
3601.24	0
3601.96	0
3602.69	0
3603.42	0
3604.14	0
3604.87	0
3605.59	0
3606.32	0
3607.04	0
3607.77	0
3608.5	0
3609.22	0
3609.95	0
3610.67	0
3611.4	0
3612.13	0
3612.85	0
3613.58	0
3614.3	0
3615.03	0
3615.76	1
3616.48	0
3617.21	0
3617.93	0
3618.66	1
3619.39	0
3620.11	0
3620.84	0
3621.56	0
3622.29	0
3623.02	0
3623.74	0
3624.47	0
3625.2	0
3625.92	0
3626.65	0
3627.38	0
3628.1	0
3628.83	0
3629.55	0
3630.28	0
3631.01	0
3631.73	0
3632.46	0
3633.19	0
3633.91	0
3634.64	0
3635.37	0
3636.09	0
3636.82	0
3637.55	0
3638.27	0
3639	0
3639.73	1
3640.46	0
3641.18	0
3641.91	0
3642.64	0
3643.36	0
3644.09	0
3644.82	0
3645.54	0
3646.27	0
3647	0
3647.72	0
3648.45	0
3649.18	0
3649.91	0
3650.63	0
3651.36	0
3652.09	0
3652.81	0
3653.54	0
3654.27	0
3655	0
3655.72	0
3656.45	0
3657.18	1
3657.91	0
3658.63	0
3659.36	0
3660.09	0
3660.82	0
3661.54	0
3662.27	0
3663	0
3663.73	0
3664.45	0
3665.18	0
3665.91	0
3666.64	0
3667.36	0
3668.09	0
3668.82	0
3669.55	0
3670.28	0
3671	0
3671.73	0
3672.46	0
3673.19	0
3673.91	0
3674.64	0
3675.37	0
3676.1	0
3676.83	0
3677.55	0
3678.28	0
3679.01	0
3679.74	0
3680.47	0
3681.19	0
3681.92	0
3682.65	0
3683.38	0
3684.11	0
3684.84	0
3685.56	0
3686.29	1
3687.02	0
3687.75	0
3688.48	0
3689.21	0
3689.93	0
3690.66	0
3691.39	0
3692.12	0
3692.85	0
3693.58	0
3694.3	0
3695.03	1
3695.76	0
3696.49	0
3697.22	0
3697.95	0
3698.68	0
3699.41	0
3700.13	0
3700.86	0
3701.59	0
3702.32	0
3703.05	0
3703.78	0
3704.51	0
3705.24	0
3705.96	1
3706.69	2
3707.42	1
3708.15	0
3708.88	0
3709.61	0
3710.34	0
3711.07	0
3711.8	0
3712.53	0
3713.25	0
3713.98	1
3714.71	0
3715.44	1
3716.17	1
3716.9	0
3717.63	0
3718.36	0
3719.09	0
3719.82	0
3720.55	0
3721.28	0
3722.01	0
3722.73	0
3723.46	0
3724.19	0
3724.92	0
3725.65	1
3726.38	0
3727.11	0
3727.84	0
3728.57	0
3729.3	0
3730.03	0
3730.76	0
3731.49	0
3732.22	0
3732.95	0
3733.68	0
3734.41	0
3735.14	0
3735.87	0
3736.6	0
3737.33	0
3738.06	0
3738.79	0
3739.52	0
3740.25	0
3740.98	0
3741.71	0
3742.44	0
3743.17	0
3743.9	0
3744.63	0
3745.36	0
3746.09	0
3746.82	0
3747.55	0
3748.28	0
3749.01	0
3749.74	0
3750.47	0
3751.2	0
3751.93	0
3752.66	0
3753.39	0
3754.12	0
3754.85	0
3755.58	0
3756.31	0
3757.04	0
3757.77	0
3758.5	0
3759.23	0
3759.96	0
3760.69	0
3761.42	0
3762.15	0
3762.88	0
3763.62	0
3764.35	1
3765.08	0
3765.81	2
3766.54	0
3767.27	0
3768	0
3768.73	0
3769.46	0
3770.19	0
3770.92	0
3771.65	0
3772.38	0
3773.12	0
3773.85	0
3774.58	0
3775.31	0
3776.04	0
3776.77	0
3777.5	0
3778.23	0
3778.96	1
3779.69	0
3780.42	0
3781.16	1
3781.89	0
3782.62	0
3783.35	0
3784.08	0
3784.81	0
3785.54	0
3786.27	0
3787.01	0
3787.74	0
3788.47	0
3789.2	2
3789.93	0
3790.66	1
3791.39	0
3792.13	0
3792.86	0
3793.59	0
3794.32	0
3795.05	0
3795.78	0
3796.51	0
3797.25	0
3797.98	0
3798.71	0
3799.44	0
3800.17	1
3800.9	0
3801.64	0
3802.37	0
3803.1	0
3803.83	0
3804.56	0
3805.29	0
3806.03	0
3806.76	0
3807.49	0
3808.22	0
3808.95	0
3809.69	0
3810.42	0
3811.15	0
3811.88	0
3812.61	0
3813.35	0
3814.08	2
3814.81	0
3815.54	0
3816.27	0
3817.01	0
3817.74	0
3818.47	0
3819.2	0
3819.93	0
3820.67	0
3821.4	1
3822.13	0
3822.86	1
3823.6	0
3824.33	0
3825.06	0
3825.79	0
3826.53	0
3827.26	0
3827.99	0
3828.72	0
3829.46	0
3830.19	0
3830.92	0
3831.65	0
3832.39	0
3833.12	0
3833.85	0
3834.58	0
3835.32	0
3836.05	0
3836.78	0
3837.51	0
3838.25	0
3838.98	0
3839.71	0
3840.45	0
3841.18	0
3841.91	0
3842.64	0
3843.38	0
3844.11	0
3844.84	0
3845.58	0
3846.31	0
3847.04	0
3847.77	0
3848.51	0
3849.24	1
3849.97	0
3850.71	0
3851.44	0
3852.17	0
3852.91	0
3853.64	0
3854.37	0
3855.11	0
3855.84	0
3856.57	0
3857.3	0
3858.04	0
3858.77	0
3859.5	0
3860.24	0
3860.97	0
3861.7	0
3862.44	0
3863.17	0
3863.9	0
3864.64	0
3865.37	0
3866.11	0
3866.84	0
3867.57	0
3868.31	0
3869.04	0
3869.77	0
3870.51	0
3871.24	0
3871.97	0
3872.71	0
3873.44	0
3874.17	0
3874.91	0
3875.64	0
3876.38	0
3877.11	0
3877.84	0
3878.58	0
3879.31	0
3880.05	0
3880.78	0
3881.51	0
3882.25	0
3882.98	0
3883.71	0
3884.45	1
3885.18	0
3885.92	0
3886.65	0
3887.39	0
3888.12	0
3888.85	0
3889.59	0
3890.32	1
3891.06	1
3891.79	0
3892.52	0
3893.26	0
3893.99	0
3894.73	0
3895.46	0
3896.2	1
3896.93	0
3897.66	0
3898.4	0
3899.13	0
3899.87	0
3900.6	0
3901.34	0
3902.07	0
3902.8	0
3903.54	0
3904.27	0
3905.01	0
3905.74	0
3906.48	0
3907.21	0
3907.95	0
3908.68	0
3909.42	0
3910.15	0
3910.89	0
3911.62	0
3912.35	0
3913.09	1
3913.82	0
3914.56	0
3915.29	0
3916.03	0
3916.76	0
3917.5	1
3918.23	0
3918.97	0
3919.7	1
3920.44	0
3921.17	0
3921.91	0
3922.64	0
3923.38	0
3924.11	0
3924.85	0
3925.58	0
3926.32	0
3927.05	0
3927.79	0
3928.52	0
3929.26	0
3929.99	0
3930.73	1
3931.46	0
3932.2	0
3932.93	1
3933.67	0
3934.4	0
3935.14	0
3935.88	0
3936.61	0
3937.35	0
3938.08	0
3938.82	0
3939.55	0
3940.29	0
3941.02	0
3941.76	0
3942.49	0
3943.23	0
3943.97	0
3944.7	0
3945.44	2
3946.17	1
3946.91	0
3947.64	0
3948.38	0
3949.11	0
3949.85	0
3950.59	0
3951.32	0
3952.06	0
3952.79	0
3953.53	0
3954.26	1
3955	0
3955.74	0
3956.47	0
3957.21	0
3957.94	0
3958.68	0
3959.42	1
3960.15	0
3960.89	0
3961.62	0
3962.36	0
3963.1	0
3963.83	0
3964.57	0
3965.3	0
3966.04	0
3966.78	0
3967.51	0
3968.25	0
3968.98	0
3969.72	0
3970.46	1
3971.19	0
3971.93	0
3972.67	0
3973.4	0
3974.14	0
3974.87	0
3975.61	0
3976.35	0
3977.08	0
3977.82	0
3978.56	0
3979.29	1
3980.03	0
3980.77	0
3981.5	1
3982.24	0
3982.97	0
3983.71	1
3984.45	0
3985.18	0
3985.92	0
3986.66	0
3987.39	0
3988.13	1
3988.87	0
3989.6	1
3990.34	0
3991.08	0
3991.81	0
3992.55	1
3993.29	0
3994.02	0
3994.76	0
3995.5	1
3996.24	0
3996.97	0
3997.71	0
3998.45	0
3999.18	0
3999.92	0
4000.66	0
4001.39	1
4002.13	1
4002.87	0
4003.6	2
4004.34	0
4005.08	0
4005.82	1
4006.55	0
4007.29	1
4008.03	0
4008.76	1
4009.5	0
4010.24	1
4010.98	0
4011.71	0
4012.45	0
4013.19	1
4013.92	0
4014.66	0
4015.4	1
4016.14	0
4016.87	1
4017.61	0
4018.35	0
4019.09	1
4019.82	1
4020.56	0
4021.3	0
4022.04	0
4022.77	0
4023.51	0
4024.25	0
4024.99	0
4025.72	0
4026.46	0
4027.2	0
4027.94	0
4028.67	0
4029.41	0
4030.15	0
4030.89	0
4031.62	0
4032.36	0
4033.1	0
4033.84	0
4034.57	0
4035.31	0
4036.05	0
4036.79	0
4037.53	0
4038.26	0
4039	0
4039.74	0
4040.48	0
4041.22	0
4041.95	0
4042.69	0
4043.43	0
4044.17	0
4044.91	0
4045.64	0
4046.38	0
4047.12	0
4047.86	0
4048.6	0
4049.33	0
4050.07	0
4050.81	0
4051.55	0
4052.29	0
4053.02	0
4053.76	0
4054.5	0
4055.24	0
4055.98	0
4056.72	0
4057.45	0
4058.19	0
4058.93	1
4059.67	0
4060.41	0
4061.15	0
4061.88	0
4062.62	0
4063.36	0
4064.1	0
4064.84	0
4065.58	0
4066.31	0
4067.05	0
4067.79	0
4068.53	0
4069.27	0
4070.01	0
4070.75	0
4071.48	0
4072.22	0
4072.96	0
4073.7	0
4074.44	0
4075.18	0
4075.92	0
4076.66	0
4077.39	0
4078.13	0
4078.87	0
4079.61	0
4080.35	0
4081.09	0
4081.83	0
4082.57	0
4083.3	0
4084.04	0
4084.78	0
4085.52	0
4086.26	0
4087	0
4087.74	0
4088.48	0
4089.22	0
4089.96	0
4090.69	0
4091.43	0
4092.17	0
4092.91	0
4093.65	0
4094.39	0
4095.13	0
4095.87	0
4096.61	0
4097.35	0
4098.09	0
4098.82	0
4099.56	0
4100.3	0
4101.04	0
4101.78	0
4102.52	0
4103.26	0
4104	0
4104.74	0
4105.48	0
4106.22	0
4106.96	0
4107.7	0
4108.44	0
4109.18	0
4109.92	0
4110.65	0
4111.39	0
4112.13	0
4112.87	0
4113.61	0
4114.35	0
4115.09	0
4115.83	0
4116.57	0
4117.31	0
4118.05	0
4118.79	0
4119.53	0
4120.27	0
4121.01	0
4121.75	0
4122.49	0
4123.23	0
4123.97	0
4124.71	0
4125.45	0
4126.19	0
4126.93	0
4127.67	0
4128.41	0
4129.15	0
4129.89	0
4130.63	0
4131.37	0
4132.11	0
4132.85	0
4133.59	0
4134.33	0
4135.07	0
4135.81	0
4136.55	0
4137.29	0
4138.03	0
4138.77	0
4139.51	0
4140.25	0
4140.99	0
4141.73	0
4142.47	0
4143.21	0
4143.95	0
4144.69	0
4145.43	0
4146.17	0
4146.91	0
4147.65	0
4148.39	0
4149.13	0
4149.87	0
4150.61	0
4151.35	0
4152.09	0
4152.83	0
4153.57	0
4154.31	0
4155.05	0
4155.79	0
4156.53	0
4157.27	0
4158.02	0
4158.76	0
4159.5	0
4160.24	0
4160.98	0
4161.72	0
4162.46	0
4163.2	0
4163.94	0
4164.68	0
4165.42	0
4166.16	0
4166.9	0
4167.64	0
4168.38	0
4169.12	0
4169.87	0
4170.61	0
4171.35	0
4172.09	0
4172.83	0
4173.57	0
4174.31	0
4175.05	0
4175.79	0
4176.53	0
4177.27	0
4178.01	0
4178.76	0
4179.5	0
4180.24	0
4180.98	0
4181.72	0
4182.46	0
4183.2	0
4183.94	0
4184.68	0
4185.42	0
4186.17	0
4186.91	0
4187.65	0
4188.39	0
4189.13	0
4189.87	0
4190.61	0
4191.35	0
4192.1	0
4192.84	0
4193.58	0
4194.32	0
4195.06	0
4195.8	0
4196.54	0
4197.28	0
4198.03	0
4198.77	0
4199.51	0
4200.25	0
4200.99	0
4201.73	0
4202.47	0
4203.22	0
4203.96	0
4204.7	0
4205.44	0
4206.18	0
4206.92	0
4207.66	0
4208.41	0
4209.15	0
4209.89	0
4210.63	0
4211.37	0
4212.11	0
4212.86	0
4213.6	0
4214.34	0
4215.08	0
4215.82	0
4216.56	0
4217.31	0
4218.05	0
4218.79	0
4219.53	0
4220.27	0
4221.01	0
4221.76	0
4222.5	0
4223.24	0
4223.98	0
4224.72	0
4225.47	0
4226.21	0
4226.95	0
4227.69	0
4228.43	0
4229.17	0
4229.92	0
4230.66	0
4231.4	0
4232.14	0
4232.88	0
4233.63	0
4234.37	0
4235.11	0
4235.85	0
4236.6	0
4237.34	0
4238.08	0
4238.82	0
4239.56	0
4240.31	0
4241.05	0
4241.79	0
4242.53	0
4243.27	0
4244.02	0
4244.76	0
4245.5	0
4246.24	0
4246.99	0
4247.73	0
4248.47	0
4249.21	0
4249.96	0
4250.7	0
4251.44	0
4252.18	0
4252.93	0
4253.67	0
4254.41	0
4255.15	0
4255.89	0
4256.64	0
4257.38	0
4258.12	0
4258.86	0
4259.61	0
4260.35	0
4261.09	0
4261.84	0
4262.58	0
4263.32	0
4264.06	0
4264.81	0
4265.55	0
4266.29	0
4267.03	0
4267.78	0
4268.52	0
4269.26	0
4270	0
4270.75	0
4271.49	0
4272.23	0
4272.98	0
4273.72	0
4274.46	0
4275.2	0
4275.95	0
4276.69	0
4277.43	0
4278.18	0
4278.92	0
4279.66	0
4280.4	0
4281.15	0
4281.89	0
4282.63	0
4283.38	0
4284.12	0
4284.86	0
4285.61	0
4286.35	0
4287.09	0
4287.83	0
4288.58	0
4289.32	0
4290.06	0
4290.81	0
4291.55	0
4292.29	0
4293.04	0
4293.78	0
4294.52	0
4295.27	0
4296.01	0
4296.75	0
4297.5	0
4298.24	0
4298.98	0
4299.73	0
4300.47	0
4301.21	0
4301.96	0
4302.7	0
4303.44	0
4304.19	0
4304.93	0
4305.67	0
4306.42	0
4307.16	0
4307.9	0
4308.65	0
4309.39	0
4310.13	0
4310.88	0
4311.62	0
4312.36	0
4313.11	0
4313.85	0
4314.59	0
4315.34	0
4316.08	0
4316.82	0
4317.57	0
4318.31	0
4319.06	0
4319.8	0
4320.54	0
4321.29	0
4322.03	0
4322.77	0
4323.52	0
4324.26	0
4325.01	0
4325.75	0
4326.49	0
4327.24	0
4327.98	0
4328.72	0
4329.47	0
4330.21	0
4330.96	0
4331.7	0
4332.44	0
4333.19	0
4333.93	0
4334.68	0
4335.42	0
4336.16	0
4336.91	0
4337.65	0
4338.4	0
4339.14	0
4339.88	0
4340.63	0
4341.37	0
4342.12	0
4342.86	0
4343.6	0
4344.35	0
4345.09	0
4345.84	0
4346.58	0
4347.32	0
4348.07	0
4348.81	0
4349.56	0
4350.3	0
4351.04	0
4351.79	0
4352.53	0
4353.28	0
4354.02	0
4354.77	0
4355.51	0
4356.25	0
4357	0
4357.74	0
4358.49	0
4359.23	0
4359.98	0
4360.72	0
4361.46	0
4362.21	0
4362.95	0
4363.7	0
4364.44	0
4365.19	0
4365.93	0
4366.68	0
4367.42	0
4368.16	0
4368.91	0
4369.65	0
4370.4	0
4371.14	0
4371.89	0
4372.63	0
4373.38	0
4374.12	0
4374.87	0
4375.61	0
4376.36	0
4377.1	0
4377.84	0
4378.59	0
4379.33	0
4380.08	0
4380.82	0
4381.57	0
4382.31	0
4383.06	0
4383.8	0
4384.55	0
4385.29	0
4386.04	0
4386.78	0
4387.53	0
4388.27	0
4389.02	0
4389.76	0
4390.51	0
4391.25	0
4392	0
4392.74	0
4393.49	0
4394.23	0
4394.98	0
4395.72	0
4396.46	0
4397.21	0
4397.95	0
4398.7	0
4399.44	0
4400.19	0
4400.93	0
4401.68	0
4402.43	0
4403.17	0
4403.92	0
4404.66	0
4405.41	0
4406.15	0
4406.9	0
4407.64	0
4408.39	0
4409.13	0
4409.88	0
4410.62	0
4411.37	0
4412.11	0
4412.86	0
4413.6	0
4414.35	0
4415.09	0
4415.84	0
4416.58	0
4417.33	0
4418.07	0
4418.82	0
4419.56	0
4420.31	0
4421.06	0
4421.8	0
4422.55	0
4423.29	0
4424.04	0
4424.78	0
4425.53	0
4426.27	0
4427.02	0
4427.76	0
4428.51	0
4429.26	0
4430	0
4430.75	0
4431.49	0
4432.24	0
4432.98	0
4433.73	0
4434.47	0
4435.22	0
4435.97	0
4436.71	0
4437.46	0
4438.2	0
4438.95	0
4439.69	0
4440.44	0
4441.18	0
4441.93	0
4442.68	0
4443.42	0
4444.17	0
4444.91	0
4445.66	0
4446.4	0
4447.15	0
4447.9	0
4448.64	0
4449.39	0
4450.13	0
4450.88	0
4451.63	0
4452.37	0
4453.12	0
4453.86	0
4454.61	0
4455.35	0
4456.1	0
4456.85	0
4457.59	0
4458.34	0
4459.08	0
4459.83	0
4460.58	0
4461.32	0
4462.07	0
4462.81	0
4463.56	0
4464.31	0
4465.05	0
4465.8	0
4466.54	0
4467.29	0
4468.04	0
4468.78	0
4469.53	0
4470.27	0
4471.02	0
4471.77	0
4472.51	0
4473.26	0
4474.01	0
4474.75	0
4475.5	0
4476.24	0
4476.99	0
4477.74	0
4478.48	0
4479.23	0
4479.98	0
4480.72	0
4481.47	0
4482.21	0
4482.96	0
4483.71	0
4484.45	0
4485.2	0
4485.95	0
4486.69	0
4487.44	0
4488.18	0
4488.93	0
4489.68	0
4490.42	0
4491.17	0
4491.92	0
4492.66	0
4493.41	0
4494.16	0
4494.9	0
4495.65	0
4496.4	0
4497.14	0
4497.89	0
4498.64	0
4499.38	0
4500.13	0
4500.87	0
4501.62	0
4502.37	0
4503.11	0
4503.86	0
4504.61	0
4505.35	0
4506.1	0
4506.85	0
4507.59	0
4508.34	0
4509.09	0
4509.83	0
4510.58	0
4511.33	0
4512.07	0
4512.82	0
4513.57	0
4514.31	0
4515.06	0
4515.81	0
4516.56	0
4517.3	0
4518.05	0
4518.8	0
4519.54	0
4520.29	0
4521.04	0
4521.78	0
4522.53	0
4523.28	0
4524.02	0
4524.77	0
4525.52	0
4526.26	0
4527.01	0
4527.76	0
4528.51	0
4529.25	0
4530	0
4530.75	0
4531.49	0
4532.24	0
4532.99	0
4533.73	0
4534.48	0
4535.23	0
4535.98	0
4536.72	0
4537.47	0
4538.22	0
4538.96	0
4539.71	0
4540.46	0
4541.2	0
4541.95	0
4542.7	0
4543.45	0
4544.19	0
4544.94	0
4545.69	0
4546.43	0
4547.18	0
4547.93	0
4548.68	0
4549.42	0
4550.17	0
4550.92	0
4551.67	0
4552.41	0
4553.16	0
4553.91	0
4554.65	0
4555.4	0
4556.15	0
4556.9	0
4557.64	0
4558.39	0
4559.14	0
4559.89	0
4560.63	0
4561.38	0
4562.13	0
4562.88	0
4563.62	0
4564.37	0
4565.12	0
4565.87	0
4566.61	0
4567.36	0
4568.11	0
4568.86	0
4569.6	0
4570.35	0
4571.1	0
4571.85	0
4572.59	0
4573.34	0
4574.09	0
4574.84	0
4575.58	0
4576.33	0
4577.08	0
4577.83	0
4578.57	0
4579.32	0
4580.07	0
4580.82	0
4581.56	0
4582.31	0
4583.06	0
4583.81	0
4584.55	0
4585.3	0
4586.05	0
4586.8	0
4587.55	0
4588.29	0
4589.04	0
4589.79	0
4590.54	0
4591.28	0
4592.03	0
4592.78	0
4593.53	0
4594.28	0
4595.02	0
4595.77	0
4596.52	0
4597.27	0
4598.01	0
4598.76	0
4599.51	0
4600.26	0
4601.01	0
4601.75	0
4602.5	0
4603.25	0
4604	0
4604.75	0
4605.49	0
4606.24	0
4606.99	0
4607.74	0
4608.49	0
4609.23	0
4609.98	0
4610.73	0
4611.48	0
4612.23	0
4612.97	0
4613.72	0
4614.47	0
4615.22	0
4615.97	0
4616.71	0
4617.46	0
4618.21	0
4618.96	0
4619.71	0
4620.45	0
4621.2	0
4621.95	0
4622.7	0
4623.45	0
4624.2	0
4624.94	0
4625.69	0
4626.44	0
4627.19	0
4627.94	0
4628.68	0
4629.43	0
4630.18	0
4630.93	0
4631.68	0
4632.43	0
4633.17	0
4633.92	0
4634.67	0
4635.42	0
4636.17	0
4636.92	0
4637.66	0
4638.41	0
4639.16	0
4639.91	0
4640.66	0
4641.41	0
4642.15	0
4642.9	0
4643.65	0
4644.4	0
4645.15	0
4645.9	0
4646.64	0
4647.39	0
4648.14	0
4648.89	0
4649.64	0
4650.39	0
4651.14	0
4651.88	0
4652.63	0
4653.38	0
4654.13	0
4654.88	0
4655.63	0
4656.38	0
4657.12	0
4657.87	0
4658.62	0
4659.37	0
4660.12	0
4660.87	0
4661.62	0
4662.36	0
4663.11	0
4663.86	0
4664.61	0
4665.36	0
4666.11	0
4666.86	0
4667.6	0
4668.35	0
4669.1	0
4669.85	0
4670.6	0
4671.35	0
4672.1	0
4672.85	0
4673.59	0
4674.34	0
4675.09	0
4675.84	0
4676.59	0
4677.34	0
4678.09	0
4678.84	0
4679.58	0
4680.33	0
4681.08	0
4681.83	0
4682.58	0
4683.33	0
4684.08	0
4684.83	0
4685.58	0
4686.32	0
4687.07	0
4687.82	0
4688.57	0
4689.32	0
4690.07	0
4690.82	0
4691.57	0
4692.32	0
4693.06	0
4693.81	0
4694.56	0
4695.31	0
4696.06	0
4696.81	0
4697.56	0
4698.31	0
4699.06	0
4699.81	0
4700.55	0
4701.3	0
4702.05	0
4702.8	0
4703.55	0
4704.3	0
4705.05	0
4705.8	0
4706.55	0
4707.3	0
4708.04	0
4708.79	0
4709.54	0
4710.29	0
4711.04	0
4711.79	0
4712.54	0
4713.29	0
4714.04	0
4714.79	0
4715.54	0
4716.29	0
4717.03	0
4717.78	0
4718.53	0
4719.28	0
4720.03	0
4720.78	0
4721.53	0
4722.28	0
4723.03	0
4723.78	0
4724.53	0
4725.28	0
4726.03	0
4726.77	0
4727.52	0
4728.27	0
4729.02	0
4729.77	0
4730.52	0
4731.27	0
4732.02	0
4732.77	0
4733.52	0
4734.27	0
4735.02	0
4735.77	0
4736.52	0
4737.27	0
4738.02	0
4738.76	0
4739.51	0
4740.26	0
4741.01	0
4741.76	0
4742.51	0
4743.26	0
4744.01	0
4744.76	0
4745.51	0
4746.26	0
4747.01	0
4747.76	0
4748.51	0
4749.26	0
4750.01	0
4750.76	0
4751.51	0
4752.26	0
4753	0
4753.75	0
4754.5	0
4755.25	0
4756	0
4756.75	0
4757.5	0
4758.25	0
4759	0
4759.75	0
4760.5	0
4761.25	0
4762	0
4762.75	0
4763.5	0
4764.25	0
4765	0
4765.75	0
4766.5	0
4767.25	0
4768	0
4768.75	0
4769.5	0
4770.25	0
4771	0
4771.75	0
4772.5	0
4773.25	0
4773.99	0
4774.74	0
4775.49	0
4776.24	0
4776.99	0
4777.74	0
4778.49	0
4779.24	0
4779.99	0
4780.74	0
4781.49	0
4782.24	0
4782.99	0
4783.74	0
4784.49	0
4785.24	0
4785.99	0
4786.74	0
4787.49	0
4788.24	0
4788.99	0
4789.74	0
4790.49	0
4791.24	0
4791.99	0
4792.74	0
4793.49	0
4794.24	0
4794.99	0
4795.74	0
4796.49	0
4797.24	0
4797.99	0
4798.74	0
4799.49	0
4800.24	0
4800.99	0
4801.74	0
4802.49	0
4803.24	0
4803.99	0
4804.74	0
4805.49	0
4806.24	0
4806.99	0
4807.74	0
4808.49	0
4809.24	0
4809.99	0
4810.74	0
4811.49	0
4812.24	0
4812.99	0
4813.74	0
4814.49	0
4815.24	0
4815.99	0
4816.74	0
4817.49	0
4818.24	0
4818.99	0
4819.74	0
4820.49	0
4821.24	0
4821.99	0
4822.74	0
4823.49	0
4824.24	0
4824.99	0
4825.74	0
4826.49	0
4827.24	0
4827.99	0
4828.74	0
4829.49	0
4830.24	0
4830.99	0
4831.74	0
4832.49	0
4833.24	0
4833.99	0
4834.75	0
4835.5	0
4836.25	0
4837	0
4837.75	0
4838.5	0
4839.25	0
4840	0
4840.75	0
4841.5	0
4842.25	0
4843	0
4843.75	0
4844.5	0
4845.25	0
4846	0
4846.75	0
4847.5	0
4848.25	0
4849	0
4849.75	0
4850.5	0
4851.25	0
4852	0
4852.75	0
4853.5	0
4854.25	0
4855	0
4855.75	0
4856.5	0
4857.26	0
4858.01	0
4858.76	0
4859.51	0
4860.26	0
4861.01	0
4861.76	0
4862.51	0
4863.26	0
4864.01	0
4864.76	0
4865.51	0
4866.26	0
4867.01	0
4867.76	0
4868.51	0
4869.26	0
4870.01	0
4870.76	0
4871.51	0
4872.26	0
4873.02	0
4873.77	0
4874.52	0
4875.27	0
4876.02	0
4876.77	0
4877.52	0
4878.27	0
4879.02	0
4879.77	0
4880.52	0
4881.27	0
4882.02	0
4882.77	0
4883.52	0
4884.27	0
4885.02	0
4885.78	0
4886.53	0
4887.28	0
4888.03	0
4888.78	0
4889.53	0
4890.28	0
4891.03	0
4891.78	0
4892.53	0
4893.28	0
4894.03	0
4894.78	0
4895.53	0
4896.28	0
4897.04	0
4897.79	0
4898.54	0
4899.29	0
4900.04	0
4900.79	0
4901.54	0
4902.29	0
4903.04	0
4903.79	0
4904.54	0
4905.29	0
4906.04	0
4906.79	0
4907.55	0
4908.3	0
4909.05	0
4909.8	0
4910.55	0
4911.3	0
4912.05	0
4912.8	0
4913.55	0
4914.3	0
4915.05	0
4915.8	0
4916.56	0
4917.31	0
4918.06	0
4918.81	0
4919.56	0
4920.31	0
4921.06	0
4921.81	0
4922.56	0
4923.31	0
4924.06	0
4924.81	0
4925.57	0
4926.32	0
4927.07	0
4927.82	0
4928.57	0
4929.32	0
4930.07	0
4930.82	0
4931.57	0
4932.32	0
4933.07	0
4933.83	0
4934.58	0
4935.33	0
4936.08	0
4936.83	0
4937.58	0
4938.33	0
4939.08	0
4939.83	0
4940.58	0
4941.34	0
4942.09	0
4942.84	0
4943.59	0
4944.34	0
4945.09	0
4945.84	0
4946.59	0
4947.34	0
4948.09	0
4948.85	0
4949.6	0
4950.35	0
4951.1	0
4951.85	0
4952.6	0
4953.35	0
4954.1	0
4954.85	0
4955.6	0
4956.36	0
4957.11	0
4957.86	0
4958.61	0
4959.36	0
4960.11	0
4960.86	0
4961.61	0
4962.36	0
4963.12	0
4963.87	0
4964.62	0
4965.37	0
4966.12	0
4966.87	0
4967.62	0
4968.37	0
4969.12	0
4969.88	0
4970.63	0
4971.38	0
4972.13	0
4972.88	0
4973.63	0
4974.38	0
4975.13	0
4975.88	0
4976.64	0
4977.39	0
4978.14	0
4978.89	0
4979.64	0
4980.39	0
4981.14	0
4981.89	0
4982.65	0
4983.4	0
4984.15	0
4984.9	0
4985.65	0
4986.4	0
4987.15	0
4987.9	0
4988.66	0
4989.41	0
4990.16	0
4990.91	0
4991.66	0
4992.41	0
4993.16	0
4993.91	0
4994.66	0
4995.42	0
4996.17	0
4996.92	0
4997.67	0
4998.42	0
4999.17	0
4999.92	0
5000.68	0
5001.43	0
5002.18	0
5002.93	0
5003.68	0
5004.43	0
5005.18	0
5005.93	0
5006.69	0
5007.44	0
5008.19	0
5008.94	0
5009.69	0
5010.44	0
5011.19	0
5011.94	0
5012.7	0
5013.45	0
5014.2	0
5014.95	0
5015.7	0
5016.45	0
5017.2	0
5017.96	0
5018.71	0
5019.46	0
5020.21	0
5020.96	0
5021.71	0
5022.46	0
5023.22	0
5023.97	0
5024.72	0
5025.47	0
5026.22	0
5026.97	0
5027.72	0
5028.48	0
5029.23	0
5029.98	0
5030.73	0
5031.48	0
5032.23	0
5032.98	0
5033.74	0
5034.49	0
5035.24	0
5035.99	0
5036.74	0
5037.49	0
5038.24	0
5039	0
5039.75	0
5040.5	0
5041.25	0
5042	0
5042.75	0
5043.5	0
5044.26	0
5045.01	0
5045.76	0
5046.51	0
5047.26	0
5048.01	0
5048.76	0
5049.52	0
5050.27	0
5051.02	0
5051.77	0
5052.52	0
5053.27	0
5054.02	0
5054.78	0
5055.53	0
5056.28	0
5057.03	0
5057.78	0
5058.53	0
5059.29	0
5060.04	0
5060.79	0
5061.54	0
5062.29	0
5063.04	0
5063.79	0
5064.55	0
5065.3	0
5066.05	0
5066.8	0
5067.55	0
5068.3	0
5069.06	0
5069.81	0
5070.56	0
5071.31	0
5072.06	0
5072.81	0
5073.57	0
5074.32	0
5075.07	0
5075.82	0
5076.57	0
5077.32	0
5078.07	0
5078.83	0
5079.58	0
5080.33	0
5081.08	0
5081.83	0
5082.58	0
5083.34	0
5084.09	0
5084.84	0
5085.59	0
5086.34	0
5087.09	0
5087.85	0
5088.6	0
5089.35	0
5090.1	0
5090.85	0
5091.6	0
5092.36	0
5093.11	0
5093.86	0
5094.61	0
5095.36	0
5096.11	0
5096.87	0
5097.62	0
5098.37	0
5099.12	0
5099.87	0
5100.62	0
5101.38	0
5102.13	0
5102.88	0
5103.63	0
5104.38	0
5105.13	0
5105.89	0
5106.64	0
5107.39	0
5108.14	0
5108.89	0
5109.64	0
5110.4	0
