-5.15587e-020	0
0.2201	0
0.4402	0
0.6603	0
0.8804	0
1.1005	0
1.3206	0
1.5407	0
1.7608	0
1.9809	0
2.201	0
2.4211	0
2.6412	0
2.8613	0
3.0814	0
3.3015	0
3.5216	0
3.7417	0
3.9618	0
4.1819	0
4.402	0
4.6221	0
4.8422	0
5.0623	0
5.2824	0
5.5025	0
5.7226	0
5.9427	0
6.1628	0
6.3829	0
6.603	0
6.8231	0
7.0432	0
7.2633	0
7.4834	1
7.7035	3
7.9236	8
8.1437	7
8.3638	19
8.5839	5
8.804	11
9.0241	8
9.2442	9
9.4643	17
9.6844	8
9.9045	6
10.1246	4
10.3447	10
10.5648	9
10.7849	9
11.005	6
11.2251	10
11.4452	14
11.6653	5
11.8854	16
12.1055	10
12.3256	13
12.5457	4
12.7658	10
12.9859	4
13.206	10
13.4261	9
13.6462	12
13.8663	3
14.0864	10
14.3065	10
14.5266	11
14.7467	7
14.9668	6
15.1869	8
15.407	9
15.6271	13
15.8472	10
16.0673	7
16.2874	10
16.5075	9
16.7276	9
16.9477	5
17.1678	8
17.3879	10
17.608	10
17.8281	10
18.0482	9
18.2683	13
18.4884	7
18.7085	7
18.9286	14
19.1487	8
19.3688	15
19.5889	10
19.809	5
20.0291	5
20.2492	7
20.4693	6
20.6894	8
20.9095	14
21.1296	4
21.3497	7
21.5698	9
21.7899	4
22.01	11
22.2301	6
22.4502	5
22.6703	4
22.8904	6
23.1105	11
23.3306	4
23.5507	8
23.7708	6
23.9909	5
24.211	11
24.4311	10
24.6512	11
24.8713	8
25.0914	5
25.3115	11
25.5316	9
25.7517	9
25.9718	9
26.1919	11
26.412	5
26.6321	9
26.8522	10
27.0723	8
27.2924	5
27.5125	6
27.7326	6
27.9527	4
28.1728	11
28.3929	8
28.613	8
28.8331	9
29.0532	5
29.2733	11
29.4934	4
29.7135	11
29.9336	8
30.1537	11
30.3738	3
30.5939	9
30.814	5
31.0341	5
31.2542	4
31.4743	4
31.6944	5
31.9145	7
32.1346	6
32.3547	13
32.5748	7
32.7949	9
33.015	7
33.2351	7
33.4552	4
33.6753	7
33.8954	6
34.1155	9
34.3356	7
34.5557	6
34.7758	10
34.9959	9
35.216	12
35.4361	5
35.6562	1
35.8763	6
36.0964	8
36.3165	5
36.5366	6
36.7567	10
36.9768	8
37.1969	5
37.417	3
37.6371	5
37.8572	8
38.0773	8
38.2974	8
38.5175	9
38.7376	5
38.9577	5
39.1778	3
39.3979	12
39.618	10
39.8381	14
40.0582	7
40.2783	10
40.4984	9
40.7185	6
40.9386	6
41.1587	8
41.3788	7
41.5989	3
41.819	6
42.0391	10
42.2592	9
42.4793	5
42.6994	7
42.9195	10
43.1396	8
43.3597	3
43.5798	4
43.7999	8
44.02	10
44.2401	5
44.4602	11
44.6803	8
44.9004	8
45.1205	5
45.3406	6
45.5607	6
45.7808	15
46.0009	6
46.221	5
46.4411	6
46.6612	10
46.8813	7
47.1014	4
47.3215	4
47.5416	9
47.7617	4
47.9818	7
48.2019	6
48.422	8
48.6421	6
48.8622	6
49.0823	11
49.3024	9
49.5225	4
49.7426	3
49.9627	8
50.1828	6
50.4029	9
50.623	3
50.8431	10
51.0632	6
51.2833	6
51.5034	9
51.7235	5
51.9436	7
52.1637	10
52.3838	8
52.6039	6
52.824	8
53.0441	10
53.2642	9
53.4843	7
53.7044	8
53.9245	7
54.1446	7
54.3647	6
54.5848	5
54.8049	11
55.025	9
55.2451	5
55.4652	7
55.6853	8
55.9054	8
56.1255	8
56.3456	6
56.5657	6
56.7858	8
57.0059	9
57.226	1
57.4461	7
57.6662	12
57.8863	5
58.1064	7
58.3265	8
58.5466	7
58.7667	9
58.9868	6
59.2069	3
59.427	9
59.6471	8
59.8672	5
60.0873	3
60.3074	9
60.5275	7
60.7476	13
60.9677	8
61.1878	5
61.4079	6
61.628	4
61.8481	8
62.0682	4
62.2883	9
62.5084	4
62.7285	10
62.9486	7
63.1687	8
63.3888	6
63.6089	11
63.829	14
64.0491	6
64.2692	13
64.4893	7
64.7094	9
64.9295	8
65.1496	4
65.3697	11
65.5898	9
65.8099	6
66.03	7
66.2501	7
66.4702	5
66.6903	6
66.9104	7
67.1305	8
67.3506	8
67.5707	19
67.7908	7
68.0109	8
68.231	9
68.4511	4
68.6712	11
68.8913	15
69.1114	10
69.3315	13
69.5516	12
69.7717	12
69.9918	12
70.2119	16
70.432	8
70.6521	10
70.8722	5
71.0923	10
71.3124	13
71.5325	12
71.7526	20
71.9727	19
72.1928	4
72.4129	13
72.633	7
72.8531	6
73.0732	6
73.2933	8
73.5134	6
73.7335	8
73.9536	15
74.1737	3
74.3938	5
74.6139	6
74.834	6
75.0541	13
75.2742	11
75.4943	13
75.7144	10
75.9345	4
76.1546	8
76.3747	10
76.5948	6
76.8149	6
77.035	6
77.2551	5
77.4752	5
77.6953	10
77.9154	8
78.1355	4
78.3556	5
78.5757	16
78.7958	10
79.0159	9
79.236	10
79.4561	6
79.6762	7
79.8963	6
80.1164	8
80.3365	9
80.5566	8
80.7767	14
80.9968	12
81.2169	11
81.437	13
81.6571	15
81.8772	12
82.0973	11
82.3174	10
82.5375	10
82.7576	7
82.9777	7
83.1978	7
83.4179	9
83.638	15
83.8581	6
84.0782	11
84.2983	9
84.5184	12
84.7385	7
84.9586	7
85.1787	7
85.3988	6
85.6189	6
85.839	6
86.0591	9
86.2792	10
86.4993	5
86.7194	6
86.9395	9
87.1596	5
87.3797	10
87.5998	10
87.8199	6
88.04	3
88.2601	3
88.4802	9
88.7003	10
88.9204	7
89.1405	9
89.3606	9
89.5807	6
89.8008	8
90.0209	9
90.241	9
90.4611	10
90.6812	6
90.9013	9
91.1214	11
91.3415	3
91.5616	9
91.7817	9
92.0018	8
92.2219	7
92.442	9
92.6621	11
92.8822	8
93.1023	7
93.3224	12
93.5425	3
93.7626	11
93.9827	5
94.2028	4
94.4229	6
94.643	2
94.8631	7
95.0832	7
95.3033	4
95.5234	10
95.7435	10
95.9636	5
96.1837	9
96.4038	7
96.6239	4
96.844	5
97.0641	7
97.2842	5
97.5043	7
97.7244	8
97.9445	4
98.1646	7
98.3847	10
98.6048	11
98.8249	8
99.045	8
99.2651	5
99.4852	7
99.7053	8
99.9254	4
100.146	4
100.366	12
100.586	4
100.806	9
101.026	4
101.246	9
101.466	8
101.686	4
101.906	3
102.126	2
102.346	4
102.567	10
102.787	6
103.007	8
103.227	6
103.447	8
103.667	8
103.887	8
104.107	5
104.327	3
104.548	10
104.768	5
104.988	10
105.208	8
105.428	6
105.648	8
105.868	8
106.088	13
106.308	6
106.528	8
106.748	7
106.969	6
107.189	9
107.409	8
107.629	6
107.849	7
108.069	8
108.289	7
108.509	4
108.729	5
108.95	7
109.17	3
109.39	15
109.61	9
109.83	4
110.05	6
110.27	7
110.49	8
110.71	9
110.93	8
111.15	7
111.371	7
111.591	10
111.811	7
112.031	8
112.251	5
112.471	6
112.691	7
112.911	5
113.131	10
113.352	12
113.572	11
113.792	8
114.012	7
114.232	11
114.452	6
114.672	8
114.892	10
115.112	6
115.332	4
115.552	6
115.773	12
115.993	7
116.213	8
116.433	6
116.653	5
116.873	3
117.093	5
117.313	5
117.533	9
117.753	8
117.974	1
118.194	10
118.414	7
118.634	3
118.854	6
119.074	8
119.294	7
119.514	14
119.734	6
119.955	7
120.175	6
120.395	6
120.615	7
120.835	16
121.055	4
121.275	10
121.495	5
121.715	9
121.935	5
122.155	4
122.376	5
122.596	12
122.816	7
123.036	2
123.256	10
123.476	6
123.696	10
123.916	10
124.136	6
124.357	7
124.577	5
124.797	3
125.017	3
125.237	10
125.457	8
125.677	11
125.897	11
126.117	6
126.337	5
126.557	6
126.778	3
126.998	4
127.218	5
127.438	9
127.658	11
127.878	9
128.098	11
128.318	7
128.538	5
128.759	12
128.979	2
129.199	5
129.419	10
129.639	5
129.859	5
130.079	11
130.299	7
130.519	6
130.739	17
130.959	7
131.18	4
131.4	8
131.62	8
131.84	7
132.06	7
132.28	7
132.5	8
132.72	6
132.94	8
133.16	10
133.381	5
133.601	9
133.821	7
134.041	6
134.261	6
134.481	10
134.701	10
134.921	14
135.141	4
135.362	7
135.582	8
135.802	9
136.022	7
136.242	9
136.462	11
136.682	9
136.902	4
137.122	7
137.342	6
137.563	6
137.783	6
138.003	6
138.223	3
138.443	5
138.663	7
138.883	7
139.103	6
139.323	7
139.543	7
139.763	5
139.984	9
140.204	5
140.424	9
140.644	3
140.864	8
141.084	11
141.304	4
141.524	5
141.744	6
141.964	8
142.185	7
142.405	14
142.625	8
142.845	6
143.065	7
143.285	7
143.505	5
143.725	8
143.945	11
144.165	11
144.386	15
144.606	6
144.826	9
145.046	10
145.266	11
145.486	7
145.706	10
145.926	8
146.146	8
146.367	3
146.587	9
146.807	4
147.027	7
147.247	12
147.467	8
147.687	7
147.907	15
148.127	10
148.347	6
148.568	5
148.788	8
149.008	7
149.228	6
149.448	6
149.668	5
149.888	1
150.108	4
150.328	6
150.548	7
150.768	6
150.989	8
151.209	6
151.429	11
151.649	3
151.869	2
152.089	3
152.309	8
152.529	6
152.749	4
152.969	10
153.19	11
153.41	12
153.63	11
153.85	7
154.07	3
154.29	4
154.51	10
154.73	10
154.95	6
155.171	3
155.391	5
155.611	5
155.831	5
156.051	8
156.271	3
156.491	3
156.711	4
156.931	9
157.151	8
157.372	10
157.592	12
157.812	6
158.032	10
158.252	5
158.472	6
158.692	9
158.912	3
159.132	6
159.352	10
159.572	5
159.793	10
160.013	2
160.233	7
160.453	3
160.673	9
160.893	7
161.113	5
161.333	7
161.553	5
161.773	8
161.994	4
162.214	2
162.434	2
162.654	6
162.874	5
163.094	5
163.314	6
163.534	9
163.754	6
163.975	6
164.195	10
164.415	5
164.635	7
164.855	5
165.075	8
165.295	10
165.515	10
165.735	5
165.955	5
166.176	5
166.396	7
166.616	4
166.836	8
167.056	2
167.276	5
167.496	9
167.716	11
167.936	15
168.156	5
168.376	9
168.597	7
168.817	2
169.037	9
169.257	8
169.477	3
169.697	7
169.917	14
170.137	8
170.357	7
170.577	6
170.798	6
171.018	5
171.238	7
171.458	14
171.678	6
171.898	8
172.118	11
172.338	5
172.558	4
172.778	9
172.999	5
173.219	6
173.439	3
173.659	9
173.879	5
174.099	9
174.319	7
174.539	6
174.759	4
174.98	4
175.2	7
175.42	10
175.64	10
175.86	6
176.08	3
176.3	8
176.52	4
176.74	7
176.96	7
177.18	4
177.401	5
177.621	4
177.841	8
178.061	5
178.281	8
178.501	7
178.721	9
178.941	8
179.161	8
179.381	9
179.602	3
179.822	7
180.042	5
180.262	3
180.482	7
180.702	5
180.922	7
181.142	3
181.362	10
181.582	8
181.803	7
182.023	8
182.243	10
182.463	8
182.683	8
182.903	5
183.123	5
183.343	9
183.563	7
183.784	7
184.004	2
184.224	8
184.444	4
184.664	3
184.884	5
185.104	11
185.324	6
185.544	7
185.764	4
185.985	9
186.205	11
186.425	3
186.645	9
186.865	6
187.085	0
187.305	4
187.525	4
187.745	6
187.965	5
188.185	4
188.406	5
188.626	4
188.846	5
189.066	8
189.286	9
189.506	4
189.726	3
189.946	7
190.166	5
190.386	5
190.607	4
190.827	5
191.047	6
191.267	4
191.487	6
191.707	4
191.927	12
192.147	9
192.367	7
192.587	5
192.808	8
193.028	3
193.248	3
193.468	5
193.688	8
193.908	3
194.128	6
194.348	7
194.568	6
194.789	6
195.009	5
195.229	7
195.449	3
195.669	5
195.889	9
196.109	6
196.329	6
196.549	10
196.769	8
196.989	10
197.21	7
197.43	1
197.65	3
197.87	8
198.09	12
198.31	5
198.53	5
198.75	11
198.97	3
199.19	4
199.411	5
199.631	5
199.851	6
200.071	8
200.291	11
200.511	7
200.731	7
200.951	4
201.171	7
201.391	4
201.612	4
201.832	6
202.052	5
202.272	6
202.492	9
202.712	4
202.932	8
203.152	5
203.372	6
203.593	5
203.813	8
204.033	6
204.253	12
204.473	6
204.693	5
204.913	6
205.133	6
205.353	9
205.573	4
205.793	4
206.014	9
206.234	3
206.454	8
206.674	7
206.894	6
207.114	5
207.334	2
207.554	4
207.774	9
207.994	6
208.215	5
208.435	13
208.655	10
208.875	11
209.095	9
209.315	9
209.535	6
209.755	9
209.975	4
210.195	10
210.416	8
210.636	5
210.856	10
211.076	7
211.296	7
211.516	7
211.736	6
211.956	5
212.176	3
212.397	15
212.617	10
212.837	9
213.057	9
213.277	11
213.497	7
213.717	8
213.937	11
214.157	9
214.377	11
214.598	11
214.818	8
215.038	5
215.258	5
215.478	8
215.698	8
215.918	9
216.138	5
216.358	8
216.578	13
216.798	1
217.019	6
217.239	7
217.459	9
217.679	4
217.899	10
218.119	7
218.339	6
218.559	8
218.779	8
218.999	6
219.22	11
219.44	6
219.66	7
219.88	3
220.1	11
220.32	7
220.54	6
220.76	8
220.98	10
221.2	8
221.421	6
221.641	5
221.861	9
222.081	7
222.301	8
222.521	3
222.741	8
222.961	7
223.181	14
223.402	10
223.622	10
223.842	5
224.062	9
224.282	6
224.502	8
224.722	12
224.942	8
225.162	9
225.382	8
225.602	11
225.823	9
226.043	4
226.263	12
226.483	5
226.703	4
226.923	6
227.143	7
227.363	6
227.583	13
227.803	9
228.024	14
228.244	9
228.464	6
228.684	8
228.904	12
229.124	8
229.344	16
229.564	7
229.784	11
230.004	7
230.225	11
230.445	7
230.665	2
230.885	5
231.105	4
231.325	7
231.545	8
231.765	5
231.985	7
232.206	9
232.426	10
232.646	16
232.866	7
233.086	5
233.306	10
233.526	7
233.746	9
233.966	7
234.186	7
234.406	6
234.627	8
234.847	12
235.067	7
235.287	6
235.507	7
235.727	9
235.947	8
236.167	9
236.387	8
236.607	8
236.828	8
237.048	7
237.268	9
237.488	7
237.708	10
237.928	6
238.148	7
238.368	7
238.588	6
238.808	7
239.029	11
239.249	6
239.469	11
239.689	8
239.909	9
240.129	13
240.349	6
240.569	7
240.789	2
241.01	10
241.23	5
241.45	7
241.67	7
241.89	5
242.11	7
242.33	10
242.55	6
242.77	3
242.99	11
243.211	7
243.431	10
243.651	13
243.871	10
244.091	7
244.311	5
244.531	6
244.751	11
244.971	4
245.191	10
245.411	10
245.632	6
245.852	7
246.072	8
246.292	9
246.512	7
246.732	11
246.952	11
247.172	8
247.392	5
247.612	5
247.833	3
248.053	8
248.273	3
248.493	4
248.713	5
248.933	4
249.153	5
249.373	9
249.593	9
249.813	5
250.034	10
250.254	12
250.474	10
250.694	7
250.914	6
251.134	4
251.354	6
251.574	7
251.794	8
252.015	8
252.235	6
252.455	3
252.675	3
252.895	3
253.115	9
253.335	8
253.555	6
253.775	5
253.995	8
254.215	6
254.436	10
254.656	6
254.876	10
255.096	9
255.316	7
255.536	5
255.756	9
255.976	6
256.196	6
256.416	7
256.637	5
256.857	7
257.077	7
257.297	5
257.517	6
257.737	2
257.957	6
258.177	6
258.397	6
258.618	8
258.838	7
259.058	4
259.278	4
259.498	8
259.718	6
259.938	8
260.158	5
260.378	7
260.598	8
260.818	4
261.039	9
261.259	9
261.479	9
261.699	6
261.919	7
262.139	9
262.359	10
262.579	4
262.799	10
263.019	15
263.24	5
263.46	5
263.68	4
263.9	8
264.12	7
264.34	4
264.56	5
264.78	6
265	6
265.221	9
265.441	10
265.661	7
265.881	5
266.101	4
266.321	9
266.541	6
266.761	4
266.981	10
267.201	7
267.421	7
267.642	8
267.862	12
268.082	3
268.302	2
268.522	8
268.742	6
268.962	4
269.182	9
269.402	5
269.623	3
269.843	5
270.063	5
270.283	8
270.503	5
270.723	8
270.943	9
271.163	6
271.383	2
271.603	3
271.823	5
272.044	4
272.264	7
272.484	9
272.704	6
272.924	3
273.144	4
273.364	4
273.584	10
273.804	7
274.024	6
274.245	5
274.465	3
274.685	7
274.905	6
275.125	5
275.345	4
275.565	3
275.785	7
276.005	3
276.226	10
276.446	6
276.666	4
276.886	7
277.106	6
277.326	12
277.546	10
277.766	6
277.986	5
278.206	8
278.426	5
278.647	3
278.867	7
279.087	5
279.307	8
279.527	4
279.747	6
279.967	11
280.187	3
280.407	8
280.628	10
280.848	4
281.068	3
281.288	2
281.508	7
281.728	7
281.948	9
282.168	5
282.388	3
282.608	7
282.828	9
283.049	6
283.269	5
283.489	2
283.709	6
283.929	8
284.149	6
284.369	4
284.589	5
284.809	5
285.029	10
285.25	6
285.47	5
285.69	4
285.91	4
286.13	4
286.35	8
286.57	8
286.79	6
287.01	9
287.231	5
287.451	6
287.671	6
287.891	4
288.111	8
288.331	4
288.551	2
288.771	3
288.991	5
289.211	5
289.431	8
289.652	6
289.872	4
290.092	6
290.312	3
290.532	7
290.752	7
290.972	7
291.192	9
291.412	7
291.632	4
291.853	4
292.073	6
292.293	7
292.513	4
292.733	7
292.953	4
293.173	6
293.393	6
293.613	2
293.834	4
294.054	6
294.274	3
294.494	10
294.714	7
294.934	4
295.154	7
295.374	9
295.594	3
295.814	3
296.034	8
296.255	5
296.475	8
296.695	6
296.915	7
297.135	5
297.355	6
297.575	4
297.795	5
298.015	8
298.236	5
298.456	8
298.676	3
298.896	6
299.116	5
299.336	4
299.556	8
299.776	5
299.996	5
300.216	6
300.436	2
300.657	5
300.877	5
301.097	8
301.317	3
301.537	3
301.757	4
301.977	4
302.197	5
302.417	4
302.637	5
302.858	7
303.078	5
303.298	4
303.518	5
303.738	6
303.958	7
304.178	8
304.398	3
304.618	5
304.839	7
305.059	4
305.279	6
305.499	2
305.719	4
305.939	3
306.159	4
306.379	8
306.599	3
306.819	7
307.039	3
307.26	9
307.48	8
307.7	5
307.92	6
308.14	9
308.36	15
308.58	9
308.8	5
309.02	5
309.241	3
309.461	5
309.681	4
309.901	4
310.121	6
310.341	3
310.561	7
310.781	5
311.001	8
311.221	5
311.441	1
311.662	3
311.882	5
312.102	4
312.322	4
312.542	1
312.762	6
312.982	8
313.202	3
313.422	5
313.642	6
313.863	2
314.083	3
314.303	5
314.523	5
314.743	6
314.963	1
315.183	1
315.403	5
315.623	9
315.844	1
316.064	5
316.284	5
316.504	7
316.724	4
316.944	9
317.164	6
317.384	4
317.604	2
317.824	3
318.044	7
318.265	9
318.485	11
318.705	2
318.925	4
319.145	3
319.365	4
319.585	6
319.805	1
320.025	3
320.245	5
320.466	3
320.686	3
320.906	3
321.126	3
321.346	8
321.566	3
321.786	5
322.006	3
322.226	4
322.446	8
322.667	5
322.887	3
323.107	4
323.327	7
323.547	8
323.767	6
323.987	5
324.207	4
324.427	6
324.647	6
324.868	5
325.088	5
325.308	6
325.528	4
325.748	4
325.968	11
326.188	5
326.408	6
326.628	2
326.849	2
327.069	8
327.289	7
327.509	4
327.729	6
327.949	5
328.169	2
328.389	4
328.609	2
328.829	5
329.049	4
329.27	1
329.49	3
329.71	4
329.93	3
330.15	5
330.37	6
330.59	2
330.81	3
331.03	2
331.25	5
331.471	7
331.691	5
331.911	5
332.131	7
332.351	3
332.571	1
332.791	2
333.011	5
333.231	5
333.452	5
333.672	8
333.892	5
334.112	4
334.332	4
334.552	4
334.772	1
334.992	4
335.212	1
335.432	5
335.652	7
335.873	4
336.093	10
336.313	4
336.533	4
336.753	5
336.973	0
337.193	3
337.413	4
337.633	3
337.854	4
338.074	4
338.294	8
338.514	8
338.734	6
338.954	5
339.174	4
339.394	0
339.614	4
339.834	6
340.054	4
340.275	3
340.495	3
340.715	4
340.935	6
341.155	4
341.375	0
341.595	8
341.815	4
342.035	2
342.255	5
342.476	1
342.696	2
342.916	1
343.136	6
343.356	3
343.576	4
343.796	6
344.016	2
344.236	4
344.457	1
344.677	4
344.897	5
345.117	5
345.337	2
345.557	1
345.777	4
345.997	4
346.217	7
346.437	3
346.657	4
346.878	5
347.098	3
347.318	5
347.538	6
347.758	4
347.978	5
348.198	4
348.418	4
348.638	3
348.858	3
349.079	4
349.299	5
349.519	5
349.739	1
349.959	8
350.179	7
350.399	4
350.619	3
350.839	7
351.059	7
351.28	2
351.5	3
351.72	5
351.94	3
352.16	1
352.38	6
352.6	5
352.82	5
353.04	3
353.26	7
353.481	5
353.701	2
353.921	1
354.141	3
354.361	2
354.581	2
354.801	5
355.021	1
355.241	3
355.462	2
355.682	4
355.902	5
356.122	6
356.342	2
356.562	9
356.782	4
357.002	6
357.222	7
357.442	5
357.662	5
357.883	6
358.103	4
358.323	2
358.543	0
358.763	7
358.983	2
359.203	6
359.423	3
359.643	5
359.863	3
360.084	2
360.304	5
360.524	1
360.744	4
360.964	5
361.184	3
361.404	3
361.624	4
361.844	4
362.065	1
362.285	6
362.505	4
362.725	3
362.945	6
363.165	3
363.385	2
363.605	3
363.825	4
364.045	8
364.265	2
364.486	6
364.706	4
364.926	7
365.146	4
365.366	2
365.586	8
365.806	2
366.026	1
366.246	3
366.467	4
366.687	4
366.907	3
367.127	4
367.347	5
367.567	5
367.787	2
368.007	4
368.227	4
368.447	3
368.667	3
368.888	5
369.108	3
369.328	6
369.548	2
369.768	5
369.988	1
370.208	2
370.428	2
370.648	2
370.868	6
371.089	1
371.309	4
371.529	6
371.749	4
371.969	4
372.189	2
372.409	6
372.629	2
372.849	4
373.07	1
373.29	3
373.51	1
373.73	3
373.95	3
374.17	2
374.39	4
374.61	6
374.83	4
375.05	2
375.27	2
375.491	5
375.711	5
375.931	2
376.151	1
376.371	5
376.591	5
376.811	2
377.031	4
377.251	4
377.471	1
377.692	3
377.912	6
378.132	6
378.352	7
378.572	2
378.792	6
379.012	2
379.232	5
379.452	4
379.672	2
379.893	5
380.113	4
380.333	5
380.553	6
380.773	9
380.993	3
381.213	4
381.433	0
381.653	2
381.873	4
382.094	6
382.314	7
382.534	2
382.754	2
382.974	5
383.194	5
383.414	2
383.634	5
383.854	3
384.075	4
384.295	3
384.515	4
384.735	2
384.955	3
385.175	6
385.395	3
385.615	3
385.835	2
386.055	1
386.275	5
386.496	5
386.716	5
386.936	4
387.156	6
387.376	2
387.596	4
387.816	3
388.036	4
388.256	7
388.476	7
388.697	2
388.917	2
389.137	4
389.357	2
389.577	2
389.797	2
390.017	2
390.237	4
390.457	4
390.678	4
390.898	3
391.118	2
391.338	5
391.558	3
391.778	5
391.998	0
392.218	4
392.438	3
392.658	4
392.878	4
393.099	5
393.319	3
393.539	4
393.759	2
393.979	1
394.199	3
394.419	2
394.639	1
394.859	4
395.08	2
395.3	1
395.52	1
395.74	5
395.96	2
396.18	2
396.4	3
396.62	3
396.84	2
397.06	1
397.28	3
397.501	1
397.721	4
397.941	3
398.161	4
398.381	4
398.601	3
398.821	5
399.041	2
399.261	4
399.481	2
399.702	1
399.922	2
400.142	8
400.362	5
400.582	2
400.802	4
401.022	0
401.242	6
401.462	1
401.683	4
401.903	0
402.123	2
402.343	1
402.563	1
402.783	1
403.003	5
403.223	1
403.443	2
403.663	3
403.883	1
404.104	6
404.324	2
404.544	10
404.764	5
404.984	2
405.204	4
405.424	6
405.644	2
405.864	11
406.084	3
406.305	3
406.525	6
406.745	3
406.965	3
407.185	5
407.405	2
407.625	4
407.845	2
408.065	3
408.285	5
408.506	2
408.726	3
408.946	2
409.166	1
409.386	3
409.606	5
409.826	0
410.046	2
410.266	4
410.486	6
410.707	5
410.927	9
411.147	4
411.367	4
411.587	4
411.807	4
412.027	1
412.247	1
412.467	1
412.688	2
412.908	3
413.128	6
413.348	4
413.568	3
413.788	2
414.008	0
414.228	4
414.448	3
414.668	2
414.888	5
415.109	2
415.329	3
415.549	0
415.769	3
415.989	7
416.209	4
416.429	1
416.649	7
416.869	7
417.089	4
417.31	4
417.53	1
417.75	4
417.97	3
418.19	2
418.41	0
418.63	2
418.85	5
419.07	5
419.291	4
419.511	0
419.731	2
419.951	0
420.171	4
420.391	4
420.611	0
420.831	1
421.051	1
421.271	6
421.491	4
421.712	3
421.932	3
422.152	2
422.372	3
422.592	2
422.812	3
423.032	3
423.252	1
423.472	4
423.693	2
423.913	2
424.133	5
424.353	1
424.573	4
424.793	3
425.013	3
425.233	7
425.453	3
425.673	6
425.893	3
426.114	4
426.334	3
426.554	4
426.774	4
426.994	3
427.214	7
427.434	3
427.654	6
427.874	4
428.094	1
428.315	5
428.535	2
428.755	5
428.975	2
429.195	2
429.415	3
429.635	1
429.855	4
430.075	1
430.296	5
430.516	2
430.736	3
430.956	1
431.176	0
431.396	3
431.616	5
431.836	2
432.056	3
432.276	1
432.496	3
432.717	3
432.937	4
433.157	3
433.377	4
433.597	3
433.817	3
434.037	3
434.257	1
434.477	1
434.697	5
434.918	3
435.138	8
435.358	4
435.578	4
435.798	2
436.018	5
436.238	5
436.458	0
436.678	3
436.898	4
437.119	2
437.339	7
437.559	3
437.779	2
437.999	4
438.219	5
438.439	3
438.659	1
438.879	6
439.099	5
439.32	1
439.54	6
439.76	1
439.98	6
440.2	3
440.42	6
440.64	2
440.86	3
441.08	3
441.301	2
441.521	2
441.741	3
441.961	3
442.181	2
442.401	1
442.621	0
442.841	2
443.061	2
443.281	3
443.501	2
443.722	1
443.942	1
444.162	5
444.382	3
444.602	6
444.822	4
445.042	1
445.262	4
445.482	1
445.702	3
445.923	2
446.143	5
446.363	1
446.583	4
446.803	2
447.023	1
447.243	5
447.463	2
447.683	1
447.904	2
448.124	4
448.344	2
448.564	3
448.784	0
449.004	5
449.224	3
449.444	2
449.664	3
449.884	4
450.104	4
450.325	1
450.545	8
450.765	1
450.985	4
451.205	2
451.425	4
451.645	3
451.865	2
452.085	0
452.305	7
452.526	7
452.746	4
452.966	4
453.186	1
453.406	3
453.626	6
453.846	6
454.066	4
454.286	0
454.506	1
454.727	4
454.947	2
455.167	1
455.387	4
455.607	2
455.827	6
456.047	4
456.267	4
456.487	4
456.707	5
456.928	5
457.148	0
457.368	1
457.588	6
457.808	3
458.028	0
458.248	5
458.468	2
458.688	7
458.909	5
459.129	4
459.349	1
459.569	1
459.789	5
460.009	6
460.229	5
460.449	6
460.669	2
460.889	5
461.109	5
461.33	3
461.55	1
461.77	6
461.99	2
462.21	3
462.43	2
462.65	0
462.87	3
463.09	4
463.31	7
463.531	0
463.751	4
463.971	6
464.191	5
464.411	1
464.631	7
464.851	3
465.071	1
465.291	2
465.511	5
465.732	6
465.952	3
466.172	5
466.392	4
466.612	3
466.832	4
467.052	4
467.272	4
467.492	3
467.712	8
467.933	2
468.153	2
468.373	2
468.593	2
468.813	1
469.033	1
469.253	3
469.473	4
469.693	5
469.914	3
470.134	5
470.354	0
470.574	2
470.794	2
471.014	3
471.234	3
471.454	3
471.674	4
471.894	2
472.114	3
472.335	2
472.555	1
472.775	1
472.995	2
473.215	5
473.435	7
473.655	2
473.875	5
474.095	4
474.315	4
474.536	3
474.756	5
474.976	1
475.196	2
475.416	2
475.636	5
475.856	7
476.076	1
476.296	1
476.516	2
476.737	2
476.957	7
477.177	4
477.397	4
477.617	3
477.837	2
478.057	0
478.277	3
478.497	3
478.717	5
478.938	1
479.158	2
479.378	1
479.598	3
479.818	4
480.038	5
480.258	3
480.478	1
480.698	5
480.918	3
481.139	5
481.359	6
481.579	3
481.799	5
482.019	4
482.239	0
482.459	3
482.679	5
482.899	1
483.119	3
483.34	2
483.56	1
483.78	6
484	5
484.22	1
484.44	3
484.66	0
484.88	4
485.1	2
485.32	2
485.541	5
485.761	8
485.981	1
486.201	2
486.421	1
486.641	5
486.861	2
487.081	5
487.301	1
487.522	3
487.742	4
487.962	4
488.182	3
488.402	4
488.622	2
488.842	1
489.062	0
489.282	5
489.502	1
489.722	2
489.943	4
490.163	0
490.383	6
490.603	4
490.823	4
491.043	3
491.263	4
491.483	5
491.703	2
491.923	1
492.144	4
492.364	1
492.584	2
492.804	2
493.024	2
493.244	3
493.464	4
493.684	6
493.904	4
494.124	5
494.345	5
494.565	4
494.785	3
495.005	1
495.225	4
495.445	5
495.665	5
495.885	3
496.105	3
496.325	3
496.546	6
496.766	5
496.986	1
497.206	4
497.426	1
497.646	2
497.866	2
498.086	0
498.306	11
498.527	1
498.747	1
498.967	2
499.187	1
499.407	3
499.627	3
499.847	3
500.067	2
500.287	2
500.507	1
500.727	2
500.948	2
501.168	3
501.388	0
501.608	3
501.828	6
502.048	3
502.268	3
502.488	3
502.708	2
502.928	3
503.149	4
503.369	2
503.589	1
503.809	2
504.029	1
504.249	3
504.469	4
504.689	3
504.909	2
505.129	3
505.35	5
505.57	4
505.79	3
506.01	0
506.23	1
506.45	2
506.67	3
506.89	4
507.11	3
507.33	1
507.551	1
507.771	1
507.991	1
508.211	6
508.431	3
508.651	1
508.871	7
509.091	2
509.311	5
509.531	5
509.752	2
509.972	7
510.192	1
510.412	5
510.632	4
510.852	5
511.072	3
511.292	4
511.512	4
511.732	4
511.953	4
512.173	4
512.393	5
512.613	4
512.833	1
513.053	1
513.273	3
513.493	4
513.713	6
513.933	3
514.154	4
514.374	2
514.594	4
514.814	4
515.034	3
515.254	2
515.474	1
515.694	5
515.914	3
516.135	3
516.355	3
516.575	2
516.795	3
517.015	2
517.235	4
517.455	4
517.675	2
517.895	1
518.115	2
518.336	4
518.556	8
518.776	4
518.996	6
519.216	2
519.436	5
519.656	2
519.876	3
520.096	4
520.316	2
520.536	2
520.757	1
520.977	0
521.197	2
521.417	2
521.637	4
521.857	4
522.077	0
522.297	0
522.517	1
522.737	0
522.958	3
523.178	3
523.398	5
523.618	3
523.838	2
524.058	5
524.278	1
524.498	2
524.718	2
524.938	4
525.159	2
525.379	4
525.599	0
525.819	4
526.039	2
526.259	3
526.479	4
526.699	2
526.919	0
527.14	3
527.36	0
527.58	4
527.8	2
528.02	2
528.24	0
528.46	3
528.68	4
528.9	11
529.12	2
529.341	7
529.561	0
529.781	2
530.001	2
530.221	3
530.441	5
530.661	3
530.881	3
531.101	3
531.321	4
531.541	2
531.762	2
531.982	6
532.202	3
532.422	3
532.642	1
532.862	2
533.082	5
533.302	3
533.522	5
533.742	2
533.963	5
534.183	5
534.403	6
534.623	2
534.843	2
535.063	2
535.283	3
535.503	2
535.723	2
535.943	1
536.164	2
536.384	1
536.604	4
536.824	4
537.044	4
537.264	3
537.484	5
537.704	4
537.924	7
538.144	4
538.365	6
538.585	8
538.805	1
539.025	5
539.245	4
539.465	8
539.685	7
539.905	3
540.125	3
540.346	4
540.566	3
540.786	2
541.006	9
541.226	3
541.446	4
541.666	1
541.886	2
542.106	3
542.326	4
542.546	6
542.767	3
542.987	2
543.207	2
543.427	8
543.647	5
543.867	3
544.087	1
544.307	5
544.527	7
544.747	2
544.968	2
545.188	0
545.408	0
545.628	0
545.848	2
546.068	1
546.288	3
546.508	4
546.728	3
546.948	0
547.169	3
547.389	3
547.609	3
547.829	4
548.049	4
548.269	1
548.489	6
548.709	5
548.929	4
549.149	3
549.37	5
549.59	2
549.81	5
550.03	4
550.25	4
550.47	3
550.69	6
550.91	3
551.13	2
551.351	6
551.571	6
551.791	6
552.011	2
552.231	1
552.451	3
552.671	1
552.891	4
553.111	4
553.331	2
553.551	2
553.772	3
553.992	0
554.212	1
554.432	4
554.652	5
554.872	2
555.092	2
555.312	2
555.532	2
555.752	3
555.973	2
556.193	5
556.413	5
556.633	2
556.853	2
557.073	1
557.293	5
557.513	4
557.733	0
557.953	4
558.174	3
558.394	2
558.614	4
558.834	2
559.054	6
559.274	5
559.494	4
559.714	5
559.934	3
560.154	3
560.375	3
560.595	5
560.815	1
561.035	5
561.255	4
561.475	2
561.695	1
561.915	0
562.135	6
562.356	3
562.576	0
562.796	4
563.016	6
563.236	6
563.456	3
563.676	2
563.896	5
564.116	3
564.336	5
564.557	2
564.777	5
564.997	4
565.217	2
565.437	3
565.657	2
565.877	1
566.097	7
566.317	1
566.537	5
566.757	1
566.978	4
567.198	3
567.418	2
567.638	4
567.858	2
568.078	4
568.298	1
568.518	0
568.738	6
568.958	4
569.179	4
569.399	1
569.619	1
569.839	4
570.059	2
570.279	3
570.499	3
570.719	2
570.939	4
571.159	4
571.38	3
571.6	3
571.82	2
572.04	6
572.26	6
572.48	4
572.7	0
572.92	3
573.14	5
573.361	2
573.581	9
573.801	5
574.021	3
574.241	1
574.461	4
574.681	4
574.901	3
575.121	3
575.341	1
575.562	2
575.782	2
576.002	1
576.222	4
576.442	5
576.662	0
576.882	2
577.102	2
577.322	2
577.542	2
577.762	1
577.983	1
578.203	7
578.423	4
578.643	4
578.863	4
579.083	6
579.303	3
579.523	4
579.743	3
579.963	5
580.184	3
580.404	3
580.624	6
580.844	3
581.064	2
581.284	6
581.504	2
581.724	5
581.944	2
582.164	3
582.385	6
582.605	0
582.825	5
583.045	3
583.265	3
583.485	3
583.705	1
583.925	2
584.145	3
584.366	3
584.586	4
584.806	3
585.026	2
585.246	4
585.466	4
585.686	4
585.906	4
586.126	2
586.346	3
586.567	5
586.787	8
587.007	6
587.227	1
587.447	3
587.667	1
587.887	4
588.107	3
588.327	2
588.547	3
588.767	11
588.988	7
589.208	3
589.428	3
589.648	2
589.868	0
590.088	6
590.308	0
590.528	3
590.748	3
590.968	5
591.189	2
591.409	6
591.629	2
591.849	3
592.069	2
592.289	4
592.509	3
592.729	5
592.949	3
593.169	5
593.39	1
593.61	2
593.83	4
594.05	3
594.27	1
594.49	7
594.71	3
594.93	4
595.15	3
595.37	2
595.591	1
595.811	5
596.031	4
596.251	1
596.471	0
596.691	3
596.911	7
597.131	2
597.351	3
597.572	2
597.792	1
598.012	2
598.232	2
598.452	2
598.672	4
598.892	4
599.112	2
599.332	3
599.552	6
599.772	3
599.993	1
600.213	5
600.433	5
600.653	0
600.873	3
601.093	3
601.313	1
601.533	3
601.753	0
601.973	4
602.194	0
602.414	1
602.634	1
602.854	2
603.074	2
603.294	3
603.514	3
603.734	6
603.954	4
604.174	4
604.395	4
604.615	3
604.835	1
605.055	3
605.275	4
605.495	2
605.715	3
605.935	2
606.155	3
606.375	3
606.596	3
606.816	0
607.036	3
607.256	3
607.476	4
607.696	4
607.916	3
608.136	1
608.356	4
608.577	4
608.797	1
609.017	1
609.237	3
609.457	4
609.677	2
609.897	2
610.117	4
610.337	3
610.557	4
610.777	4
610.998	2
611.218	2
611.438	5
611.658	5
611.878	1
612.098	6
612.318	6
612.538	2
612.758	5
612.978	2
613.199	3
613.419	2
613.639	5
613.859	3
614.079	4
614.299	1
614.519	6
614.739	6
614.959	3
615.179	3
615.4	4
615.62	3
615.84	5
616.06	4
616.28	3
616.5	1
616.72	0
616.94	5
617.16	4
617.38	5
617.601	1
617.821	4
618.041	3
618.261	8
618.481	2
618.701	4
618.921	1
619.141	2
619.361	3
619.582	2
619.802	2
620.022	6
620.242	4
620.462	1
620.682	6
620.902	3
621.122	9
621.342	3
621.562	3
621.783	2
622.003	1
622.223	5
622.443	2
622.663	7
622.883	3
623.103	4
623.323	4
623.543	2
623.763	1
623.983	4
624.204	6
624.424	2
624.644	2
624.864	3
625.084	2
625.304	3
625.524	4
625.744	0
625.964	6
626.184	3
626.405	5
626.625	3
626.845	2
627.065	1
627.285	2
627.505	5
627.725	4
627.945	1
628.165	8
628.385	2
628.606	3
628.826	4
629.046	5
629.266	1
629.486	1
629.706	4
629.926	1
630.146	1
630.366	4
630.587	2
630.807	1
631.027	3
631.247	2
631.467	3
631.687	6
631.907	2
632.127	3
632.347	2
632.567	7
632.788	4
633.008	3
633.228	1
633.448	3
633.668	2
633.888	1
634.108	3
634.328	4
634.548	3
634.768	5
634.988	0
635.209	7
635.429	5
635.649	1
635.869	5
636.089	4
636.309	4
636.529	1
636.749	4
636.969	6
637.189	2
637.41	4
637.63	2
637.85	3
638.07	3
638.29	2
638.51	1
638.73	3
638.95	2
639.17	3
639.39	2
639.611	4
639.831	2
640.051	2
640.271	4
640.491	1
640.711	1
640.931	3
641.151	1
641.371	2
641.592	2
641.812	1
642.032	3
642.252	2
642.472	2
642.692	1
642.912	6
643.132	3
643.352	2
643.572	2
643.793	3
644.013	0
644.233	5
644.453	3
644.673	7
644.893	3
645.113	1
645.333	2
645.553	2
645.773	3
645.993	2
646.214	3
646.434	0
646.654	2
646.874	1
647.094	3
647.314	4
647.534	2
647.754	6
647.974	4
648.194	2
648.415	2
648.635	1
648.855	2
649.075	3
649.295	2
649.515	1
649.735	3
649.955	4
650.175	5
650.395	2
650.616	5
650.836	4
651.056	2
651.276	1
651.496	2
651.716	2
651.936	5
652.156	3
652.376	1
652.596	5
652.817	5
653.037	3
653.257	1
653.477	6
653.697	3
653.917	3
654.137	3
654.357	3
654.577	0
654.798	2
655.018	2
655.238	6
655.458	5
655.678	4
655.898	1
656.118	3
656.338	9
656.558	5
656.778	4
656.998	2
657.219	1
657.439	3
657.659	4
657.879	3
658.099	4
658.319	3
658.539	1
658.759	2
658.979	4
659.199	3
659.42	4
659.64	4
659.86	3
660.08	1
660.3	2
660.52	2
660.74	3
660.96	1
661.18	2
661.4	0
661.621	6
661.841	2
662.061	2
662.281	4
662.501	1
662.721	3
662.941	4
663.161	2
663.381	2
663.601	2
663.822	3
664.042	0
664.262	4
664.482	2
664.702	5
664.922	3
665.142	2
665.362	3
665.582	6
665.803	3
666.023	4
666.243	4
666.463	1
666.683	7
666.903	0
667.123	1
667.343	6
667.563	5
667.783	2
668.003	3
668.224	1
668.444	2
668.664	3
668.884	2
669.104	3
669.324	3
669.544	4
669.764	1
669.984	3
670.204	3
670.425	1
670.645	1
670.865	0
671.085	7
671.305	3
671.525	4
671.745	4
671.965	0
672.185	7
672.405	2
672.626	5
672.846	4
673.066	3
673.286	3
673.506	4
673.726	3
673.946	2
674.166	2
674.386	2
674.606	6
674.827	3
675.047	0
675.267	5
675.487	3
675.707	2
675.927	3
676.147	6
676.367	4
676.587	2
676.808	4
677.028	4
677.248	1
677.468	1
677.688	0
677.908	5
678.128	6
678.348	3
678.568	5
678.788	2
679.008	3
679.229	3
679.449	4
679.669	6
679.889	2
680.109	4
680.329	2
680.549	3
680.769	4
680.989	6
681.209	4
681.43	1
681.65	2
681.87	2
682.09	4
682.31	2
682.53	1
682.75	1
682.97	3
683.19	4
683.41	2
683.631	2
683.851	3
684.071	2
684.291	1
684.511	3
684.731	1
684.951	3
685.171	1
685.391	3
685.611	1
685.832	3
686.052	5
686.272	3
686.492	2
686.712	1
686.932	2
687.152	5
687.372	5
687.592	3
687.813	5
688.033	2
688.253	5
688.473	4
688.693	8
688.913	2
689.133	4
689.353	4
689.573	5
689.793	2
690.014	6
690.234	3
690.454	3
690.674	6
690.894	4
691.114	4
691.334	2
691.554	4
691.774	5
691.994	1
692.214	4
692.435	2
692.655	4
692.875	4
693.095	4
693.315	0
693.535	0
693.755	6
693.975	2
694.195	3
694.415	3
694.636	5
694.856	4
695.076	2
695.296	2
695.516	3
695.736	2
695.956	3
696.176	2
696.396	0
696.616	2
696.837	3
697.057	1
697.277	5
697.497	5
697.717	1
697.937	3
698.157	3
698.377	3
698.597	4
698.818	5
699.038	3
699.258	5
699.478	1
699.698	5
699.918	1
700.138	3
700.358	4
700.578	2
700.798	3
701.019	4
701.239	3
701.459	3
701.679	4
701.899	2
702.119	2
702.339	5
702.559	2
702.779	5
702.999	5
703.219	6
703.44	3
703.66	1
703.88	5
704.1	1
704.32	1
704.54	6
704.76	5
704.98	4
705.2	5
705.42	4
705.641	1
705.861	1
706.081	2
706.301	3
706.521	7
706.741	5
706.961	3
707.181	4
707.401	4
707.621	4
707.842	2
708.062	3
708.282	4
708.502	3
708.722	4
708.942	4
709.162	4
709.382	3
709.602	2
709.822	0
710.043	3
710.263	4
710.483	3
710.703	3
710.923	3
711.143	2
711.363	5
711.583	2
711.803	1
712.024	2
712.244	2
712.464	5
712.684	2
712.904	2
713.124	3
713.344	4
713.564	5
713.784	0
714.004	8
714.224	4
714.445	4
714.665	2
714.885	3
715.105	1
715.325	3
715.545	2
715.765	4
715.985	4
716.205	5
716.425	4
716.646	6
716.866	2
717.086	4
717.306	5
717.526	4
717.746	3
717.966	4
718.186	3
718.406	1
718.626	3
718.847	4
719.067	2
719.287	0
719.507	6
719.727	2
719.947	3
720.167	2
720.387	4
720.607	8
720.827	6
721.048	2
721.268	3
721.488	2
721.708	2
721.928	1
722.148	3
722.368	1
722.588	2
722.808	4
723.029	3
723.249	4
723.469	2
723.689	4
723.909	4
724.129	4
724.349	3
724.569	3
724.789	2
725.009	4
725.229	1
725.45	1
725.67	4
725.89	2
726.11	1
726.33	2
726.55	3
726.77	4
726.99	0
727.21	5
727.43	7
727.651	3
727.871	6
728.091	3
728.311	0
728.531	5
728.751	3
728.971	6
729.191	0
729.411	3
729.631	8
729.852	3
730.072	2
730.292	3
730.512	3
730.732	1
730.952	4
731.172	4
731.392	5
731.612	1
731.832	4
732.053	5
732.273	7
732.493	4
732.713	2
732.933	4
733.153	3
733.373	4
733.593	2
733.813	4
734.034	3
734.254	4
734.474	3
734.694	4
734.914	2
735.134	3
735.354	1
735.574	3
735.794	4
736.014	3
736.234	3
736.455	1
736.675	3
736.895	4
737.115	0
737.335	7
737.555	7
737.775	3
737.995	5
738.215	4
738.435	3
738.656	6
738.876	0
739.096	4
739.316	4
739.536	1
739.756	1
739.976	1
740.196	4
740.416	2
740.636	3
740.857	5
741.077	2
741.297	1
741.517	2
741.737	4
741.957	4
742.177	5
742.397	1
742.617	3
742.837	3
743.058	2
743.278	2
743.498	4
743.718	4
743.938	4
744.158	4
744.378	2
744.598	3
744.818	5
745.039	2
745.259	2
745.479	7
745.699	1
745.919	7
746.139	3
746.359	2
746.579	3
746.799	6
747.019	4
747.24	3
747.46	4
747.68	2
747.9	4
748.12	1
748.34	3
748.56	7
748.78	4
749	3
749.22	1
749.44	5
749.661	1
749.881	1
750.101	7
750.321	4
750.541	5
750.761	4
750.981	1
751.201	3
751.421	4
751.641	4
751.862	4
752.082	5
752.302	5
752.522	1
752.742	6
752.962	0
753.182	1
753.402	2
753.622	6
753.842	2
754.063	1
754.283	4
754.503	2
754.723	4
754.943	1
755.163	2
755.383	4
755.603	2
755.823	4
756.043	3
756.264	5
756.484	5
756.704	5
756.924	0
757.144	3
757.364	3
757.584	2
757.804	8
758.024	4
758.245	2
758.465	0
758.685	1
758.905	4
759.125	3
759.345	4
759.565	3
759.785	3
760.005	3
760.225	5
760.445	2
760.666	1
760.886	1
761.106	3
761.326	2
761.546	2
761.766	4
761.986	4
762.206	4
762.426	5
762.646	3
762.867	3
763.087	6
763.307	3
763.527	2
763.747	0
763.967	1
764.187	4
764.407	8
764.627	5
764.847	5
765.068	2
765.288	1
765.508	4
765.728	2
765.948	7
766.168	3
766.388	0
766.608	2
766.828	4
767.048	3
767.269	0
767.489	3
767.709	2
767.929	5
768.149	3
768.369	7
768.589	2
768.809	5
769.029	6
769.25	3
769.47	3
769.69	4
769.91	4
770.13	0
770.35	4
770.57	3
770.79	5
771.01	2
771.23	3
771.45	1
771.671	4
771.891	5
772.111	4
772.331	5
772.551	5
772.771	6
772.991	5
773.211	4
773.431	4
773.651	2
773.872	2
774.092	3
774.312	1
774.532	3
774.752	4
774.972	1
775.192	3
775.412	3
775.632	2
775.852	1
776.073	4
776.293	4
776.513	2
776.733	3
776.953	4
777.173	3
777.393	3
777.613	2
777.833	2
778.053	5
778.274	4
778.494	3
778.714	3
778.934	6
779.154	3
779.374	4
779.594	2
779.814	3
780.034	7
780.255	7
780.475	3
780.695	6
780.915	4
781.135	2
781.355	2
781.575	5
781.795	2
782.015	1
782.235	5
782.455	4
782.676	3
782.896	3
783.116	3
783.336	2
783.556	4
783.776	0
783.996	6
784.216	2
784.436	4
784.656	3
784.877	2
785.097	0
785.317	4
785.537	4
785.757	3
785.977	0
786.197	5
786.417	1
786.637	3
786.857	5
787.078	4
787.298	5
787.518	4
787.738	1
787.958	1
788.178	2
788.398	5
788.618	4
788.838	5
789.058	4
789.279	6
789.499	3
789.719	4
789.939	2
790.159	2
790.379	2
790.599	2
790.819	2
791.039	3
791.26	1
791.48	7
791.7	4
791.92	8
792.14	5
792.36	3
792.58	3
792.8	2
793.02	4
793.24	2
793.46	1
793.681	4
793.901	7
794.121	6
794.341	3
794.561	5
794.781	4
795.001	4
795.221	2
795.441	5
795.661	1
795.882	3
796.102	5
796.322	1
796.542	5
796.762	4
796.982	4
797.202	7
797.422	5
797.642	3
797.862	6
798.083	2
798.303	0
798.523	6
798.743	1
798.963	1
799.183	3
799.403	3
799.623	4
799.843	8
800.063	4
800.284	7
800.504	6
800.724	1
800.944	8
801.164	2
801.384	1
801.604	4
801.824	2
802.044	0
802.265	7
802.485	3
802.705	2
802.925	6
803.145	6
803.365	0
803.585	2
803.805	0
804.025	4
804.245	5
804.466	4
804.686	5
804.906	4
805.126	4
805.346	2
805.566	3
805.786	3
806.006	4
806.226	6
806.446	2
806.666	1
806.887	4
807.107	4
807.327	8
807.547	6
807.767	2
807.987	3
808.207	1
808.427	2
808.647	6
808.867	3
809.088	4
809.308	2
809.528	3
809.748	4
809.968	4
810.188	5
810.408	1
810.628	2
810.848	3
811.068	4
811.289	3
811.509	3
811.729	2
811.949	0
812.169	2
812.389	7
812.609	5
812.829	3
813.049	4
813.269	1
813.49	1
813.71	2
813.93	3
814.15	4
814.37	3
814.59	2
814.81	4
815.03	2
815.25	2
815.471	4
815.691	4
815.911	4
816.131	4
816.351	3
816.571	3
816.791	4
817.011	5
817.231	2
817.451	3
817.671	4
817.892	8
818.112	3
818.332	5
818.552	9
818.772	3
818.992	5
819.212	5
819.432	5
819.652	1
819.872	3
820.093	3
820.313	4
820.533	4
820.753	1
820.973	3
821.193	5
821.413	3
821.633	4
821.853	3
822.073	6
822.294	5
822.514	8
822.734	3
822.954	1
823.174	6
823.394	7
823.614	2
823.834	3
824.054	1
824.274	0
824.495	4
824.715	2
824.935	4
825.155	3
825.375	4
825.595	5
825.815	1
826.035	2
826.255	7
826.476	4
826.696	5
826.916	5
827.136	5
827.356	3
827.576	1
827.796	0
828.016	3
828.236	1
828.456	6
828.676	3
828.897	3
829.117	0
829.337	3
829.557	4
829.777	6
829.997	3
830.217	4
830.437	4
830.657	4
830.877	6
831.098	3
831.318	4
831.538	4
831.758	4
831.978	5
832.198	1
832.418	3
832.638	1
832.858	5
833.078	7
833.299	1
833.519	3
833.739	9
833.959	0
834.179	2
834.399	4
834.619	3
834.839	3
835.059	5
835.279	2
835.5	4
835.72	6
835.94	5
836.16	6
836.38	7
836.6	3
836.82	6
837.04	1
837.26	2
837.481	5
837.701	2
837.921	4
838.141	2
838.361	3
838.581	12
838.801	4
839.021	6
839.241	5
839.461	4
839.681	2
839.902	7
840.122	2
840.342	4
840.562	4
840.782	2
841.002	3
841.222	5
841.442	8
841.662	5
841.882	2
842.103	3
842.323	7
842.543	2
842.763	1
842.983	5
843.203	2
843.423	3
843.643	2
843.863	3
844.083	4
844.304	3
844.524	1
844.744	4
844.964	3
845.184	1
845.404	5
845.624	3
845.844	1
846.064	3
846.284	6
846.505	1
846.725	7
846.945	1
847.165	4
847.385	3
847.605	5
847.825	4
848.045	5
848.265	5
848.486	8
848.706	6
848.926	4
849.146	2
849.366	3
849.586	5
849.806	4
850.026	2
850.246	7
850.466	6
850.686	6
850.907	1
851.127	3
851.347	4
851.567	6
851.787	2
852.007	0
852.227	3
852.447	7
852.667	3
852.887	4
853.108	3
853.328	4
853.548	4
853.768	5
853.988	3
854.208	3
854.428	3
854.648	7
854.868	3
855.088	5
855.309	4
855.529	4
855.749	5
855.969	4
856.189	3
856.409	5
856.629	4
856.849	5
857.069	3
857.289	2
857.51	6
857.73	6
857.95	4
858.17	3
858.39	4
858.61	6
858.83	2
859.05	4
859.27	2
859.491	4
859.711	5
859.931	9
860.151	3
860.371	3
860.591	3
860.811	2
861.031	5
861.251	7
861.471	3
861.691	6
861.912	2
862.132	3
862.352	8
862.572	4
862.792	5
863.012	3
863.232	5
863.452	4
863.672	2
863.892	5
864.113	3
864.333	7
864.553	4
864.773	4
864.993	5
865.213	6
865.433	2
865.653	2
865.873	2
866.093	7
866.314	4
866.534	3
866.754	3
866.974	3
867.194	0
867.414	2
867.634	6
867.854	6
868.074	3
868.294	5
868.515	4
868.735	6
868.955	3
869.175	6
869.395	7
869.615	0
869.835	3
870.055	2
870.275	4
870.495	2
870.716	6
870.936	3
871.156	2
871.376	6
871.596	2
871.816	6
872.036	4
872.256	4
872.476	2
872.697	6
872.917	1
873.137	3
873.357	3
873.577	0
873.797	3
874.017	4
874.237	3
874.457	0
874.677	4
874.897	6
875.118	3
875.338	6
875.558	4
875.778	2
875.998	2
876.218	5
876.438	4
876.658	7
876.878	6
877.098	5
877.319	2
877.539	4
877.759	4
877.979	2
878.199	4
878.419	5
878.639	3
878.859	4
879.079	4
879.299	8
879.52	6
879.74	5
879.96	5
880.18	3
880.4	8
880.62	3
880.84	3
881.06	5
881.28	2
881.5	3
881.721	9
881.941	8
882.161	4
882.381	6
882.601	5
882.821	4
883.041	4
883.261	5
883.481	3
883.702	7
883.922	5
884.142	4
884.362	5
884.582	3
884.802	2
885.022	4
885.242	2
885.462	3
885.682	2
885.902	5
886.123	2
886.343	6
886.563	5
886.783	2
887.003	3
887.223	4
887.443	4
887.663	6
887.883	2
888.103	4
888.324	3
888.544	3
888.764	5
888.984	6
889.204	2
889.424	2
889.644	5
889.864	4
890.084	7
890.304	4
890.525	4
890.745	1
890.965	6
891.185	6
891.405	5
891.625	5
891.845	7
892.065	7
892.285	8
892.505	4
892.726	3
892.946	6
893.166	1
893.386	7
893.606	6
893.826	2
894.046	5
894.266	4
894.486	4
894.707	4
894.927	5
895.147	4
895.367	4
895.587	5
895.807	3
896.027	7
896.247	6
896.467	3
896.687	9
896.907	12
897.128	5
897.348	5
897.568	3
897.788	5
898.008	7
898.228	5
898.448	2
898.668	5
898.888	4
899.108	8
899.329	2
899.549	3
899.769	3
899.989	3
900.209	3
900.429	3
900.649	2
900.869	6
901.089	5
901.309	8
901.53	6
901.75	6
901.97	5
902.19	5
902.41	5
902.63	2
902.85	3
903.07	3
903.29	4
903.51	6
903.731	6
903.951	9
904.171	7
904.391	5
904.611	1
904.831	8
905.051	8
905.271	5
905.491	5
905.712	5
905.932	4
906.152	5
906.372	4
906.592	6
906.812	1
907.032	6
907.252	3
907.472	1
907.692	9
907.912	5
908.133	3
908.353	7
908.573	2
908.793	1
909.013	1
909.233	7
909.453	2
909.673	6
909.893	5
910.113	3
910.334	3
910.554	6
910.774	2
910.994	4
911.214	4
911.434	4
911.654	6
911.874	5
912.094	2
912.314	6
912.535	6
912.755	7
912.975	8
913.195	6
913.415	3
913.635	3
913.855	9
914.075	6
914.295	8
914.515	10
914.736	7
914.956	3
915.176	6
915.396	4
915.616	8
915.836	2
916.056	3
916.276	8
916.496	7
916.717	3
916.937	0
917.157	7
917.377	6
917.597	8
917.817	4
918.037	4
918.257	3
918.477	4
918.697	4
918.917	7
919.138	2
919.358	5
919.578	4
919.798	6
920.018	5
920.238	4
920.458	7
920.678	6
920.898	6
921.118	7
921.339	2
921.559	7
921.779	1
921.999	5
922.219	1
922.439	6
922.659	4
922.879	7
923.099	9
923.319	5
923.54	3
923.76	7
923.98	6
924.2	8
924.42	8
924.64	2
924.86	8
925.08	7
925.3	2
925.52	5
925.741	7
925.961	7
926.181	2
926.401	7
926.621	4
926.841	3
927.061	7
927.281	5
927.501	6
927.721	4
927.942	7
928.162	6
928.382	5
928.602	6
928.822	5
929.042	4
929.262	5
929.482	5
929.702	2
929.923	5
930.143	6
930.363	5
930.583	5
930.803	6
931.023	5
931.243	4
931.463	4
931.683	3
931.903	3
932.123	1
932.344	3
932.564	4
932.784	5
933.004	4
933.224	4
933.444	7
933.664	4
933.884	6
934.104	6
934.324	12
934.545	4
934.765	12
934.985	5
935.205	6
935.425	5
935.645	4
935.865	3
936.085	3
936.305	6
936.525	3
936.746	1
936.966	6
937.186	5
937.406	8
937.626	8
937.846	8
938.066	4
938.286	6
938.506	6
938.726	10
938.947	7
939.167	8
939.387	5
939.607	4
939.827	7
940.047	10
940.267	4
940.487	3
940.707	5
940.928	2
941.148	5
941.368	8
941.588	10
941.808	8
942.028	6
942.248	4
942.468	6
942.688	5
942.908	4
943.128	7
943.349	6
943.569	6
943.789	4
944.009	4
944.229	8
944.449	13
944.669	7
944.889	5
945.109	9
945.329	7
945.55	6
945.77	4
945.99	7
946.21	4
946.43	4
946.65	9
946.87	9
947.09	7
947.31	7
947.53	5
947.751	2
947.971	4
948.191	9
948.411	6
948.631	2
948.851	10
949.071	11
949.291	7
949.511	7
949.731	8
949.952	7
950.172	12
950.392	6
950.612	6
950.832	9
951.052	9
951.272	4
951.492	4
951.712	9
951.933	3
952.153	1
952.373	7
952.593	7
952.813	10
953.033	2
953.253	7
953.473	9
953.693	7
953.913	4
954.133	11
954.354	10
954.574	4
954.794	4
955.014	5
955.234	5
955.454	5
955.674	3
955.894	5
956.114	9
956.334	4
956.555	9
956.775	7
956.995	4
957.215	6
957.435	4
957.655	4
957.875	8
958.095	10
958.315	7
958.535	5
958.756	8
958.976	8
959.196	4
959.416	3
959.636	5
959.856	6
960.076	4
960.296	5
960.516	8
960.736	9
960.957	6
961.177	6
961.397	6
961.617	6
961.837	6
962.057	1
962.277	4
962.497	8
962.717	12
962.938	5
963.158	6
963.378	10
963.598	5
963.818	4
964.038	6
964.258	6
964.478	6
964.698	4
964.918	5
965.138	5
965.359	5
965.579	5
965.799	6
966.019	5
966.239	2
966.459	4
966.679	3
966.899	3
967.119	3
967.339	4
967.56	6
967.78	4
968	2
968.22	5
968.44	4
968.66	6
968.88	9
969.1	8
969.32	6
969.54	4
969.761	6
969.981	6
970.201	6
970.421	6
970.641	7
970.861	8
971.081	2
971.301	3
971.521	4
971.741	5
971.962	3
972.182	5
972.402	4
972.622	1
972.842	5
973.062	2
973.282	1
973.502	6
973.722	6
973.943	6
974.163	4
974.383	2
974.603	7
974.823	5
975.043	4
975.263	4
975.483	1
975.703	2
975.923	1
976.143	5
976.364	5
976.584	3
976.804	5
977.024	2
977.244	3
977.464	2
977.684	6
977.904	2
978.124	3
978.344	3
978.565	5
978.785	5
979.005	3
979.225	1
979.445	7
979.665	4
979.885	4
980.105	4
980.325	2
980.545	4
980.766	3
980.986	1
981.206	5
981.426	5
981.646	2
981.866	6
982.086	10
982.306	4
982.526	3
982.746	4
982.967	4
983.187	2
983.407	5
983.627	2
983.847	5
984.067	4
984.287	4
984.507	4
984.727	4
984.947	4
985.168	2
985.388	5
985.608	4
985.828	1
986.048	7
986.268	4
986.488	6
986.708	3
986.928	4
987.148	5
987.369	3
987.589	9
987.809	4
988.029	6
988.249	0
988.469	5
988.689	3
988.909	6
989.129	3
989.349	8
989.57	2
989.79	3
990.01	1
990.23	4
990.45	2
990.67	7
990.89	4
991.11	0
991.33	3
991.55	4
991.771	4
991.991	0
992.211	3
992.431	2
992.651	3
992.871	3
993.091	3
993.311	4
993.531	2
993.751	5
993.972	4
994.192	2
994.412	4
994.632	2
994.852	2
995.072	2
995.292	0
995.512	5
995.732	4
995.952	3
996.173	3
996.393	3
996.613	7
996.833	1
997.053	3
997.273	4
997.493	2
997.713	5
997.933	6
998.154	5
998.374	3
998.594	5
998.814	2
999.034	6
999.254	4
999.474	2
999.694	3
999.914	4
1000.13	3
1000.35	7
1000.57	3
1000.79	4
1001.01	4
1001.23	3
1001.45	4
1001.68	2
1001.9	4
1002.12	1
1002.34	4
1002.56	2
1002.78	4
1003	4
1003.22	5
1003.44	2
1003.66	0
1003.88	3
1004.1	3
1004.32	2
1004.54	4
1004.76	1
1004.98	1
1005.2	3
1005.42	6
1005.64	2
1005.86	8
1006.08	8
1006.3	5
1006.52	2
1006.74	3
1006.96	4
1007.18	8
1007.4	5
1007.62	3
1007.84	3
1008.06	4
1008.28	3
1008.5	3
1008.72	4
1008.94	4
1009.16	3
1009.38	2
1009.6	4
1009.82	6
1010.04	3
1010.26	3
1010.48	3
1010.7	3
1010.92	1
1011.14	5
1011.36	3
1011.58	4
1011.8	5
1012.02	2
1012.24	3
1012.46	2
1012.68	4
1012.9	1
1013.12	1
1013.34	6
1013.56	2
1013.78	4
1014	6
1014.22	4
1014.44	4
1014.66	4
1014.88	8
1015.1	3
1015.32	0
1015.54	3
1015.76	2
1015.98	1
1016.2	3
1016.42	6
1016.64	5
1016.86	4
1017.08	2
1017.3	5
1017.52	4
1017.74	2
1017.96	5
1018.18	4
1018.4	5
1018.62	6
1018.84	6
1019.06	5
1019.28	1
1019.5	2
1019.72	4
1019.94	4
1020.16	2
1020.38	4
1020.6	2
1020.82	3
1021.04	5
1021.26	3
1021.48	2
1021.7	6
1021.92	1
1022.14	5
1022.36	2
1022.58	1
1022.8	2
1023.02	1
1023.24	5
1023.46	3
1023.69	4
1023.91	1
1024.13	4
1024.35	5
1024.57	2
1024.79	5
1025.01	3
1025.23	1
1025.45	3
1025.67	1
1025.89	3
1026.11	4
1026.33	1
1026.55	4
1026.77	3
1026.99	2
1027.21	4
1027.43	4
1027.65	2
1027.87	2
1028.09	2
1028.31	6
1028.53	6
1028.75	3
1028.97	3
1029.19	6
1029.41	4
1029.63	3
1029.85	2
1030.07	2
1030.29	2
1030.51	3
1030.73	2
1030.95	3
1031.17	5
1031.39	4
1031.61	3
1031.83	2
1032.05	3
1032.27	0
1032.49	3
1032.71	3
1032.93	3
1033.15	6
1033.37	4
1033.59	3
1033.81	2
1034.03	0
1034.25	3
1034.47	2
1034.69	6
1034.91	7
1035.13	4
1035.35	1
1035.57	2
1035.79	5
1036.01	2
1036.23	3
1036.45	3
1036.67	6
1036.89	5
1037.11	3
1037.33	5
1037.55	3
1037.77	7
1037.99	1
1038.21	1
1038.43	3
1038.65	2
1038.87	1
1039.09	3
1039.31	5
1039.53	4
1039.75	5
1039.97	2
1040.19	5
1040.41	2
1040.63	5
1040.85	2
1041.07	4
1041.29	3
1041.51	3
1041.73	0
1041.95	4
1042.17	3
1042.39	4
1042.61	3
1042.83	1
1043.05	4
1043.27	3
1043.49	5
1043.71	2
1043.93	6
1044.15	1
1044.37	2
1044.59	2
1044.81	3
1045.03	8
1045.25	5
1045.47	3
1045.7	4
1045.92	0
1046.14	3
1046.36	0
1046.58	2
1046.8	5
1047.02	3
1047.24	2
1047.46	7
1047.68	4
1047.9	4
1048.12	3
1048.34	4
1048.56	3
1048.78	2
1049	6
1049.22	1
1049.44	5
1049.66	7
1049.88	6
1050.1	2
1050.32	3
1050.54	4
1050.76	5
1050.98	4
1051.2	1
1051.42	4
1051.64	2
1051.86	4
1052.08	4
1052.3	1
1052.52	2
1052.74	6
1052.96	4
1053.18	7
1053.4	5
1053.62	0
1053.84	2
1054.06	1
1054.28	6
1054.5	3
1054.72	4
1054.94	1
1055.16	3
1055.38	3
1055.6	5
1055.82	8
1056.04	3
1056.26	2
1056.48	4
1056.7	2
1056.92	6
1057.14	4
1057.36	3
1057.58	2
1057.8	2
1058.02	2
1058.24	5
1058.46	4
1058.68	4
1058.9	4
1059.12	2
1059.34	3
1059.56	4
1059.78	2
1060	5
1060.22	3
1060.44	3
1060.66	1
1060.88	3
1061.1	1
1061.32	4
1061.54	7
1061.76	2
1061.98	3
1062.2	4
1062.42	0
1062.64	3
1062.86	1
1063.08	6
1063.3	3
1063.52	1
1063.74	4
1063.96	5
1064.18	5
1064.4	2
1064.62	2
1064.84	3
1065.06	2
1065.28	4
1065.5	5
1065.72	2
1065.94	1
1066.16	2
1066.38	4
1066.6	5
1066.82	1
1067.04	4
1067.26	9
1067.48	3
1067.71	4
1067.93	5
1068.15	3
1068.37	7
1068.59	4
1068.81	3
1069.03	5
1069.25	4
1069.47	6
1069.69	4
1069.91	4
1070.13	6
1070.35	5
1070.57	4
1070.79	3
1071.01	3
1071.23	4
1071.45	8
1071.67	3
1071.89	1
1072.11	3
1072.33	4
1072.55	2
1072.77	4
1072.99	0
1073.21	3
1073.43	2
1073.65	3
1073.87	2
1074.09	2
1074.31	2
1074.53	4
1074.75	7
1074.97	4
1075.19	2
1075.41	3
1075.63	3
1075.85	4
1076.07	4
1076.29	6
1076.51	6
1076.73	6
1076.95	1
1077.17	4
1077.39	4
1077.61	1
1077.83	3
1078.05	4
1078.27	5
1078.49	2
1078.71	5
1078.93	3
1079.15	5
1079.37	1
1079.59	3
1079.81	1
1080.03	2
1080.25	6
1080.47	5
1080.69	4
1080.91	3
1081.13	3
1081.35	2
1081.57	3
1081.79	2
1082.01	3
1082.23	7
1082.45	2
1082.67	3
1082.89	6
1083.11	5
1083.33	2
1083.55	4
1083.77	6
1083.99	3
1084.21	4
1084.43	2
1084.65	1
1084.87	4
1085.09	10
1085.31	3
1085.53	2
1085.75	0
1085.97	9
1086.19	4
1086.41	1
1086.63	3
1086.85	5
1087.07	6
1087.29	4
1087.51	2
1087.73	4
1087.95	4
1088.17	7
1088.39	5
1088.61	2
1088.83	4
1089.05	4
1089.27	4
1089.49	5
1089.72	5
1089.94	1
1090.16	2
1090.38	4
1090.6	3
1090.82	3
1091.04	2
1091.26	2
1091.48	3
1091.7	6
1091.92	4
1092.14	5
1092.36	2
1092.58	4
1092.8	4
1093.02	7
1093.24	4
1093.46	3
1093.68	5
1093.9	2
1094.12	6
1094.34	2
1094.56	2
1094.78	5
1095	2
1095.22	5
1095.44	3
1095.66	5
1095.88	5
1096.1	9
1096.32	3
1096.54	0
1096.76	4
1096.98	5
1097.2	8
1097.42	0
1097.64	5
1097.86	3
1098.08	1
1098.3	1
1098.52	7
1098.74	2
1098.96	5
1099.18	2
1099.4	3
1099.62	5
1099.84	4
1100.06	2
1100.28	1
1100.5	9
1100.72	3
1100.94	4
1101.16	5
1101.38	4
1101.6	2
1101.82	5
1102.04	5
1102.26	2
1102.48	3
1102.7	2
1102.92	3
1103.14	2
1103.36	2
1103.58	4
1103.8	7
1104.02	2
1104.24	4
1104.46	3
1104.68	3
1104.9	3
1105.12	9
1105.34	6
1105.56	4
1105.78	2
1106	5
1106.22	5
1106.44	0
1106.66	2
1106.88	2
1107.1	6
1107.32	2
1107.54	7
1107.76	3
1107.98	4
1108.2	4
1108.42	4
1108.64	2
1108.86	4
1109.08	7
1109.3	5
1109.52	5
1109.74	7
1109.96	5
1110.18	3
1110.4	3
1110.62	3
1110.84	6
1111.06	6
1111.28	4
1111.5	4
1111.73	1
1111.95	6
1112.17	2
1112.39	6
1112.61	4
1112.83	5
1113.05	4
1113.27	2
1113.49	2
1113.71	3
1113.93	2
1114.15	6
1114.37	3
1114.59	1
1114.81	4
1115.03	4
1115.25	3
1115.47	3
1115.69	2
1115.91	4
1116.13	4
1116.35	10
1116.57	1
1116.79	3
1117.01	5
1117.23	2
1117.45	1
1117.67	5
1117.89	4
1118.11	3
1118.33	4
1118.55	3
1118.77	5
1118.99	3
1119.21	3
1119.43	2
1119.65	3
1119.87	4
1120.09	4
1120.31	2
1120.53	2
1120.75	6
1120.97	4
1121.19	3
1121.41	5
1121.63	4
1121.85	4
1122.07	2
1122.29	9
1122.51	3
1122.73	4
1122.95	3
1123.17	5
1123.39	4
1123.61	2
1123.83	3
1124.05	2
1124.27	3
1124.49	0
1124.71	1
1124.93	2
1125.15	6
1125.37	2
1125.59	1
1125.81	0
1126.03	1
1126.25	0
1126.47	1
1126.69	1
1126.91	1
1127.13	1
1127.35	1
1127.57	2
1127.79	3
1128.01	1
1128.23	2
1128.45	0
1128.67	3
1128.89	2
1129.11	3
1129.33	1
1129.55	2
1129.77	1
1129.99	2
1130.21	4
1130.43	1
1130.65	7
1130.87	3
1131.09	3
1131.31	3
1131.53	3
1131.75	4
1131.97	4
1132.19	1
1132.41	1
1132.63	2
1132.85	3
1133.07	4
1133.29	3
1133.51	2
1133.74	5
1133.96	2
1134.18	2
1134.4	2
1134.62	4
1134.84	3
1135.06	3
1135.28	2
1135.5	1
1135.72	2
1135.94	1
1136.16	3
1136.38	1
1136.6	1
1136.82	3
1137.04	3
1137.26	4
1137.48	2
1137.7	3
1137.92	3
1138.14	1
1138.36	1
1138.58	4
1138.8	3
1139.02	0
1139.24	2
1139.46	0
1139.68	5
1139.9	1
1140.12	0
1140.34	1
1140.56	1
1140.78	2
1141	1
1141.22	1
1141.44	3
1141.66	1
1141.88	2
1142.1	1
1142.32	7
1142.54	0
1142.76	1
1142.98	3
1143.2	2
1143.42	4
1143.64	2
1143.86	0
1144.08	1
1144.3	2
1144.52	2
1144.74	2
1144.96	2
1145.18	1
1145.4	3
1145.62	1
1145.84	0
1146.06	0
1146.28	1
1146.5	1
1146.72	2
1146.94	0
1147.16	0
1147.38	2
1147.6	1
1147.82	2
1148.04	4
1148.26	2
1148.48	1
1148.7	1
1148.92	2
1149.14	1
1149.36	2
1149.58	1
1149.8	3
1150.02	1
1150.24	4
1150.46	0
1150.68	2
1150.9	3
1151.12	2
1151.34	2
1151.56	1
1151.78	2
1152	4
1152.22	0
1152.44	2
1152.66	2
1152.88	2
1153.1	2
1153.32	2
1153.54	6
1153.76	4
1153.98	1
1154.2	2
1154.42	5
1154.64	1
1154.86	1
1155.08	3
1155.3	0
1155.52	4
1155.75	1
1155.97	2
1156.19	6
1156.41	4
1156.63	3
1156.85	0
1157.07	3
1157.29	2
1157.51	3
1157.73	3
1157.95	2
1158.17	1
1158.39	1
1158.61	1
1158.83	3
1159.05	1
1159.27	1
1159.49	5
1159.71	1
1159.93	2
1160.15	0
1160.37	0
1160.59	2
1160.81	1
1161.03	2
1161.25	3
1161.47	1
1161.69	2
1161.91	1
1162.13	4
1162.35	3
1162.57	1
1162.79	0
1163.01	3
1163.23	5
1163.45	1
1163.67	1
1163.89	0
1164.11	1
1164.33	1
1164.55	2
1164.77	3
1164.99	2
1165.21	0
1165.43	2
1165.65	3
1165.87	0
1166.09	1
1166.31	1
1166.53	3
1166.75	2
1166.97	1
1167.19	1
1167.41	3
1167.63	0
1167.85	0
1168.07	3
1168.29	2
1168.51	2
1168.73	2
1168.95	1
1169.17	1
1169.39	1
1169.61	0
1169.83	2
1170.05	1
1170.27	1
1170.49	0
1170.71	0
1170.93	2
1171.15	2
1171.37	0
1171.59	3
1171.81	0
1172.03	0
1172.25	2
1172.47	1
1172.69	4
1172.91	5
1173.13	2
1173.35	1
1173.57	0
1173.79	3
1174.01	5
1174.23	4
1174.45	12
1174.67	37
1174.89	40
1175.11	64
1175.33	91
1175.55	112
1175.77	143
1175.99	180
1176.21	205
1176.43	209
1176.65	176
1176.87	144
1177.09	105
1177.31	83
1177.53	51
1177.76	21
1177.98	16
1178.2	9
1178.42	6
1178.64	2
1178.86	2
1179.08	2
1179.3	0
1179.52	2
1179.74	1
1179.96	2
1180.18	0
1180.4	2
1180.62	1
1180.84	0
1181.06	0
1181.28	1
1181.5	5
1181.72	2
1181.94	2
1182.16	0
1182.38	2
1182.6	3
1182.82	0
1183.04	0
1183.26	1
1183.48	2
1183.7	2
1183.92	0
1184.14	2
1184.36	1
1184.58	1
1184.8	2
1185.02	0
1185.24	0
1185.46	1
1185.68	0
1185.9	2
1186.12	1
1186.34	1
1186.56	1
1186.78	1
1187	0
1187.22	1
1187.44	0
1187.66	1
1187.88	2
1188.1	2
1188.32	3
1188.54	2
1188.76	2
1188.98	0
1189.2	2
1189.42	1
1189.64	0
1189.86	0
1190.08	1
1190.3	0
1190.52	1
1190.74	0
1190.96	1
1191.18	1
1191.4	3
1191.62	2
1191.84	3
1192.06	0
1192.28	1
1192.5	1
1192.72	2
1192.94	0
1193.16	2
1193.38	2
1193.6	2
1193.82	0
1194.04	1
1194.26	0
1194.48	2
1194.7	1
1194.92	1
1195.14	0
1195.36	0
1195.58	0
1195.8	4
1196.02	2
1196.24	1
1196.46	1
1196.68	1
1196.9	1
1197.12	0
1197.34	1
1197.56	2
1197.78	0
1198	0
1198.22	0
1198.44	1
1198.66	1
1198.88	2
1199.1	3
1199.32	0
1199.54	2
1199.77	1
1199.99	3
1200.21	1
1200.43	2
1200.65	1
1200.87	0
1201.09	2
1201.31	0
1201.53	0
1201.75	1
1201.97	1
1202.19	1
1202.41	2
1202.63	0
1202.85	3
1203.07	1
1203.29	0
1203.51	0
1203.73	0
1203.95	1
1204.17	2
1204.39	0
1204.61	0
1204.83	1
1205.05	2
1205.27	1
1205.49	1
1205.71	0
1205.93	0
1206.15	2
1206.37	1
1206.59	2
1206.81	0
1207.03	3
1207.25	1
1207.47	2
1207.69	3
1207.91	1
1208.13	0
1208.35	1
1208.57	0
1208.79	2
1209.01	0
1209.23	0
1209.45	0
1209.67	0
1209.89	0
1210.11	0
1210.33	0
1210.55	1
1210.77	0
1210.99	0
1211.21	0
1211.43	2
1211.65	0
1211.87	0
1212.09	0
1212.31	2
1212.53	1
1212.75	0
1212.97	0
1213.19	1
1213.41	1
1213.63	3
1213.85	1
1214.07	2
1214.29	1
1214.51	0
1214.73	1
1214.95	1
1215.17	0
1215.39	0
1215.61	0
1215.83	0
1216.05	2
1216.27	1
1216.49	2
1216.71	0
1216.93	0
1217.15	1
1217.37	0
1217.59	1
1217.81	1
1218.03	0
1218.25	3
1218.47	1
1218.69	0
1218.91	2
1219.13	0
1219.35	1
1219.57	1
1219.79	0
1220.01	1
1220.23	1
1220.45	1
1220.67	0
1220.89	2
1221.11	0
1221.33	1
1221.55	1
1221.78	1
1222	1
1222.22	1
1222.44	0
1222.66	0
1222.88	0
1223.1	1
1223.32	0
1223.54	0
1223.76	1
1223.98	0
1224.2	2
1224.42	1
1224.64	0
1224.86	0
1225.08	0
1225.3	0
1225.52	0
1225.74	0
1225.96	0
1226.18	0
1226.4	0
1226.62	0
1226.84	0
1227.06	0
1227.28	0
1227.5	1
1227.72	1
1227.94	0
1228.16	2
1228.38	0
1228.6	1
1228.82	1
1229.04	2
1229.26	1
1229.48	0
1229.7	0
1229.92	0
1230.14	0
1230.36	1
1230.58	0
1230.8	0
1231.02	0
1231.24	0
1231.46	1
1231.68	1
1231.9	0
1232.12	2
1232.34	1
1232.56	0
1232.78	1
1233	0
1233.22	0
1233.44	1
1233.66	1
1233.88	1
1234.1	0
1234.32	0
1234.54	0
1234.76	1
1234.98	0
1235.2	1
1235.42	1
1235.64	0
1235.86	1
1236.08	0
1236.3	2
1236.52	0
1236.74	0
1236.96	1
1237.18	1
1237.4	0
1237.62	0
1237.84	2
1238.06	0
1238.28	0
1238.5	0
1238.72	1
1238.94	1
1239.16	1
1239.38	0
1239.6	0
1239.82	0
1240.04	1
1240.26	0
1240.48	0
1240.7	0
1240.92	1
1241.14	0
1241.36	0
1241.58	0
1241.8	0
1242.02	1
1242.24	1
1242.46	1
1242.68	2
1242.9	1
1243.12	0
1243.34	0
1243.57	1
1243.79	0
1244.01	0
1244.23	1
1244.45	1
1244.67	0
1244.89	0
1245.11	1
1245.33	1
1245.55	0
1245.77	0
1245.99	1
1246.21	0
1246.43	0
1246.65	0
1246.87	0
1247.09	0
1247.31	1
1247.53	0
1247.75	0
1247.97	0
1248.19	0
1248.41	1
1248.63	0
1248.85	1
1249.07	0
1249.29	1
1249.51	1
1249.73	0
1249.95	0
1250.17	1
1250.39	1
1250.61	0
1250.83	1
1251.05	1
1251.27	0
1251.49	0
1251.71	0
1251.93	1
1252.15	1
1252.37	0
1252.59	0
1252.81	1
1253.03	0
1253.25	0
1253.47	0
1253.69	1
1253.91	0
1254.13	1
1254.35	0
1254.57	0
1254.79	1
1255.01	1
1255.23	0
1255.45	0
1255.67	0
1255.89	0
1256.11	0
1256.33	0
1256.55	0
1256.77	0
1256.99	1
1257.21	1
1257.43	0
1257.65	0
1257.87	0
1258.09	0
1258.31	0
1258.53	0
1258.75	0
1258.97	0
1259.19	1
1259.41	0
1259.63	1
1259.85	0
1260.07	0
1260.29	0
1260.51	3
1260.73	0
1260.95	1
1261.17	0
1261.39	1
1261.61	0
1261.83	0
1262.05	0
1262.27	0
1262.49	0
1262.71	0
1262.93	0
1263.15	0
1263.37	0
1263.59	0
1263.81	1
1264.03	0
1264.25	0
1264.47	0
1264.69	0
1264.91	1
1265.13	1
1265.35	0
1265.58	0
1265.8	2
1266.02	0
1266.24	1
1266.46	0
1266.68	0
1266.9	0
1267.12	0
1267.34	0
1267.56	0
1267.78	0
1268	0
1268.22	0
1268.44	0
1268.66	0
1268.88	0
1269.1	1
1269.32	0
1269.54	1
1269.76	0
1269.98	1
1270.2	1
1270.42	0
1270.64	0
1270.86	0
1271.08	0
1271.3	0
1271.52	0
1271.74	0
1271.96	0
1272.18	1
1272.4	1
1272.62	0
1272.84	0
1273.06	2
1273.28	0
1273.5	0
1273.72	0
1273.94	0
1274.16	0
1274.38	1
1274.6	1
1274.82	0
1275.04	0
1275.26	0
1275.48	0
1275.7	2
1275.92	0
1276.14	0
1276.36	0
1276.58	1
1276.8	0
1277.02	1
1277.24	0
1277.46	1
1277.68	1
1277.9	0
1278.12	0
1278.34	0
1278.56	2
1278.78	0
1279	0
1279.22	0
1279.44	0
1279.66	1
1279.88	0
1280.1	0
1280.32	1
1280.54	0
1280.76	0
1280.98	0
1281.2	0
1281.42	0
1281.64	0
1281.86	0
1282.08	1
1282.3	0
1282.52	0
1282.74	0
1282.96	0
1283.18	3
1283.4	0
1283.62	0
1283.84	2
1284.06	1
1284.28	0
1284.5	0
1284.72	1
1284.94	0
1285.16	2
1285.38	0
1285.6	0
1285.82	0
1286.04	0
1286.26	0
1286.48	0
1286.7	0
1286.92	0
1287.14	0
1287.36	0
1287.59	1
1287.81	0
1288.03	0
1288.25	0
1288.47	0
1288.69	1
1288.91	0
1289.13	0
1289.35	0
1289.57	0
1289.79	0
1290.01	0
1290.23	0
1290.45	0
1290.67	0
1290.89	0
1291.11	0
1291.33	0
1291.55	2
1291.77	1
1291.99	0
1292.21	0
1292.43	0
1292.65	0
1292.87	0
1293.09	0
1293.31	0
1293.53	1
1293.75	0
1293.97	1
1294.19	0
1294.41	1
1294.63	0
1294.85	1
1295.07	0
1295.29	0
1295.51	0
1295.73	0
1295.95	0
1296.17	0
1296.39	0
1296.61	0
1296.83	1
1297.05	1
1297.27	0
1297.49	0
1297.71	0
1297.93	0
1298.15	0
1298.37	0
1298.59	0
1298.81	0
1299.03	1
1299.25	0
1299.47	0
1299.69	0
1299.91	0
1300.13	1
1300.35	1
1300.57	1
1300.79	0
1301.01	0
1301.23	0
1301.45	0
1301.67	1
1301.89	0
1302.11	0
1302.33	0
1302.55	0
1302.77	0
1302.99	0
1303.21	0
1303.43	0
1303.65	1
1303.87	0
1304.09	0
1304.31	0
1304.53	0
1304.75	0
1304.97	0
1305.19	1
1305.41	0
1305.63	0
1305.85	1
1306.07	0
1306.29	0
1306.51	0
1306.73	0
1306.95	0
1307.17	0
1307.39	1
1307.61	0
1307.83	0
1308.05	0
1308.27	0
1308.49	1
1308.71	0
1308.93	1
1309.15	0
1309.37	0
1309.6	0
1309.82	1
1310.04	0
1310.26	0
1310.48	0
1310.7	0
1310.92	1
1311.14	0
1311.36	0
1311.58	0
1311.8	0
1312.02	0
1312.24	0
1312.46	0
1312.68	0
1312.9	0
1313.12	1
1313.34	0
1313.56	0
1313.78	0
1314	0
1314.22	0
1314.44	0
1314.66	0
1314.88	1
1315.1	1
1315.32	1
1315.54	0
1315.76	1
1315.98	0
1316.2	0
1316.42	0
1316.64	0
1316.86	0
1317.08	0
1317.3	0
1317.52	0
1317.74	0
1317.96	1
1318.18	0
1318.4	1
1318.62	1
1318.84	0
1319.06	0
1319.28	0
1319.5	0
1319.72	0
1319.94	0
1320.16	2
1320.38	0
1320.6	1
1320.82	0
1321.04	0
1321.26	0
1321.48	0
1321.7	1
1321.92	0
1322.14	0
1322.36	0
1322.58	0
1322.8	1
1323.02	1
1323.24	0
1323.46	0
1323.68	1
1323.9	0
1324.12	0
1324.34	0
1324.56	0
1324.78	1
1325	1
1325.22	0
1325.44	0
1325.66	0
1325.88	0
1326.1	0
1326.32	0
1326.54	1
1326.76	0
1326.98	1
1327.2	0
1327.42	0
1327.64	2
1327.86	0
1328.08	0
1328.3	0
1328.52	1
1328.74	1
1328.96	0
1329.18	0
1329.4	1
1329.62	1
1329.84	2
1330.06	0
1330.28	0
1330.5	0
1330.72	0
1330.94	0
1331.16	0
1331.38	0
1331.61	0
1331.83	0
1332.05	0
1332.27	0
1332.49	0
1332.71	0
1332.93	1
1333.15	0
1333.37	3
1333.59	1
1333.81	1
1334.03	1
1334.25	6
1334.47	8
1334.69	14
1334.91	19
1335.13	47
1335.35	70
1335.57	71
1335.79	101
1336.01	154
1336.23	134
1336.45	149
1336.67	160
1336.89	142
1337.11	97
1337.33	90
1337.55	61
1337.77	34
1337.99	24
1338.21	17
1338.43	7
1338.65	1
1338.87	0
1339.09	0
1339.31	0
1339.53	0
1339.75	1
1339.97	0
1340.19	0
1340.41	0
1340.63	0
1340.85	0
1341.07	0
1341.29	0
1341.51	0
1341.73	0
1341.95	0
1342.17	1
1342.39	0
1342.61	0
1342.83	0
1343.05	0
1343.27	0
1343.49	0
1343.71	0
1343.93	1
1344.15	0
1344.37	0
1344.59	0
1344.81	0
1345.03	0
1345.25	0
1345.47	0
1345.69	0
1345.91	0
1346.13	0
1346.35	0
1346.57	0
1346.79	0
1347.01	0
1347.23	0
1347.45	0
1347.67	1
1347.89	0
1348.11	0
1348.33	0
1348.55	0
1348.77	0
1348.99	0
1349.21	0
1349.43	0
1349.65	0
1349.87	0
1350.09	0
1350.31	0
1350.53	0
1350.75	0
1350.97	0
1351.19	0
1351.41	0
1351.63	0
1351.85	0
1352.07	1
1352.29	0
1352.51	0
1352.73	1
1352.95	0
1353.17	0
1353.39	1
1353.62	1
1353.84	0
1354.06	0
1354.28	1
1354.5	0
1354.72	0
1354.94	0
1355.16	1
1355.38	0
1355.6	0
1355.82	0
1356.04	0
1356.26	0
1356.48	0
1356.7	0
1356.92	0
1357.14	1
1357.36	0
1357.58	0
1357.8	0
1358.02	0
1358.24	0
1358.46	0
1358.68	0
1358.9	0
1359.12	0
1359.34	0
1359.56	0
1359.78	0
1360	0
1360.22	0
1360.44	0
1360.66	0
1360.88	0
1361.1	0
1361.32	0
1361.54	0
1361.76	1
1361.98	0
1362.2	1
1362.42	0
1362.64	0
1362.86	0
1363.08	0
1363.3	0
1363.52	1
1363.74	0
1363.96	0
1364.18	0
1364.4	0
1364.62	0
1364.84	0
1365.06	0
1365.28	1
1365.5	0
1365.72	0
1365.94	0
1366.16	0
1366.38	0
1366.6	0
1366.82	0
1367.04	0
1367.26	0
1367.48	0
1367.7	0
1367.92	0
1368.14	0
1368.36	0
1368.58	0
1368.8	0
1369.02	0
1369.24	0
1369.46	0
1369.68	0
1369.9	0
1370.12	0
1370.34	0
1370.56	0
1370.78	0
1371	0
1371.22	0
1371.44	0
1371.66	0
1371.88	0
1372.1	0
1372.32	0
1372.54	0
1372.76	0
1372.98	0
1373.2	0
1373.42	0
1373.64	0
1373.86	0
1374.08	0
1374.3	0
1374.52	0
1374.74	0
1374.96	0
1375.18	0
1375.4	1
1375.63	0
1375.85	0
1376.07	0
1376.29	1
1376.51	0
1376.73	0
1376.95	0
1377.17	0
1377.39	0
1377.61	0
1377.83	0
1378.05	0
1378.27	0
1378.49	0
1378.71	0
1378.93	0
1379.15	0
1379.37	0
1379.59	0
1379.81	0
1380.03	0
1380.25	0
1380.47	0
1380.69	0
1380.91	0
1381.13	0
1381.35	0
1381.57	0
1381.79	0
1382.01	0
1382.23	1
1382.45	0
1382.67	0
1382.89	0
1383.11	0
1383.33	0
1383.55	0
1383.77	0
1383.99	0
1384.21	1
1384.43	0
1384.65	0
1384.87	0
1385.09	0
1385.31	0
1385.53	0
1385.75	0
1385.97	1
1386.19	0
1386.41	0
1386.63	0
1386.85	0
1387.07	0
1387.29	0
1387.51	0
1387.73	0
1387.95	1
1388.17	0
1388.39	0
1388.61	0
1388.83	0
1389.05	0
1389.27	0
1389.49	0
1389.71	0
1389.93	0
1390.15	0
1390.37	0
1390.59	0
1390.81	0
1391.03	0
1391.25	0
1391.47	0
1391.69	0
1391.91	0
1392.13	0
1392.35	0
1392.57	0
1392.79	0
1393.01	0
1393.23	0
1393.45	0
1393.67	0
1393.89	0
1394.11	0
1394.33	0
1394.55	0
1394.77	0
1394.99	0
1395.21	0
1395.43	0
1395.65	0
1395.87	0
1396.09	0
1396.31	0
1396.53	0
1396.75	0
1396.97	0
1397.19	0
1397.41	0
1397.64	0
1397.86	0
1398.08	0
1398.3	0
1398.52	0
1398.74	0
1398.96	0
1399.18	0
1399.4	0
1399.62	0
1399.84	0
1400.06	0
1400.28	0
1400.5	0
1400.72	0
1400.94	0
1401.16	0
1401.38	0
1401.6	0
1401.82	0
1402.04	0
1402.26	0
1402.48	0
1402.7	0
1402.92	0
1403.14	0
1403.36	0
1403.58	0
1403.8	0
1404.02	0
1404.24	0
1404.46	0
1404.68	0
1404.9	0
1405.12	0
1405.34	0
1405.56	0
1405.78	0
1406	0
1406.22	0
1406.44	0
1406.66	0
1406.88	0
1407.1	0
1407.32	0
1407.54	0
1407.76	0
1407.98	0
1408.2	0
1408.42	1
1408.64	0
1408.86	0
1409.08	0
1409.3	0
1409.52	0
1409.74	0
1409.96	0
1410.18	0
1410.4	0
1410.62	0
1410.84	0
1411.06	0
1411.28	0
1411.5	1
1411.72	0
1411.94	0
1412.16	0
1412.38	0
1412.6	0
1412.82	0
1413.04	0
1413.26	0
1413.48	0
1413.7	0
1413.92	1
1414.14	0
1414.36	0
1414.58	0
1414.8	0
1415.02	0
1415.24	0
1415.46	0
1415.68	0
1415.9	0
1416.12	0
1416.34	0
1416.56	0
1416.78	0
1417	0
1417.22	0
1417.44	0
1417.66	1
1417.88	0
1418.1	0
1418.32	0
1418.54	0
1418.76	0
1418.98	0
1419.2	0
1419.42	0
1419.65	0
1419.87	0
1420.09	0
1420.31	0
1420.53	0
1420.75	0
1420.97	0
1421.19	0
1421.41	0
1421.63	0
1421.85	0
1422.07	0
1422.29	0
1422.51	0
1422.73	0
1422.95	0
1423.17	0
1423.39	0
1423.61	0
1423.83	0
1424.05	0
1424.27	0
1424.49	1
1424.71	0
1424.93	0
1425.15	0
1425.37	0
1425.59	0
1425.81	0
1426.03	0
1426.25	1
1426.47	0
1426.69	0
1426.91	0
1427.13	1
1427.35	1
1427.57	0
1427.79	0
1428.01	0
1428.23	0
1428.45	1
1428.67	0
1428.89	0
1429.11	0
1429.33	0
1429.55	0
1429.77	0
1429.99	1
1430.21	0
1430.43	0
1430.65	0
1430.87	0
1431.09	0
1431.31	0
1431.53	0
1431.75	0
1431.97	1
1432.19	0
1432.41	0
1432.63	0
1432.85	0
1433.07	0
1433.29	0
1433.51	0
1433.73	0
1433.95	0
1434.17	0
1434.39	0
1434.61	0
1434.83	0
1435.05	0
1435.27	0
1435.49	1
1435.71	0
1435.93	0
1436.15	0
1436.37	0
1436.59	0
1436.81	0
1437.03	0
1437.25	0
1437.47	0
1437.69	0
1437.91	0
1438.13	1
1438.35	0
1438.57	0
1438.79	0
1439.01	0
1439.23	0
1439.45	0
1439.67	1
1439.89	0
1440.11	0
1440.33	0
1440.55	0
1440.77	0
1440.99	0
1441.21	0
1441.43	0
1441.66	0
1441.88	0
1442.1	0
1442.32	0
1442.54	0
1442.76	0
1442.98	0
1443.2	0
1443.42	0
1443.64	0
1443.86	0
1444.08	0
1444.3	0
1444.52	1
1444.74	0
1444.96	0
1445.18	0
1445.4	0
1445.62	0
1445.84	0
1446.06	0
1446.28	1
1446.5	0
1446.72	0
1446.94	0
1447.16	0
1447.38	0
1447.6	0
1447.82	0
1448.04	0
1448.26	0
1448.48	0
1448.7	0
1448.92	0
1449.14	0
1449.36	1
1449.58	0
1449.8	0
1450.02	0
1450.24	0
1450.46	0
1450.68	1
1450.9	0
1451.12	1
1451.34	0
1451.56	0
1451.78	0
1452	0
1452.22	0
1452.44	0
1452.66	0
1452.88	0
1453.1	0
1453.32	0
1453.54	0
1453.76	0
1453.98	0
1454.2	0
1454.42	0
1454.64	0
1454.86	0
1455.08	0
1455.3	0
1455.52	0
1455.74	0
1455.96	0
1456.18	0
1456.4	0
1456.62	0
1456.84	0
1457.06	0
1457.28	0
1457.5	1
1457.72	0
1457.94	0
1458.16	0
1458.38	0
1458.6	0
1458.82	0
1459.04	0
1459.26	0
1459.48	0
1459.7	0
1459.92	0
1460.14	0
1460.36	0
1460.58	0
1460.8	1
1461.02	0
1461.24	0
1461.46	0
1461.68	0
1461.9	1
1462.12	0
1462.34	0
1462.56	0
1462.78	0
1463	0
1463.22	0
1463.44	1
1463.67	1
1463.89	0
1464.11	0
1464.33	0
1464.55	0
1464.77	1
1464.99	0
1465.21	0
1465.43	0
1465.65	1
1465.87	0
1466.09	0
1466.31	1
1466.53	1
1466.75	0
1466.97	1
1467.19	1
1467.41	0
1467.63	0
1467.85	0
1468.07	0
1468.29	0
1468.51	0
1468.73	0
1468.95	0
1469.17	0
1469.39	0
1469.61	0
1469.83	0
1470.05	0
1470.27	0
1470.49	0
1470.71	0
1470.93	0
1471.15	0
1471.37	0
1471.59	0
1471.81	0
1472.03	0
1472.25	0
1472.47	0
1472.69	0
1472.91	0
1473.13	0
1473.35	0
1473.57	0
1473.79	0
1474.01	0
1474.23	0
1474.45	0
1474.67	0
1474.89	0
1475.11	0
1475.33	0
1475.55	0
1475.77	0
1475.99	0
1476.21	0
1476.43	0
1476.65	0
1476.87	0
1477.09	0
1477.31	0
1477.53	0
1477.75	0
1477.97	0
1478.19	0
1478.41	0
1478.63	0
1478.85	0
1479.07	1
1479.29	0
1479.51	0
1479.73	0
1479.95	0
1480.17	0
1480.39	0
1480.61	1
1480.83	0
1481.05	0
1481.27	0
1481.49	0
1481.71	0
1481.93	0
1482.15	0
1482.37	0
1482.59	0
1482.81	0
1483.03	0
1483.25	0
1483.47	0
1483.69	0
1483.91	0
1484.13	0
1484.35	0
1484.57	0
1484.79	0
1485.01	0
1485.23	0
1485.45	0
1485.68	0
1485.9	0
1486.12	0
1486.34	0
1486.56	0
1486.78	1
1487	0
1487.22	0
1487.44	0
1487.66	1
1487.88	0
1488.1	0
1488.32	0
1488.54	1
1488.76	0
1488.98	0
1489.2	0
1489.42	0
1489.64	0
1489.86	0
1490.08	0
1490.3	0
1490.52	1
1490.74	0
1490.96	0
1491.18	0
1491.4	0
1491.62	0
1491.84	0
1492.06	0
1492.28	0
1492.5	0
1492.72	0
1492.94	0
1493.16	0
1493.38	0
1493.6	0
1493.82	0
1494.04	0
1494.26	0
1494.48	0
1494.7	0
1494.92	0
1495.14	0
1495.36	0
1495.58	1
1495.8	0
1496.02	0
1496.24	0
1496.46	0
1496.68	0
1496.9	0
1497.12	0
1497.34	0
1497.56	0
1497.78	0
1498	0
1498.22	0
1498.44	0
1498.66	0
1498.88	0
1499.1	0
1499.32	0
1499.54	0
1499.76	0
1499.98	0
1500.2	0
1500.42	0
1500.64	0
1500.86	0
1501.08	1
1501.3	1
1501.52	0
1501.74	0
1501.96	0
1502.18	0
1502.4	0
1502.62	0
1502.84	0
1503.06	0
1503.28	0
1503.5	0
1503.72	0
1503.94	0
1504.16	0
1504.38	0
1504.6	0
1504.82	0
1505.04	0
1505.26	0
1505.48	0
1505.7	0
1505.92	0
1506.14	0
1506.36	0
1506.58	0
1506.8	1
1507.02	1
1507.24	0
1507.46	0
1507.68	0
1507.91	0
1508.13	0
1508.35	0
1508.57	0
1508.79	0
1509.01	0
1509.23	0
1509.45	0
1509.67	0
1509.89	0
1510.11	0
1510.33	0
1510.55	0
1510.77	2
1510.99	0
1511.21	0
1511.43	0
1511.65	0
1511.87	0
1512.09	0
1512.31	0
1512.53	0
1512.75	0
1512.97	1
1513.19	2
1513.41	0
1513.63	0
1513.85	0
1514.07	0
1514.29	0
1514.51	0
1514.73	0
1514.95	0
1515.17	0
1515.39	0
1515.61	0
1515.83	0
1516.05	1
1516.27	0
1516.49	0
1516.71	0
1516.93	0
1517.15	0
1517.37	0
1517.59	0
1517.81	0
1518.03	1
1518.25	0
1518.47	0
1518.69	0
1518.91	0
1519.13	0
1519.35	0
1519.57	0
1519.79	0
1520.01	0
1520.23	0
1520.45	0
1520.67	0
1520.89	0
1521.11	0
1521.33	0
1521.55	0
1521.77	0
1521.99	0
1522.21	0
1522.43	0
1522.65	0
1522.87	0
1523.09	0
1523.31	0
1523.53	0
1523.75	0
1523.97	0
1524.19	0
1524.41	0
1524.63	0
1524.85	0
1525.07	0
1525.29	0
1525.51	0
1525.73	0
1525.95	0
1526.17	0
1526.39	0
1526.61	1
1526.83	1
1527.05	0
1527.27	0
1527.49	0
1527.71	0
1527.93	0
1528.15	0
1528.37	0
1528.59	0
1528.81	0
1529.03	0
1529.25	0
1529.47	0
1529.69	0
1529.92	0
1530.14	0
1530.36	0
1530.58	0
1530.8	0
1531.02	0
1531.24	0
1531.46	0
1531.68	0
1531.9	0
1532.12	1
1532.34	0
1532.56	0
1532.78	0
1533	0
1533.22	0
1533.44	0
1533.66	0
1533.88	0
1534.1	0
1534.32	0
1534.54	0
1534.76	0
1534.98	0
1535.2	0
1535.42	0
1535.64	0
1535.86	0
1536.08	0
1536.3	0
1536.52	0
1536.74	0
1536.96	0
1537.18	0
1537.4	0
1537.62	0
1537.84	0
1538.06	0
1538.28	0
1538.5	0
1538.72	0
1538.94	0
1539.16	0
1539.38	0
1539.6	0
1539.82	0
1540.04	0
1540.26	0
1540.48	0
1540.7	0
1540.92	0
1541.14	0
1541.36	0
1541.58	0
1541.8	1
1542.02	0
1542.24	0
1542.46	0
1542.68	0
1542.9	0
1543.12	0
1543.34	0
1543.56	0
1543.78	0
1544	0
1544.22	0
1544.44	0
1544.66	1
1544.88	0
1545.1	0
1545.32	0
1545.54	1
1545.76	0
1545.98	0
1546.2	0
1546.42	1
1546.64	0
1546.86	0
1547.08	0
1547.3	0
1547.52	0
1547.74	0
1547.96	0
1548.18	0
1548.4	0
1548.62	0
1548.84	0
1549.06	0
1549.28	0
1549.5	0
1549.72	0
1549.94	0
1550.16	0
1550.38	0
1550.6	0
1550.82	0
1551.04	0
1551.26	0
1551.48	0
1551.7	0
1551.93	0
1552.15	0
1552.37	0
1552.59	0
1552.81	0
1553.03	0
1553.25	0
1553.47	0
1553.69	0
1553.91	0
1554.13	0
1554.35	0
1554.57	0
1554.79	0
1555.01	0
1555.23	0
1555.45	0
1555.67	0
1555.89	0
1556.11	0
1556.33	0
1556.55	0
1556.77	0
1556.99	0
1557.21	0
1557.43	0
1557.65	0
1557.87	0
1558.09	0
1558.31	0
1558.53	0
1558.75	0
1558.97	0
1559.19	0
1559.41	0
1559.63	0
1559.85	0
1560.07	0
1560.29	0
1560.51	0
1560.73	0
1560.95	0
1561.17	0
1561.39	0
1561.61	0
1561.83	0
1562.05	0
1562.27	0
1562.49	0
1562.71	0
1562.93	0
1563.15	0
1563.37	0
1563.59	0
1563.81	0
1564.03	0
1564.25	0
1564.47	0
1564.69	0
1564.91	0
1565.13	0
1565.35	0
1565.57	0
1565.79	0
1566.01	0
1566.23	0
1566.45	0
1566.67	0
1566.89	1
1567.11	0
1567.33	2
1567.55	0
1567.77	0
1567.99	0
1568.21	0
1568.43	0
1568.65	0
1568.87	0
1569.09	0
1569.31	0
1569.53	0
1569.75	0
1569.97	1
1570.19	1
1570.41	0
1570.63	0
1570.85	0
1571.07	1
1571.29	0
1571.51	0
1571.73	0
1571.95	0
1572.17	0
1572.39	0
1572.61	0
1572.83	0
1573.05	0
1573.27	1
1573.49	0
1573.71	0
1573.94	0
1574.16	0
1574.38	0
1574.6	0
1574.82	0
1575.04	0
1575.26	0
1575.48	0
1575.7	0
1575.92	0
1576.14	0
1576.36	0
1576.58	0
1576.8	0
1577.02	0
1577.24	0
1577.46	0
1577.68	0
1577.9	0
1578.12	0
1578.34	0
1578.56	0
1578.78	0
1579	0
1579.22	0
1579.44	0
1579.66	0
1579.88	0
1580.1	1
1580.32	0
1580.54	0
1580.76	0
1580.98	0
1581.2	0
1581.42	0
1581.64	0
1581.86	0
1582.08	0
1582.3	0
1582.52	0
1582.74	0
1582.96	0
1583.18	0
1583.4	0
1583.62	0
1583.84	0
1584.06	0
1584.28	0
1584.5	1
1584.72	0
1584.94	1
1585.16	0
1585.38	0
1585.6	0
1585.82	0
1586.04	0
1586.26	0
1586.48	0
1586.7	0
1586.92	0
1587.14	0
1587.36	0
1587.58	0
1587.8	0
1588.02	0
1588.24	0
1588.46	0
1588.68	0
1588.9	0
1589.12	0
1589.34	0
1589.56	0
1589.78	0
1590	0
1590.22	0
1590.44	0
1590.66	0
1590.88	0
1591.1	0
1591.32	0
1591.54	0
1591.76	0
1591.98	0
1592.2	0
1592.42	0
1592.64	0
1592.86	0
1593.08	0
1593.3	0
1593.52	0
1593.74	0
1593.96	0
1594.18	0
1594.4	0
1594.62	0
1594.84	0
1595.06	0
1595.28	0
1595.5	0
1595.72	1
1595.95	0
1596.17	0
1596.39	0
1596.61	0
1596.83	1
1597.05	0
1597.27	0
1597.49	0
1597.71	0
1597.93	0
1598.15	0
1598.37	0
1598.59	1
1598.81	0
1599.03	0
1599.25	0
1599.47	0
1599.69	0
1599.91	0
1600.13	0
1600.35	0
1600.57	0
1600.79	0
1601.01	0
1601.23	0
1601.45	0
1601.67	0
1601.89	0
1602.11	0
1602.33	0
1602.55	0
1602.77	0
1602.99	0
1603.21	0
1603.43	0
1603.65	0
1603.87	0
1604.09	0
1604.31	0
1604.53	1
1604.75	0
1604.97	0
1605.19	0
1605.41	0
1605.63	0
1605.85	0
1606.07	0
1606.29	0
1606.51	0
1606.73	0
1606.95	0
1607.17	0
1607.39	0
1607.61	0
1607.83	0
1608.05	0
1608.27	0
1608.49	0
1608.71	0
1608.93	0
1609.15	0
1609.37	0
1609.59	0
1609.81	1
1610.03	0
1610.25	0
1610.47	0
1610.69	1
1610.91	0
1611.13	0
1611.35	0
1611.57	0
1611.79	0
1612.01	0
1612.23	0
1612.45	0
1612.67	0
1612.89	0
1613.11	0
1613.33	0
1613.55	0
1613.77	0
1613.99	0
1614.21	0
1614.43	0
1614.65	0
1614.87	0
1615.09	0
1615.31	0
1615.53	0
1615.75	0
1615.97	0
1616.19	0
1616.41	0
1616.63	0
1616.85	0
1617.07	0
1617.29	0
1617.51	0
1617.73	0
1617.96	0
1618.18	0
1618.4	0
1618.62	0
1618.84	0
1619.06	0
1619.28	0
1619.5	0
1619.72	1
1619.94	0
1620.16	0
1620.38	1
1620.6	0
1620.82	0
1621.04	0
1621.26	0
1621.48	0
1621.7	0
1621.92	0
1622.14	0
1622.36	0
1622.58	0
1622.8	1
1623.02	0
1623.24	0
1623.46	0
1623.68	0
1623.9	0
1624.12	0
1624.34	0
1624.56	0
1624.78	0
1625	1
1625.22	0
1625.44	0
1625.66	0
1625.88	1
1626.1	0
1626.32	0
1626.54	0
1626.76	0
1626.98	1
1627.2	0
1627.42	0
1627.64	0
1627.86	0
1628.08	0
1628.3	0
1628.52	0
1628.74	0
1628.96	0
1629.18	0
1629.4	0
1629.62	0
1629.84	0
1630.06	0
1630.28	0
1630.5	0
1630.72	0
1630.94	0
1631.16	0
1631.38	0
1631.6	0
1631.82	0
1632.04	0
1632.26	0
1632.48	0
1632.7	0
1632.92	0
1633.14	0
1633.36	1
1633.58	0
1633.8	0
1634.02	0
1634.24	0
1634.46	0
1634.68	0
1634.9	0
1635.12	0
1635.34	0
1635.56	0
1635.78	1
1636	0
1636.22	0
1636.44	0
1636.66	0
1636.88	0
1637.1	0
1637.32	0
1637.54	0
1637.76	0
1637.98	0
1638.2	0
1638.42	0
1638.64	0
1638.86	0
1639.08	0
1639.3	0
1639.52	0
1639.74	0
1639.97	0
1640.19	0
1640.41	0
1640.63	0
1640.85	0
1641.07	0
1641.29	0
1641.51	0
1641.73	0
1641.95	0
1642.17	0
1642.39	0
1642.61	0
1642.83	0
1643.05	1
1643.27	0
1643.49	0
1643.71	0
1643.93	0
1644.15	0
1644.37	0
1644.59	0
1644.81	0
1645.03	0
1645.25	0
1645.47	0
1645.69	0
1645.91	0
1646.13	0
1646.35	0
1646.57	0
1646.79	0
1647.01	0
1647.23	0
1647.45	0
1647.67	0
1647.89	0
1648.11	0
1648.33	0
1648.55	0
1648.77	0
1648.99	0
1649.21	0
1649.43	0
1649.65	0
1649.87	0
1650.09	1
1650.31	0
1650.53	0
1650.75	0
1650.97	0
1651.19	0
1651.41	0
1651.63	0
1651.85	0
1652.07	0
1652.29	0
1652.51	0
1652.73	0
1652.95	0
1653.17	0
1653.39	0
1653.61	0
1653.83	0
1654.05	0
1654.27	0
1654.49	1
1654.71	0
1654.93	0
1655.15	0
1655.37	0
1655.59	0
1655.81	0
1656.03	0
1656.25	0
1656.47	0
1656.69	0
1656.91	0
1657.13	0
1657.35	0
1657.57	0
1657.79	0
1658.01	0
1658.23	0
1658.45	0
1658.67	0
1658.89	0
1659.11	0
1659.33	1
1659.55	0
1659.77	0
1659.99	1
1660.21	0
1660.43	0
1660.65	0
1660.87	0
1661.09	0
1661.31	0
1661.53	0
1661.75	1
1661.98	0
1662.2	1
1662.42	0
1662.64	0
1662.86	0
1663.08	0
1663.3	0
1663.52	0
1663.74	0
1663.96	0
1664.18	0
1664.4	0
1664.62	0
1664.84	0
1665.06	0
1665.28	0
1665.5	0
1665.72	0
1665.94	0
1666.16	0
1666.38	0
1666.6	0
1666.82	0
1667.04	0
1667.26	0
1667.48	0
1667.7	0
1667.92	0
1668.14	0
1668.36	1
1668.58	0
1668.8	0
1669.02	0
1669.24	1
1669.46	0
1669.68	0
1669.9	0
1670.12	0
1670.34	0
1670.56	0
1670.78	0
1671	0
1671.22	0
1671.44	0
1671.66	0
1671.88	0
1672.1	0
1672.32	0
1672.54	0
1672.76	0
1672.98	0
1673.2	0
1673.42	0
1673.64	0
1673.86	0
1674.08	0
1674.3	0
1674.52	0
1674.74	0
1674.96	0
1675.18	0
1675.4	0
1675.62	0
1675.84	0
1676.06	0
1676.28	0
1676.5	0
1676.72	0
1676.94	0
1677.16	0
1677.38	0
1677.6	0
1677.82	0
1678.04	0
1678.26	0
1678.48	0
1678.7	0
1678.92	0
1679.14	0
1679.36	0
1679.58	0
1679.8	0
1680.02	0
1680.24	0
1680.46	0
1680.68	0
1680.9	0
1681.12	0
1681.34	0
1681.56	0
1681.78	0
1682	1
1682.22	0
1682.44	0
1682.66	0
1682.88	0
1683.1	0
1683.32	1
1683.54	0
1683.76	0
1683.99	0
1684.21	0
1684.43	0
1684.65	0
1684.87	0
1685.09	0
1685.31	0
1685.53	0
1685.75	0
1685.97	0
1686.19	0
1686.41	0
1686.63	0
1686.85	0
1687.07	0
1687.29	0
1687.51	0
1687.73	0
1687.95	1
1688.17	0
1688.39	0
1688.61	0
1688.83	0
1689.05	0
1689.27	1
1689.49	0
1689.71	0
1689.93	0
1690.15	0
1690.37	0
1690.59	0
1690.81	0
1691.03	0
1691.25	0
1691.47	0
1691.69	0
1691.91	0
1692.13	0
1692.35	0
1692.57	0
1692.79	0
1693.01	0
1693.23	0
1693.45	0
1693.67	0
1693.89	0
1694.11	0
1694.33	0
1694.55	0
1694.77	0
1694.99	0
1695.21	0
1695.43	1
1695.65	0
1695.87	0
1696.09	0
1696.31	0
1696.53	0
1696.75	0
1696.97	0
1697.19	0
1697.41	0
1697.63	0
1697.85	0
1698.07	0
1698.29	0
1698.51	0
1698.73	0
1698.95	0
1699.17	0
1699.39	0
1699.61	0
1699.83	0
1700.05	0
1700.27	0
1700.49	0
1700.71	0
1700.93	0
1701.15	0
1701.37	0
1701.59	0
1701.81	0
1702.03	0
1702.25	0
1702.47	0
1702.69	0
1702.91	0
1703.13	0
1703.35	0
1703.57	0
1703.79	0
1704.01	0
1704.23	0
1704.45	0
1704.67	0
1704.89	0
1705.11	0
1705.33	0
1705.55	0
1705.77	0
1706	0
1706.22	0
1706.44	0
1706.66	0
1706.88	0
1707.1	0
1707.32	0
1707.54	0
1707.76	0
1707.98	0
1708.2	0
1708.42	0
1708.64	0
1708.86	0
1709.08	0
1709.3	0
1709.52	0
1709.74	0
1709.96	0
1710.18	0
1710.4	0
1710.62	0
1710.84	0
1711.06	0
1711.28	0
1711.5	0
1711.72	0
1711.94	0
1712.16	0
1712.38	0
1712.6	1
1712.82	0
1713.04	0
1713.26	0
1713.48	0
1713.7	0
1713.92	0
1714.14	0
1714.36	0
1714.58	0
1714.8	0
1715.02	0
1715.24	0
1715.46	0
1715.68	0
1715.9	0
1716.12	0
1716.34	0
1716.56	0
1716.78	0
1717	0
1717.22	1
1717.44	0
1717.66	0
1717.88	0
1718.1	0
1718.32	0
1718.54	1
1718.76	0
1718.98	0
1719.2	0
1719.42	0
1719.64	0
1719.86	0
1720.08	0
1720.3	0
1720.52	1
1720.74	0
1720.96	0
1721.18	0
1721.4	0
1721.62	0
1721.84	0
1722.06	0
1722.28	0
1722.5	1
1722.72	0
1722.94	0
1723.16	0
1723.38	0
1723.6	0
1723.82	0
1724.04	0
1724.26	0
1724.48	0
1724.7	0
1724.92	0
1725.14	0
1725.36	0
1725.58	0
1725.8	0
1726.02	1
1726.24	0
1726.46	0
1726.68	0
1726.9	0
1727.12	0
1727.34	0
1727.56	0
1727.78	0
1728.01	0
1728.23	1
1728.45	0
1728.67	0
1728.89	0
1729.11	0
1729.33	0
1729.55	0
1729.77	0
1729.99	0
1730.21	0
1730.43	0
1730.65	0
1730.87	0
1731.09	0
1731.31	0
1731.53	0
1731.75	0
1731.97	0
1732.19	1
1732.41	0
1732.63	0
1732.85	0
1733.07	0
1733.29	0
1733.51	0
1733.73	0
1733.95	0
1734.17	0
1734.39	1
1734.61	0
1734.83	0
1735.05	0
1735.27	1
1735.49	0
1735.71	0
1735.93	0
1736.15	0
1736.37	0
1736.59	0
1736.81	0
1737.03	0
1737.25	0
1737.47	0
1737.69	0
1737.91	1
1738.13	0
1738.35	0
1738.57	0
1738.79	0
1739.01	0
1739.23	0
1739.45	0
1739.67	0
1739.89	0
1740.11	0
1740.33	0
1740.55	0
1740.77	0
1740.99	0
1741.21	0
1741.43	0
1741.65	0
1741.87	1
1742.09	0
1742.31	0
1742.53	0
1742.75	1
1742.97	0
1743.19	0
1743.41	1
1743.63	0
1743.85	0
1744.07	0
1744.29	0
1744.51	1
1744.73	0
1744.95	0
1745.17	0
1745.39	0
1745.61	0
1745.83	0
1746.05	0
1746.27	0
1746.49	0
1746.71	0
1746.93	0
1747.15	0
1747.37	0
1747.59	0
1747.81	0
1748.03	0
1748.25	0
1748.47	0
1748.69	0
1748.91	0
1749.13	0
1749.35	1
1749.57	0
1749.79	1
1750.02	0
1750.24	0
1750.46	0
1750.68	0
1750.9	0
1751.12	0
1751.34	0
1751.56	0
1751.78	0
1752	0
1752.22	0
1752.44	0
1752.66	0
1752.88	0
1753.1	0
1753.32	0
1753.54	0
1753.76	0
1753.98	0
1754.2	0
1754.42	0
1754.64	0
1754.86	0
1755.08	0
1755.3	0
1755.52	0
1755.74	1
1755.96	0
1756.18	0
1756.4	0
1756.62	0
1756.84	0
1757.06	0
1757.28	0
1757.5	0
1757.72	0
1757.94	0
1758.16	0
1758.38	0
1758.6	0
1758.82	0
1759.04	0
1759.26	0
1759.48	0
1759.7	0
1759.92	0
1760.14	0
1760.36	0
1760.58	0
1760.8	0
1761.02	0
1761.24	0
1761.46	0
1761.68	0
1761.9	0
1762.12	0
1762.34	0
1762.56	0
1762.78	0
1763	0
1763.22	0
1763.44	0
1763.66	0
1763.88	0
1764.1	0
1764.32	0
1764.54	0
1764.76	0
1764.98	0
1765.2	0
1765.42	0
1765.64	0
1765.86	0
1766.08	0
1766.3	0
1766.52	0
1766.74	0
1766.96	0
1767.18	0
1767.4	0
1767.62	0
1767.84	0
1768.06	0
1768.28	0
1768.5	0
1768.72	0
1768.94	0
1769.16	0
1769.38	0
1769.6	1
1769.82	0
1770.04	0
1770.26	0
1770.48	0
1770.7	0
1770.92	0
1771.14	0
1771.36	0
1771.58	0
1771.8	0
1772.03	0
1772.25	0
1772.47	0
1772.69	0
1772.91	0
1773.13	0
1773.35	0
1773.57	0
1773.79	0
1774.01	0
1774.23	0
1774.45	0
1774.67	0
1774.89	0
1775.11	0
1775.33	0
1775.55	0
1775.77	0
1775.99	0
1776.21	0
1776.43	0
1776.65	0
1776.87	0
1777.09	0
1777.31	0
1777.53	0
1777.75	0
1777.97	0
1778.19	0
1778.41	0
1778.63	0
1778.85	0
1779.07	0
1779.29	0
1779.51	0
1779.73	0
1779.95	0
1780.17	0
1780.39	0
1780.61	0
1780.83	0
1781.05	0
1781.27	0
1781.49	0
1781.71	0
1781.93	0
1782.15	0
1782.37	0
1782.59	0
1782.81	0
1783.03	0
1783.25	0
1783.47	0
1783.69	0
1783.91	0
1784.13	0
1784.35	0
1784.57	0
1784.79	0
1785.01	0
1785.23	0
1785.45	1
1785.67	0
1785.89	0
1786.11	0
1786.33	0
1786.55	0
1786.77	0
1786.99	0
1787.21	0
1787.43	0
1787.65	0
1787.87	0
1788.09	0
1788.31	0
1788.53	0
1788.75	0
1788.97	0
1789.19	0
1789.41	0
1789.63	0
1789.85	0
1790.07	0
1790.29	0
1790.51	0
1790.73	0
1790.95	0
1791.17	0
1791.39	0
1791.61	0
1791.83	0
1792.05	0
1792.27	0
1792.49	0
1792.71	0
1792.93	0
1793.15	0
1793.37	0
1793.59	0
1793.81	0
1794.04	0
1794.26	0
1794.48	0
1794.7	0
1794.92	0
1795.14	0
1795.36	0
1795.58	0
1795.8	0
1796.02	0
1796.24	0
1796.46	0
1796.68	0
1796.9	0
1797.12	0
1797.34	0
1797.56	0
1797.78	0
1798	0
1798.22	0
1798.44	0
1798.66	0
1798.88	0
1799.1	0
1799.32	0
1799.54	0
1799.76	0
1799.98	0
1800.2	0
1800.42	0
1800.64	0
1800.86	0
1801.08	0
1801.3	0
1801.52	0
1801.74	0
1801.96	0
1802.18	0
1802.4	0
1802.62	0
1802.84	0
