0.676274	0
1.05279	0
1.42939	0
1.80607	0
2.18285	0
2.55971	0
2.93665	0
3.31368	0
3.6908	0
4.06801	0
4.4453	0
4.82268	0
5.20014	0
5.57769	0
5.95533	0
6.33306	0
6.71087	0
7.08876	0
7.46675	0
7.84482	0
8.22297	0
8.60122	0
8.97955	0
9.35796	0
9.73646	0
10.1151	0
10.4937	0
10.8725	0
11.2513	0
11.6303	0
12.0093	0
12.3884	0
12.7676	0
13.1469	0
13.5262	0
13.9057	0
14.2852	0
14.6648	0
15.0446	0
15.4244	0
15.8042	0
16.1842	0
16.5643	0
16.9444	0
17.3246	0
17.705	0
18.0854	0
18.4658	0
18.8464	0
19.2271	0
19.6078	0
19.9887	0
20.3696	0
20.7506	0
21.1317	0
21.5128	0
21.8941	0
22.2755	0
22.6569	0
23.0384	0
23.42	0
23.8017	0
24.1835	0
24.5654	12
24.9473	79
25.3294	404
25.7115	916
26.0937	1125
26.476	1156
26.8584	1203
27.2408	1201
27.6234	1215
28.006	1310
28.3888	1391
28.7716	1477
29.1545	1668
29.5375	1791
29.9205	2002
30.3037	2216
30.6869	2466
31.0703	2755
31.4537	3073
31.8372	3338
32.2208	3726
32.6045	4275
32.9882	4781
33.3721	5372
33.756	6170
34.14	7198
34.5241	8153
34.9083	9425
35.2926	10846
35.6769	12516
36.0614	14710
36.4459	16483
36.8305	18974
37.2153	21053
37.6	22979
37.9849	25115
38.3699	26663
38.7549	27959
39.1401	28180
39.5253	28469
39.9106	28185
40.296	27177
40.6815	26003
41.067	24204
41.4527	22346
41.8384	20507
42.2243	18364
42.6102	16590
42.9962	15087
43.3822	13603
43.7684	12507
44.1547	11438
44.541	10805
44.9274	10044
45.3139	9547
45.7005	8899
46.0872	8648
46.474	7714
46.8608	7585
47.2478	7020
47.6348	6628
48.0219	5928
48.4091	5309
48.7964	4567
49.1838	4078
49.5712	3648
49.9587	3025
50.3464	2633
50.7341	2251
51.1219	1953
51.5098	1650
51.8977	1468
52.2858	1328
52.6739	1112
53.0621	1066
53.4505	984
53.8389	962
54.2273	871
54.6159	849
55.0046	797
55.3933	788
55.7821	785
56.171	845
56.56	800
56.9491	744
57.3383	735
57.7275	834
58.1169	814
58.5063	786
58.8958	779
59.2854	773
59.6751	808
60.0648	810
60.4547	789
60.8446	814
61.2347	827
61.6248	848
62.015	851
62.4052	829
62.7956	933
63.1861	921
63.5766	926
63.9672	989
64.3579	993
64.7487	982
65.1396	1041
65.5306	1053
65.9216	1115
66.3127	1181
66.704	1199
67.0953	1330
67.4867	1364
67.8781	1524
68.2697	1533
68.6614	1762
69.0531	1799
69.4449	1905
69.8368	2046
70.2288	2274
70.6209	2330
71.013	2577
71.4053	2738
71.7976	2913
72.19	3096
72.5825	3249
72.9751	3507
73.3678	3560
73.7606	3752
74.1534	3798
74.5463	3995
74.9393	3936
75.3324	3968
75.7256	4040
76.1189	3900
76.5123	3948
76.9057	3868
77.2992	3726
77.6928	3627
78.0865	3514
78.4803	3271
78.8742	3267
79.2681	3093
79.6622	2889
80.0563	2814
80.4505	2717
80.8448	2645
81.2392	2468
81.6336	2503
82.0282	2431
82.4228	2351
82.8175	2345
83.2124	2340
83.6072	2386
84.0022	2332
84.3973	2450
84.7924	2406
85.1877	2413
85.583	2541
85.9784	2521
86.3739	2469
86.7694	2490
87.1651	2457
87.5608	2408
87.9567	2371
88.3526	2319
88.7486	2282
89.1447	2240
89.5408	2155
89.9371	2030
90.3334	1970
90.7298	1861
91.1264	1846
91.5229	1802
91.9196	1705
92.3164	1519
92.7132	1519
93.1102	1501
93.5072	1388
93.9043	1341
94.3015	1330
94.6988	1236
95.0961	1217
95.4936	1168
95.8911	1097
96.2887	1101
96.6864	1072
97.0842	1084
97.4821	1006
97.88	1009
98.2781	960
98.6762	953
99.0744	960
99.4727	939
99.8711	965
100.27	933
100.668	907
101.067	886
101.465	949
101.864	906
102.263	867
102.662	890
103.061	967
103.46	1007
103.86	1017
104.259	982
104.658	1025
105.058	1031
105.457	1041
105.857	1023
106.257	1112
106.657	1144
107.056	1113
107.456	1238
107.856	1283
108.257	1363
108.657	1419
109.057	1470
109.458	1481
109.858	1711
110.259	1779
110.659	1965
111.06	2044
111.461	2308
111.862	2443
112.263	2682
112.664	2913
113.065	3178
113.466	3520
113.868	3769
114.269	4026
114.671	4370
115.072	4857
115.474	5178
115.876	5520
116.278	5927
116.68	6399
117.082	6715
117.484	7177
117.886	7600
118.288	8027
118.691	8514
119.093	8728
119.496	8762
119.898	9213
120.301	9479
120.704	9582
121.107	9771
121.51	9709
121.913	9638
122.316	9575
122.719	9501
123.122	9431
123.526	9137
123.929	8883
124.333	8452
124.736	8200
125.14	7940
125.544	7426
125.948	7218
126.352	6756
126.756	6187
127.16	5914
127.564	5358
127.968	5152
128.373	4643
128.777	4218
129.182	3909
129.587	3492
129.991	3169
130.396	2896
130.801	2696
131.206	2352
131.611	2170
132.016	2018
132.421	1800
132.827	1592
133.232	1478
133.638	1348
134.043	1123
134.449	1129
134.855	1013
135.26	953
135.666	932
136.072	836
136.478	768
136.885	781
137.291	741
137.697	772
138.104	684
138.51	689
138.917	643
139.323	696
139.73	647
140.137	669
140.544	662
140.951	619
141.358	640
141.765	630
142.173	691
142.58	650
142.987	674
143.395	653
143.802	663
144.21	666
144.618	645
145.026	668
145.434	643
145.842	644
146.25	646
146.658	625
147.066	679
147.475	664
147.883	681
148.292	685
148.7	685
149.109	628
149.518	677
149.927	659
150.336	694
150.745	661
151.154	691
151.563	706
151.972	710
152.382	722
152.791	679
153.201	736
153.61	686
154.02	685
154.43	693
154.84	646
155.25	641
155.66	680
156.07	660
156.48	721
156.89	727
157.301	704
157.711	734
158.122	648
158.532	643
158.943	689
159.354	705
159.765	653
160.176	649
160.587	702
160.998	692
161.409	649
161.82	728
162.232	688
162.643	691
163.055	659
163.466	722
163.878	706
164.29	722
164.702	690
165.114	709
165.526	656
165.938	685
166.35	739
166.763	707
167.175	712
167.588	685
168	660
168.413	756
168.825	717
169.238	714
169.651	696
170.064	729
170.477	687
170.89	722
171.304	699
171.717	719
172.13	713
172.544	678
172.957	633
173.371	720
173.785	610
174.199	670
174.613	680
175.027	650
175.441	632
175.855	635
176.269	617
176.683	711
177.098	666
177.512	615
177.927	660
178.342	658
178.756	630
179.171	648
179.586	626
180.001	593
180.416	627
180.831	665
181.247	595
181.662	609
182.077	581
182.493	658
182.908	609
183.324	623
183.74	576
184.156	629
184.572	583
184.988	562
185.404	580
185.82	577
186.236	623
186.652	588
187.069	578
187.485	564
187.902	595
188.319	573
188.735	556
189.152	598
189.569	591
189.986	581
190.403	587
190.82	553
191.238	626
191.655	563
192.072	621
192.49	546
192.907	571
193.325	560
193.743	553
194.161	554
194.579	583
194.997	583
195.415	561
195.833	585
196.251	557
196.67	563
197.088	544
197.506	575
197.925	577
198.344	615
198.763	587
199.181	628
199.6	550
200.019	602
200.438	595
200.858	623
201.277	557
201.696	581
202.116	568
202.535	535
202.955	608
203.374	563
203.794	585
204.214	587
204.634	603
205.054	546
205.474	561
205.894	608
206.314	562
206.735	591
207.155	594
207.576	582
207.996	531
208.417	574
208.838	577
209.259	594
209.68	550
210.101	571
210.522	556
210.943	564
211.364	566
211.785	553
212.207	599
212.628	563
213.05	561
213.472	603
213.893	586
214.315	588
214.737	516
215.159	559
215.581	561
216.004	541
216.426	524
216.848	574
217.271	551
217.693	606
218.116	590
218.538	551
218.961	568
219.384	595
219.807	556
220.23	555
220.653	552
221.076	596
221.499	612
221.923	600
222.346	620
222.77	578
223.193	631
223.617	669
224.041	704
224.465	719
224.888	627
225.312	715
225.737	713
226.161	698
226.585	747
227.009	818
227.434	751
227.858	848
228.283	805
228.708	846
229.132	833
229.557	843
229.982	929
230.407	959
230.832	972
231.257	983
231.683	974
232.108	991
232.533	1054
232.959	1079
233.384	1086
233.81	1072
234.236	1077
234.662	1170
235.088	1203
235.514	1176
235.94	1299
236.366	1278
236.792	1268
237.218	1233
237.645	1269
238.071	1276
238.498	1339
238.925	1330
239.351	1333
239.778	1343
240.205	1307
240.632	1365
241.059	1318
241.486	1286
241.914	1309
242.341	1360
242.768	1415
243.196	1317
243.623	1352
244.051	1326
244.479	1260
244.907	1320
245.334	1252
245.762	1303
246.19	1209
246.619	1329
247.047	1229
247.475	1185
247.904	1215
248.332	1220
248.761	1162
249.189	1155
249.618	1132
250.047	1151
250.476	1056
250.905	1097
251.334	1031
251.763	1007
252.192	974
252.622	972
253.051	936
253.48	907
253.91	898
254.34	904
254.769	905
255.199	816
255.629	775
256.059	791
256.489	804
256.919	752
257.349	765
257.78	671
258.21	702
258.641	710
259.071	691
259.502	653
259.932	626
260.363	595
260.794	600
261.225	576
261.656	567
262.087	568
262.518	539
262.95	553
263.381	532
263.813	526
264.244	521
264.676	469
265.108	477
265.539	480
265.971	513
266.403	459
266.835	455
267.267	489
267.699	445
268.132	438
268.564	464
268.997	434
269.429	483
269.862	473
270.294	405
270.727	450
271.16	427
271.593	452
272.026	418
272.459	417
272.892	449
273.326	405
273.759	435
274.192	416
274.626	444
275.06	421
275.493	407
275.927	412
276.361	437
276.795	432
277.229	403
277.663	439
278.097	415
278.531	417
278.966	378
279.4	449
279.835	411
280.269	420
280.704	428
281.139	417
281.573	394
282.008	404
282.443	448
282.879	420
283.314	440
283.749	419
284.184	405
284.62	404
285.055	413
285.491	412
285.926	415
286.362	449
286.798	457
287.234	448
287.67	426
288.106	401
288.542	383
288.978	422
289.415	413
289.851	436
290.288	418
290.724	432
291.161	427
291.597	417
292.034	413
292.471	438
292.908	383
293.345	444
293.782	416
294.22	405
294.657	412
295.094	437
295.532	414
295.969	402
296.407	473
296.845	431
297.282	429
297.72	451
298.158	394
298.596	445
299.034	398
299.473	394
299.911	439
300.349	412
300.788	403
301.226	429
301.665	380
302.104	415
302.542	392
302.981	381
303.42	418
303.859	399
304.298	416
304.738	377
305.177	388
305.616	405
306.056	393
306.495	395
306.935	440
307.374	407
307.814	398
308.254	364
308.694	432
309.134	442
309.574	458
310.014	437
310.454	433
310.895	432
311.335	401
311.776	406
312.216	467
312.657	486
313.098	488
313.539	487
313.979	509
314.42	491
314.862	474
315.303	542
315.744	552
316.185	552
316.627	591
317.068	614
317.51	604
317.951	608
318.393	664
318.835	646
319.277	622
319.719	720
320.161	672
320.603	729
321.045	746
321.487	793
321.93	779
322.372	845
322.815	825
323.258	941
323.7	961
324.143	986
324.586	962
325.029	950
325.472	1012
325.915	1141
326.358	1125
326.801	1171
327.245	1143
327.688	1157
328.132	1281
328.575	1246
329.019	1386
329.463	1256
329.907	1430
330.351	1339
330.795	1340
331.239	1513
331.683	1522
332.127	1550
332.572	1507
333.016	1519
333.46	1593
333.905	1541
334.35	1557
334.794	1650
335.239	1724
335.684	1692
336.129	1807
336.574	1778
337.019	1815
337.465	1810
337.91	1817
338.355	1881
338.801	1846
339.246	1850
339.692	1757
340.138	1828
340.584	1897
341.03	1888
341.476	1787
341.922	1794
342.368	1837
342.814	1884
343.26	1877
343.707	1856
344.153	1810
344.6	1875
345.046	1820
345.493	1731
345.94	1817
346.387	1858
346.834	1678
347.281	1822
347.728	1697
348.175	1696
348.622	1746
349.07	1673
349.517	1630
349.964	1650
350.412	1619
350.86	1604
351.308	1571
351.755	1513
352.203	1575
352.651	1507
353.099	1498
353.548	1462
353.996	1416
354.444	1322
354.893	1286
355.341	1344
355.79	1238
356.238	1251
356.687	1157
357.136	1162
357.585	1163
358.034	1101
358.483	1048
358.932	1031
359.381	1045
359.83	1012
360.28	946
360.729	905
361.179	942
361.628	908
362.078	824
362.528	790
362.978	764
363.428	792
363.878	742
364.328	710
364.778	722
365.228	624
365.679	662
366.129	655
366.58	594
367.03	567
367.481	609
367.932	545
368.383	531
368.834	532
369.285	496
369.736	506
370.187	483
370.638	469
371.089	477
371.541	415
371.992	412
372.444	431
372.896	430
373.347	412
373.799	369
374.251	390
374.703	352
375.155	375
375.607	361
376.059	364
376.512	377
376.964	337
377.417	365
377.869	362
378.322	322
378.775	307
379.227	301
379.68	342
380.133	307
380.586	327
381.039	333
381.493	292
381.946	306
382.399	300
382.853	328
383.306	317
383.76	329
384.213	308
384.667	319
385.121	311
385.575	310
386.029	324
386.483	284
386.937	317
387.391	292
387.846	321
388.3	338
388.755	350
389.209	334
389.664	325
390.119	293
390.573	329
391.028	327
391.483	306
391.938	337
392.393	320
392.849	313
393.304	318
393.759	295
394.215	321
394.67	318
395.126	298
395.582	321
396.037	319
396.493	315
396.949	315
397.405	324
397.861	296
398.318	331
398.774	338
399.23	294
399.687	344
400.143	299
400.6	334
401.056	324
401.513	324
401.97	324
402.427	353
402.884	319
403.341	332
403.798	379
404.255	334
404.713	298
405.17	388
405.628	339
406.085	365
406.543	349
407	361
407.458	330
407.916	375
408.374	381
408.832	328
409.29	368
409.748	359
410.207	356
410.665	345
411.123	344
411.582	335
412.041	360
412.499	346
412.958	351
413.417	320
413.876	365
414.335	350
414.794	373
415.253	329
415.712	383
416.172	329
416.631	401
417.091	377
417.55	366
418.01	355
418.47	351
418.929	353
419.389	362
419.849	413
420.309	369
420.769	339
421.23	383
421.69	364
422.15	366
422.611	334
423.071	375
423.532	390
423.993	371
424.453	350
424.914	345
425.375	337
425.836	351
426.297	357
426.758	354
427.22	355
427.681	365
428.142	343
428.604	375
429.065	364
429.527	328
429.989	354
430.451	379
430.913	383
431.375	322
431.837	353
432.299	355
432.761	349
433.223	384
433.686	336
434.148	374
434.611	349
435.073	330
435.536	341
435.999	339
436.462	367
436.925	319
437.388	368
437.851	368
438.314	376
438.777	371
439.24	383
439.704	342
440.167	376
440.631	350
441.095	351
441.558	365
442.022	340
442.486	359
442.95	341
443.414	373
443.878	365
444.342	347
444.807	348
445.271	370
445.736	367
446.2	362
446.665	355
447.129	350
447.594	351
448.059	339
448.524	331
448.989	323
449.454	335
449.919	341
450.385	354
450.85	356
451.315	319
451.781	314
452.246	328
452.712	327
453.178	329
453.644	329
454.11	341
454.576	330
455.042	308
455.508	312
455.974	319
456.44	344
456.907	289
457.373	324
457.84	329
458.306	288
458.773	303
459.24	291
459.707	302
460.174	310
460.641	308
461.108	303
461.575	276
462.042	318
462.509	325
462.977	320
463.444	306
463.912	288
464.38	313
464.847	268
465.315	270
465.783	286
466.251	283
466.719	282
467.187	297
467.655	283
468.124	273
468.592	265
469.061	257
469.529	286
469.998	275
470.466	255
470.935	298
471.404	265
471.873	267
472.342	270
472.811	255
473.28	265
473.749	276
474.219	297
474.688	239
475.158	287
475.627	214
476.097	261
476.567	279
477.036	251
477.506	273
477.976	250
478.446	269
478.917	260
479.387	280
479.857	283
480.327	261
480.798	254
481.268	253
481.739	249
482.21	224
482.68	251
483.151	260
483.622	279
484.093	284
484.564	256
485.035	243
485.507	252
485.978	274
486.449	282
486.921	271
487.392	236
487.864	246
488.336	272
488.808	271
489.279	284
489.751	263
490.223	242
490.696	267
491.168	247
491.64	252
492.112	250
492.585	253
493.057	282
493.53	238
494.003	279
494.475	235
494.948	247
495.421	234
495.894	271
496.367	263
496.84	263
497.314	229
497.787	268
498.26	264
498.734	233
499.207	251
499.681	283
500.155	257
500.628	282
501.102	271
501.576	262
502.05	237
502.524	244
502.998	252
503.473	247
503.947	234
504.421	280
504.896	252
505.371	253
505.845	289
506.32	246
506.795	242
507.27	230
507.745	259
508.22	273
508.695	277
509.17	267
509.645	264
510.121	259
510.596	256
511.072	247
511.547	240
512.023	213
512.499	275
512.975	256
513.45	257
513.926	252
514.403	249
514.879	281
515.355	233
515.831	244
516.308	237
516.784	271
517.261	285
517.737	260
518.214	227
518.691	233
519.168	263
519.645	257
520.122	262
520.599	247
521.076	216
521.553	229
522.031	232
522.508	260
522.986	244
523.463	253
523.941	257
524.418	252
524.896	228
525.374	250
525.852	247
526.33	240
526.808	256
527.287	264
527.765	240
528.243	243
528.722	230
529.2	253
529.679	237
530.158	265
530.636	259
531.115	252
531.594	234
532.073	244
532.552	260
533.031	242
533.511	234
533.99	250
534.469	272
534.949	249
535.428	228
535.908	278
536.388	216
536.867	238
537.347	248
537.827	262
538.307	240
538.787	257
539.268	238
539.748	275
540.228	254
540.709	244
541.189	242
541.67	247
542.15	243
542.631	226
543.112	244
543.593	225
544.074	220
544.555	227
545.036	256
545.517	218
545.999	236
546.48	231
546.961	239
547.443	224
547.924	242
548.406	232
548.888	219
549.37	227
549.852	271
550.334	257
550.816	242
551.298	256
551.78	237
552.262	241
552.745	231
553.227	234
553.71	249
554.192	257
554.675	248
555.158	246
555.641	254
556.124	240
556.607	230
557.09	251
557.573	235
558.056	243
558.54	249
559.023	268
559.507	219
559.99	240
560.474	237
560.958	234
561.441	238
561.925	246
562.409	231
562.893	226
563.377	249
563.862	245
564.346	248
564.83	261
565.315	232
565.799	220
566.284	253
566.768	224
567.253	243
567.738	222
568.223	225
568.708	247
569.193	217
569.678	223
570.163	230
570.649	253
571.134	235
571.619	256
572.105	216
572.591	221
573.076	228
573.562	240
574.048	226
574.534	238
575.02	233
575.506	236
575.992	227
576.478	218
576.965	242
577.451	193
577.937	250
578.424	248
578.911	231
579.397	218
579.884	219
580.371	242
580.858	217
581.345	236
581.832	218
582.319	234
582.806	218
583.294	218
583.781	239
584.269	223
584.756	202
585.244	216
585.732	235
586.219	231
586.707	224
587.195	233
587.683	215
588.171	200
588.66	240
589.148	195
589.636	215
590.125	238
590.613	232
591.102	211
591.59	223
592.079	218
592.568	220
593.057	208
593.546	202
594.035	203
594.524	196
595.013	208
595.503	200
595.992	192
596.481	202
596.971	213
597.46	206
597.95	229
598.44	198
598.93	221
599.42	194
599.91	183
600.4	194
600.89	205
601.38	194
601.87	190
602.361	180
602.851	224
603.342	227
603.832	212
604.323	196
604.814	221
605.305	185
605.796	198
606.287	199
606.778	196
607.269	208
607.76	194
608.251	208
608.743	189
609.234	186
609.726	211
610.217	203
610.709	178
611.201	192
611.693	167
612.185	178
612.677	203
613.169	171
613.661	205
614.153	190
614.646	190
615.138	163
615.631	191
616.123	179
616.616	173
617.108	189
617.601	189
618.094	197
618.587	179
619.08	205
619.573	200
620.066	183
620.56	185
621.053	178
621.546	170
622.04	185
622.533	217
623.027	193
623.521	195
624.015	185
624.509	183
625.002	183
625.497	171
625.991	216
626.485	168
626.979	183
627.473	201
627.968	186
628.462	178
628.957	175
629.452	179
629.946	181
630.441	202
630.936	189
631.431	176
631.926	176
632.421	169
632.916	192
633.412	191
633.907	181
634.403	162
634.898	187
635.394	207
635.889	203
636.385	198
636.881	167
637.377	178
637.873	180
638.369	187
638.865	186
639.361	186
639.858	170
640.354	221
640.85	195
641.347	194
641.843	172
642.34	167
642.837	179
643.334	179
643.831	176
644.328	169
644.825	188
645.322	171
645.819	170
646.316	198
646.814	203
647.311	186
647.809	180
648.306	186
648.804	183
649.302	182
649.8	189
650.298	196
650.796	163
651.294	165
651.792	196
652.29	169
652.788	182
653.287	195
653.785	178
654.284	183
654.782	178
655.281	202
655.78	191
656.279	164
656.778	155
657.277	186
657.776	190
658.275	174
658.774	188
659.273	189
659.773	191
660.272	169
660.772	205
661.271	210
661.771	185
662.271	191
662.771	200
663.271	201
663.771	177
664.271	184
664.771	189
665.271	183
665.771	209
666.272	214
666.772	183
667.273	177
667.773	211
668.274	237
668.775	188
669.276	188
669.777	189
670.278	188
670.779	200
671.28	186
671.781	177
672.283	181
672.784	175
673.285	199
673.787	179
674.289	195
674.79	207
675.292	195
675.794	179
676.296	188
676.798	222
677.3	189
677.802	209
678.304	197
678.807	203
679.309	169
679.812	175
680.314	196
680.817	184
681.319	178
681.822	202
682.325	199
682.828	189
683.331	199
683.834	194
684.337	178
684.841	209
685.344	158
685.847	181
686.351	177
686.854	197
687.358	199
687.862	188
688.365	188
688.869	202
689.373	193
689.877	214
690.381	206
690.886	224
691.39	206
691.894	179
692.398	191
692.903	195
693.408	197
693.912	189
694.417	198
694.922	182
695.427	180
695.931	230
696.436	226
696.942	171
697.447	184
697.952	155
698.457	183
698.963	180
699.468	192
699.974	209
700.479	191
700.985	201
701.491	195
701.997	203
702.503	186
703.009	160
703.515	181
704.021	196
704.527	183
705.033	198
705.54	164
706.046	187
706.553	194
707.06	176
707.566	207
708.073	150
708.58	181
709.087	189
709.594	201
710.101	169
710.608	192
711.115	175
711.623	172
712.13	163
712.638	184
713.145	177
713.653	188
714.16	186
714.668	149
715.176	165
715.684	190
716.192	161
716.7	170
717.208	199
717.716	183
718.225	195
718.733	197
719.242	180
719.75	180
720.259	176
720.767	181
721.276	188
721.785	183
722.294	179
722.803	191
723.312	183
723.821	194
724.33	201
724.84	183
725.349	188
725.859	169
726.368	187
726.878	206
727.387	184
727.897	164
728.407	156
728.917	192
729.427	163
729.937	167
730.447	165
730.957	185
731.468	153
731.978	168
732.489	167
732.999	177
733.51	185
734.02	184
734.531	168
735.042	179
735.553	180
736.064	159
736.575	207
737.086	184
737.597	193
738.109	185
738.62	171
739.131	185
739.643	199
740.155	190
740.666	157
741.178	195
741.69	178
742.202	168
742.714	177
743.226	192
743.738	175
744.25	170
744.762	193
745.275	196
745.787	196
746.3	200
746.812	211
747.325	175
747.838	185
748.351	170
748.864	209
749.376	205
749.89	173
750.403	199
750.916	204
751.429	212
751.943	194
752.456	182
752.969	212
753.483	196
753.997	208
754.51	212
755.024	209
755.538	208
756.052	240
756.566	230
757.08	225
757.594	215
758.109	194
758.623	236
759.137	220
759.652	205
760.167	239
760.681	242
761.196	252
761.711	234
762.226	242
762.741	223
763.256	241
763.771	252
764.286	241
764.801	274
765.316	243
765.832	255
766.347	236
766.863	241
767.379	259
767.894	252
768.41	275
768.926	251
769.442	250
769.958	248
770.474	257
770.99	263
771.506	254
772.023	278
772.539	289
773.056	275
773.572	280
774.089	271
774.605	319
775.122	311
775.639	277
776.156	264
776.673	279
777.19	266
777.707	279
778.225	274
778.742	273
779.259	294
779.777	263
780.294	282
780.812	317
781.329	288
781.847	274
782.365	308
782.883	261
783.401	275
783.919	305
784.437	276
784.955	273
785.474	286
785.992	287
786.511	287
787.029	270
787.548	277
788.066	258
788.585	270
789.104	306
789.623	298
790.142	285
790.661	269
791.18	263
791.699	270
792.218	295
792.738	282
793.257	284
793.777	254
794.296	284
794.816	276
795.336	286
795.856	233
796.375	282
796.895	277
797.415	251
797.935	252
798.456	285
798.976	274
799.496	282
800.017	247
800.537	231
801.058	253
801.578	265
802.099	256
802.62	241
803.141	249
803.662	230
804.183	241
804.704	237
805.225	228
805.746	240
806.268	228
806.789	241
807.31	252
807.832	226
808.354	240
808.875	246
809.397	203
809.919	217
810.441	223
810.963	194
811.485	218
812.007	216
812.529	192
813.052	209
813.574	196
814.096	210
814.619	192
815.142	200
815.664	187
816.187	190
816.71	179
817.233	186
817.756	172
818.279	168
818.802	145
819.325	187
819.848	202
820.372	178
820.895	183
821.419	171
821.942	141
822.466	170
822.99	149
823.513	185
824.037	181
824.561	188
825.085	173
825.609	146
826.134	156
826.658	146
827.182	138
827.707	161
828.231	164
828.756	161
829.28	148
829.805	165
830.33	162
830.855	155
831.38	142
831.905	171
832.43	150
832.955	159
833.48	175
834.005	162
834.531	162
835.056	150
835.582	139
836.107	156
836.633	161
837.159	158
837.685	149
838.211	167
838.737	149
839.263	146
839.789	169
840.315	144
840.841	140
841.368	146
841.894	143
842.421	143
842.947	146
843.474	131
844.001	134
844.528	152
845.054	139
845.581	130
846.108	133
846.636	166
847.163	142
847.69	153
848.217	137
848.745	156
849.272	133
849.8	148
850.327	159
850.855	129
851.383	128
851.911	132
852.439	149
852.967	173
853.495	172
854.023	135
854.551	153
855.08	147
855.608	137
856.136	176
856.665	154
857.194	140
857.722	154
858.251	146
858.78	130
859.309	182
859.838	165
860.367	149
860.896	139
861.425	134
861.955	138
862.484	145
863.013	116
863.543	163
864.072	142
864.602	127
865.132	145
865.662	170
866.192	130
866.722	159
867.252	156
867.782	159
868.312	166
868.842	138
869.373	165
869.903	150
870.433	138
870.964	160
871.495	161
872.025	162
872.556	158
873.087	162
873.618	160
874.149	142
874.68	146
875.211	127
875.742	159
876.274	149
876.805	150
877.337	124
877.868	170
878.4	147
878.931	145
879.463	135
879.995	146
880.527	130
881.059	140
881.591	118
882.123	148
882.655	137
883.188	139
883.72	141
884.252	122
884.785	142
885.317	111
885.85	152
886.383	138
886.916	116
887.449	133
887.981	138
888.515	149
889.048	101
889.581	100
890.114	125
890.647	146
891.181	127
891.714	133
892.248	128
892.781	114
893.315	116
893.849	127
894.383	135
894.917	127
895.451	111
895.985	104
896.519	85
897.053	103
897.587	108
898.122	109
898.656	110
899.191	104
899.725	101
900.26	114
900.795	126
901.33	91
901.864	128
902.399	99
902.934	112
903.47	101
904.005	119
904.54	91
905.075	95
905.611	108
906.146	99
906.682	108
907.217	108
907.753	99
908.289	105
908.825	104
909.361	96
909.897	109
910.433	92
910.969	97
911.505	89
912.041	84
912.578	111
913.114	105
913.651	120
914.187	89
914.724	96
915.261	104
915.798	108
916.335	125
916.872	108
917.409	110
917.946	106
918.483	95
919.02	107
919.558	103
920.095	98
920.632	91
921.17	102
921.708	97
922.245	104
922.783	88
923.321	88
923.859	97
924.397	92
924.935	86
925.473	104
926.011	101
926.55	100
927.088	113
927.627	94
928.165	103
928.704	110
929.242	108
929.781	110
930.32	99
930.859	107
931.398	112
931.937	112
932.476	131
933.015	113
933.554	115
934.094	103
934.633	119
935.173	122
935.712	98
936.252	114
936.792	120
937.331	113
937.871	110
938.411	97
938.951	109
939.491	121
940.031	118
940.572	102
941.112	120
941.652	136
942.193	122
942.733	129
943.274	121
943.815	143
944.355	141
944.896	125
945.437	142
945.978	151
946.519	131
947.06	135
947.601	129
948.143	121
948.684	131
949.225	150
949.767	143
950.309	159
950.85	129
951.392	132
951.934	133
952.476	147
953.017	155
953.559	142
954.102	116
954.644	151
955.186	179
955.728	159
956.271	157
956.813	162
957.356	155
957.898	168
958.441	159
958.984	155
959.526	167
960.069	157
960.612	160
961.155	152
961.698	178
962.242	179
962.785	152
963.328	166
963.872	160
964.415	165
964.959	168
965.502	193
966.046	184
966.59	152
967.134	166
967.678	169
968.222	200
968.766	163
969.31	184
969.854	184
970.398	170
970.943	163
971.487	188
972.032	188
972.576	178
973.121	185
973.666	187
974.21	171
974.755	177
975.3	170
975.845	146
976.39	187
976.935	169
977.481	173
978.026	165
978.571	168
979.117	167
979.662	167
980.208	193
980.754	163
981.3	183
981.845	160
982.391	209
982.937	156
983.483	164
984.029	174
984.576	157
985.122	155
985.668	181
986.215	140
986.761	133
987.308	181
987.854	137
988.401	149
988.948	145
989.495	150
990.042	160
990.589	150
991.136	161
991.683	136
992.23	135
992.778	140
993.325	143
993.872	135
994.42	138
994.968	143
995.515	148
996.063	172
996.611	141
997.159	132
997.707	130
998.255	133
998.803	143
999.351	114
999.899	111
1000.45	109
1001	114
1001.54	133
1002.09	120
1002.64	128
1003.19	120
1003.74	121
1004.29	126
1004.84	120
1005.39	120
1005.93	111
1006.48	91
1007.03	105
1007.58	119
1008.13	101
1008.68	77
1009.23	110
1009.78	98
1010.33	99
1010.88	83
1011.43	94
1011.98	106
1012.53	96
1013.08	90
1013.63	100
1014.18	75
1014.73	84
1015.28	93
1015.83	82
1016.38	78
1016.93	87
1017.48	86
1018.03	81
1018.58	88
1019.13	77
1019.69	79
1020.24	74
1020.79	76
1021.34	85
1021.89	66
1022.44	73
1022.99	66
1023.54	74
1024.1	83
1024.65	84
1025.2	70
1025.75	88
1026.3	57
1026.85	68
1027.41	71
1027.96	82
1028.51	66
1029.06	75
1029.61	72
1030.17	80
1030.72	71
1031.27	63
1031.82	51
1032.38	69
1032.93	88
1033.48	80
1034.03	76
1034.59	79
1035.14	76
1035.69	65
1036.25	70
1036.8	78
1037.35	67
1037.91	80
1038.46	62
1039.01	82
1039.57	88
1040.12	82
1040.67	81
1041.23	62
1041.78	80
1042.33	71
1042.89	63
1043.44	79
1044	74
1044.55	63
1045.11	85
1045.66	72
1046.21	66
1046.77	80
1047.32	76
1047.88	70
1048.43	91
1048.99	85
1049.54	75
1050.1	76
1050.65	75
1051.21	64
1051.76	87
1052.32	69
1052.87	90
1053.43	77
1053.98	105
1054.54	90
1055.09	97
1055.65	89
1056.21	80
1056.76	80
1057.32	71
1057.87	80
1058.43	92
1058.99	87
1059.54	79
1060.1	108
1060.65	93
1061.21	112
1061.77	109
1062.32	93
1062.88	111
1063.44	91
1063.99	90
1064.55	104
1065.11	106
1065.66	104
1066.22	98
1066.78	111
1067.33	125
1067.89	113
1068.45	112
1069.01	117
1069.56	116
1070.12	125
1070.68	112
1071.24	126
1071.79	129
1072.35	112
1072.91	125
1073.47	139
1074.03	133
1074.58	136
1075.14	109
1075.7	132
1076.26	132
1076.82	152
1077.38	140
1077.93	127
1078.49	138
1079.05	151
1079.61	133
1080.17	134
1080.73	177
1081.29	137
1081.85	179
1082.41	143
1082.96	162
1083.52	172
1084.08	163
1084.64	197
1085.2	138
1085.76	160
1086.32	167
1086.88	146
1087.44	184
1088	163
1088.56	159
1089.12	158
1089.68	171
1090.24	176
1090.8	165
1091.36	168
1091.92	182
1092.48	179
1093.04	173
1093.6	200
1094.16	169
1094.72	192
1095.29	193
1095.85	192
1096.41	184
1096.97	180
1097.53	199
1098.09	194
1098.65	191
1099.21	201
1099.77	230
1100.34	198
1100.9	204
1101.46	219
1102.02	193
1102.58	172
1103.14	196
1103.71	197
1104.27	210
1104.83	191
1105.39	217
1105.95	226
1106.52	212
1107.08	187
1107.64	197
1108.2	203
1108.77	183
1109.33	195
1109.89	202
1110.45	206
1111.02	192
1111.58	195
1112.14	185
1112.7	213
1113.27	194
1113.83	232
1114.39	197
1114.96	203
1115.52	221
1116.08	175
1116.65	232
1117.21	199
1117.78	213
1118.34	211
1118.9	183
1119.47	203
1120.03	188
1120.59	237
1121.16	188
1121.72	202
1122.29	205
1122.85	216
1123.42	209
1123.98	197
1124.54	225
1125.11	189
1125.67	203
1126.24	184
1126.8	204
1127.37	202
1127.93	186
1128.5	157
1129.06	173
1129.63	186
1130.19	176
1130.76	156
1131.32	172
1131.89	192
1132.46	153
1133.02	147
1133.59	160
1134.15	157
1134.72	164
1135.28	157
1135.85	167
1136.42	147
1136.98	153
1137.55	140
1138.11	153
1138.68	130
1139.25	148
1139.81	151
1140.38	161
1140.95	131
1141.51	162
1142.08	152
1142.65	133
1143.21	154
1143.78	139
1144.35	132
1144.92	137
1145.48	108
1146.05	126
1146.62	129
1147.18	129
1147.75	125
1148.32	149
1148.89	129
1149.46	107
1150.02	149
1150.59	126
1151.16	138
1151.73	101
1152.29	115
1152.86	104
1153.43	121
1154	105
1154.57	104
1155.14	118
1155.7	103
1156.27	110
1156.84	101
1157.41	110
1157.98	89
1158.55	83
1159.12	107
1159.69	93
1160.25	96
1160.82	92
1161.39	82
1161.96	76
1162.53	91
1163.1	95
1163.67	72
1164.24	81
1164.81	82
1165.38	70
1165.95	67
1166.52	78
1167.09	69
1167.66	76
1168.23	79
1168.8	72
1169.37	91
1169.94	78
1170.51	62
1171.08	75
1171.65	70
1172.22	77
1172.79	51
1173.36	71
1173.93	75
1174.5	73
1175.07	44
1175.65	75
1176.22	36
1176.79	56
1177.36	52
1177.93	37
1178.5	59
1179.07	55
1179.64	51
1180.22	53
1180.79	49
1181.36	52
1181.93	46
1182.5	53
1183.07	37
1183.65	34
1184.22	48
1184.79	49
1185.36	53
1185.94	45
1186.51	47
1187.08	51
1187.65	47
1188.23	38
1188.8	38
1189.37	41
1189.94	52
1190.52	51
1191.09	43
1191.66	30
1192.24	39
1192.81	41
1193.38	44
1193.95	37
1194.53	41
1195.1	45
1195.67	51
1196.25	36
1196.82	35
1197.4	45
1197.97	47
1198.54	39
1199.12	28
1199.69	39
1200.27	36
1200.84	44
1201.41	35
1201.99	29
1202.56	36
1203.14	40
1203.71	34
1204.29	36
1204.86	34
1205.43	37
1206.01	28
1206.58	29
1207.16	31
1207.73	28
1208.31	34
1208.88	28
1209.46	34
1210.03	41
1210.61	29
1211.19	34
1211.76	41
1212.34	34
1212.91	28
1213.49	35
1214.06	35
1214.64	21
1215.21	27
1215.79	31
1216.37	25
1216.94	30
1217.52	29
1218.1	32
1218.67	37
1219.25	42
1219.82	28
1220.4	33
1220.98	36
1221.55	32
1222.13	23
1222.71	15
1223.28	24
1223.86	37
1224.44	20
1225.02	30
1225.59	23
1226.17	22
1226.75	30
1227.32	24
1227.9	26
1228.48	26
1229.06	33
1229.64	30
1230.21	28
1230.79	19
1231.37	27
1231.95	10
1232.52	20
1233.1	24
1233.68	20
1234.26	24
1234.84	18
1235.42	28
1235.99	17
1236.57	22
1237.15	20
1237.73	18
1238.31	17
1238.89	23
1239.47	19
1240.04	22
1240.62	25
1241.2	25
1241.78	39
1242.36	13
1242.94	21
1243.52	24
1244.1	32
1244.68	24
1245.26	20
1245.84	16
1246.42	23
1247	15
1247.58	29
1248.16	15
1248.74	27
1249.32	18
1249.9	33
1250.48	23
1251.06	21
1251.64	13
1252.22	23
1252.8	13
1253.38	24
1253.96	20
1254.54	25
1255.12	19
1255.7	15
1256.28	21
1256.86	20
1257.45	25
1258.03	12
1258.61	22
1259.19	19
1259.77	16
1260.35	23
1260.93	22
1261.51	12
1262.1	19
1262.68	20
1263.26	19
1263.84	24
1264.42	17
1265.01	16
1265.59	15
1266.17	16
1266.75	10
1267.33	17
1267.92	20
1268.5	14
1269.08	22
1269.66	9
1270.25	14
1270.83	19
1271.41	17
1271.99	21
1272.58	19
1273.16	15
1273.74	17
1274.33	22
1274.91	17
1275.49	19
1276.08	17
1276.66	12
1277.24	17
1277.83	26
1278.41	14
1278.99	10
1279.58	20
1280.16	13
1280.75	16
1281.33	16
1281.91	6
1282.5	14
1283.08	17
1283.67	17
1284.25	18
1284.83	12
1285.42	27
1286	17
1286.59	26
1287.17	13
1287.76	12
1288.34	15
1288.93	17
1289.51	19
1290.1	13
1290.68	12
1291.27	13
1291.85	14
1292.44	22
1293.02	12
1293.61	16
1294.19	10
1294.78	17
1295.36	18
1295.95	16
1296.54	12
1297.12	21
1297.71	14
1298.29	20
1298.88	14
1299.47	18
1300.05	9
1300.64	19
1301.22	15
1301.81	16
1302.4	13
1302.98	16
1303.57	16
1304.16	20
1304.74	13
1305.33	11
1305.92	17
1306.5	16
1307.09	7
1307.68	17
1308.27	10
1308.85	17
1309.44	14
1310.03	16
1310.61	17
1311.2	23
1311.79	20
1312.38	14
1312.97	14
1313.55	14
1314.14	20
1314.73	7
1315.32	18
1315.91	12
1316.49	18
1317.08	12
1317.67	11
1318.26	10
1318.85	9
1319.43	9
1320.02	14
1320.61	14
1321.2	8
1321.79	6
1322.38	17
1322.97	19
1323.56	7
1324.15	18
1324.73	17
1325.32	21
1325.91	10
1326.5	16
1327.09	16
1327.68	20
1328.27	7
1328.86	11
1329.45	14
1330.04	18
1330.63	13
1331.22	13
1331.81	15
1332.4	13
1332.99	17
1333.58	8
1334.17	11
1334.76	13
1335.35	10
1335.94	10
1336.53	15
1337.12	18
1337.71	6
1338.3	8
1338.89	16
1339.48	10
1340.08	14
1340.67	15
1341.26	14
1341.85	9
1342.44	11
1343.03	9
1343.62	18
1344.21	11
1344.81	13
1345.4	9
1345.99	14
1346.58	16
1347.17	14
1347.76	17
1348.36	15
1348.95	5
1349.54	14
1350.13	10
1350.72	11
1351.32	15
1351.91	15
1352.5	16
1353.09	14
1353.69	18
1354.28	21
1354.87	15
1355.46	16
1356.06	9
1356.65	19
1357.24	18
1357.84	11
1358.43	16
1359.02	15
1359.62	13
1360.21	22
1360.8	23
1361.4	23
1361.99	22
1362.58	25
1363.18	15
1363.77	12
1364.36	30
1364.96	22
1365.55	18
1366.15	24
1366.74	27
1367.33	17
1367.93	25
1368.52	30
1369.12	22
1369.71	19
1370.3	23
1370.9	33
1371.49	39
1372.09	37
1372.68	33
1373.28	30
1373.87	38
1374.47	41
1375.06	42
1375.66	32
1376.25	36
1376.85	29
1377.44	46
1378.04	28
1378.63	36
1379.23	44
1379.83	47
1380.42	39
1381.02	45
1381.61	47
1382.21	47
1382.8	49
1383.4	55
1384	53
1384.59	64
1385.19	47
1385.79	32
1386.38	47
1386.98	60
1387.57	58
1388.17	56
1388.77	53
1389.36	73
1389.96	53
1390.56	58
1391.15	88
1391.75	65
1392.35	72
1392.95	77
1393.54	59
1394.14	70
1394.74	52
1395.34	58
1395.93	73
1396.53	76
1397.13	73
1397.73	65
1398.32	91
1398.92	74
1399.52	75
1400.12	79
1400.71	81
1401.31	84
1401.91	66
1402.51	91
1403.11	77
1403.71	86
1404.3	77
1404.9	92
1405.5	86
1406.1	82
1406.7	84
1407.3	83
1407.9	86
1408.49	82
1409.09	96
1409.69	105
1410.29	92
1410.89	75
1411.49	98
1412.09	86
1412.69	80
1413.29	94
1413.89	95
1414.49	91
1415.09	80
1415.69	95
1416.29	99
1416.89	92
1417.49	86
1418.09	98
1418.69	95
1419.29	100
1419.89	109
1420.49	85
1421.09	98
1421.69	97
1422.29	77
1422.89	93
1423.49	86
1424.09	97
1424.69	93
1425.29	97
1425.89	81
1426.49	92
1427.09	99
1427.7	86
1428.3	94
1428.9	93
1429.5	87
1430.1	91
1430.7	106
1431.3	84
1431.91	75
1432.51	94
1433.11	94
1433.71	95
1434.31	85
1434.91	92
1435.52	95
1436.12	55
1436.72	74
1437.32	85
1437.92	89
1438.53	60
1439.13	72
1439.73	82
1440.33	60
1440.94	75
1441.54	63
1442.14	62
1442.75	71
1443.35	72
1443.95	61
1444.55	71
1445.16	58
1445.76	55
1446.36	82
1446.97	67
1447.57	60
1448.17	51
1448.78	56
1449.38	43
1449.98	55
1450.59	60
1451.19	43
1451.8	36
1452.4	44
1453	56
1453.61	49
1454.21	40
1454.82	57
1455.42	42
1456.02	52
1456.63	50
1457.23	44
1457.84	43
1458.44	46
1459.05	41
1459.65	46
1460.26	36
1460.86	38
1461.47	47
1462.07	37
1462.68	43
1463.28	24
1463.89	35
1464.49	25
1465.1	19
1465.7	41
1466.31	19
1466.91	23
1467.52	29
1468.12	18
1468.73	21
1469.34	28
1469.94	23
1470.55	21
1471.15	27
1471.76	21
1472.37	19
1472.97	24
1473.58	15
1474.19	16
1474.79	18
1475.4	16
1476.01	14
1476.61	13
1477.22	16
1477.83	13
1478.43	11
1479.04	21
1479.65	15
1480.25	11
1480.86	13
1481.47	13
1482.07	12
1482.68	9
1483.29	10
1483.9	10
1484.5	10
1485.11	5
1485.72	6
1486.33	9
1486.93	7
1487.54	7
1488.15	12
1488.76	14
1489.37	7
1489.97	9
1490.58	10
1491.19	5
1491.8	7
1492.41	9
1493.02	4
1493.63	7
1494.23	2
1494.84	12
1495.45	4
1496.06	9
1496.67	5
1497.28	8
1497.89	1
1498.5	1
1499.11	6
1499.71	6
1500.32	3
1500.93	3
1501.54	4
1502.15	6
1502.76	4
1503.37	3
1503.98	4
1504.59	6
1505.2	2
1505.81	3
1506.42	4
1507.03	4
1507.64	5
1508.25	2
1508.86	4
1509.47	2
1510.08	5
1510.69	3
1511.3	3
1511.91	4
1512.52	6
1513.13	2
1513.75	2
1514.36	5
1514.97	4
1515.58	7
1516.19	1
1516.8	4
1517.41	2
1518.02	2
1518.63	3
1519.25	6
1519.86	3
1520.47	1
1521.08	1
1521.69	4
1522.3	2
1522.92	3
1523.53	1
1524.14	5
1524.75	2
1525.36	3
1525.98	1
1526.59	4
1527.2	1
1527.81	1
1528.42	2
1529.04	3
1529.65	6
1530.26	1
1530.87	1
1531.49	4
1532.1	3
1532.71	7
1533.33	3
1533.94	2
1534.55	1
1535.17	1
1535.78	0
1536.39	2
1537.01	5
1537.62	6
1538.23	3
1538.85	3
1539.46	2
1540.07	3
1540.69	2
1541.3	2
1541.91	5
1542.53	2
1543.14	4
1543.76	1
1544.37	2
1544.99	1
1545.6	3
1546.21	2
1546.83	3
1547.44	2
1548.06	4
1548.67	1
1549.29	2
1549.9	2
1550.52	1
1551.13	0
1551.75	5
1552.36	3
1552.98	3
1553.59	2
1554.21	6
1554.82	0
1555.44	6
1556.05	3
1556.67	1
1557.28	0
1557.9	6
1558.52	0
1559.13	5
1559.75	5
1560.36	2
1560.98	1
1561.6	1
1562.21	2
1562.83	1
1563.44	5
1564.06	1
1564.68	2
1565.29	3
1565.91	0
1566.53	0
1567.14	4
1567.76	0
1568.38	2
1568.99	3
1569.61	0
1570.23	2
1570.84	1
1571.46	0
1572.08	2
1572.7	1
1573.31	2
1573.93	1
1574.55	2
1575.17	0
1575.78	1
1576.4	1
1577.02	2
1577.64	0
1578.25	1
1578.87	0
1579.49	0
1580.11	0
1580.73	1
1581.34	1
1581.96	2
1582.58	3
1583.2	0
1583.82	1
1584.44	1
1585.06	2
1585.67	1
1586.29	0
1586.91	3
1587.53	1
1588.15	0
1588.77	0
1589.39	0
1590.01	0
1590.63	1
1591.25	0
1591.86	0
1592.48	0
1593.1	1
1593.72	4
1594.34	2
1594.96	0
1595.58	0
1596.2	0
1596.82	1
1597.44	0
1598.06	2
1598.68	1
1599.3	1
1599.92	0
1600.54	0
1601.16	1
1601.78	0
1602.4	0
1603.02	1
1603.65	0
1604.27	0
1604.89	0
1605.51	1
1606.13	1
1606.75	0
1607.37	0
1607.99	2
1608.61	1
1609.23	0
1609.86	1
1610.48	0
1611.1	0
1611.72	1
1612.34	1
1612.96	2
1613.58	0
1614.21	0
1614.83	1
1615.45	0
1616.07	1
1616.69	3
1617.32	0
1617.94	0
1618.56	2
1619.18	1
1619.81	1
1620.43	0
1621.05	0
1621.67	0
1622.3	0
1622.92	2
1623.54	0
1624.16	1
1624.79	3
1625.41	0
1626.03	0
1626.66	1
1627.28	1
1627.9	2
1628.53	0
1629.15	0
1629.77	0
1630.4	0
1631.02	0
1631.64	0
1632.27	0
1632.89	1
1633.51	1
1634.14	0
1634.76	0
1635.39	0
1636.01	0
1636.63	0
1637.26	1
1637.88	0
1638.51	1
1639.13	1
1639.76	0
1640.38	1
1641.01	0
1641.63	0
1642.25	1
1642.88	0
1643.5	0
1644.13	0
1644.75	0
1645.38	0
1646	1
1646.63	0
1647.26	0
1647.88	0
1648.51	0
1649.13	0
1649.76	2
1650.38	0
1651.01	0
1651.63	0
1652.26	1
1652.89	0
1653.51	0
1654.14	0
1654.76	1
1655.39	0
1656.02	0
1656.64	0
1657.27	0
1657.9	0
1658.52	0
1659.15	0
1659.78	3
1660.4	1
1661.03	0
1661.66	1
1662.28	1
1662.91	0
1663.54	0
1664.16	1
1664.79	2
1665.42	1
1666.05	1
1666.67	0
1667.3	0
1667.93	0
1668.56	0
1669.18	0
1669.81	2
1670.44	1
1671.07	0
1671.69	0
1672.32	1
1672.95	0
1673.58	0
1674.21	2
1674.83	1
1675.46	0
1676.09	1
1676.72	0
1677.35	1
1677.98	0
1678.6	2
1679.23	0
1679.86	0
1680.49	0
1681.12	0
1681.75	2
1682.38	0
1683.01	0
1683.64	0
1684.27	0
1684.89	0
1685.52	0
1686.15	0
1686.78	1
1687.41	1
1688.04	0
1688.67	0
1689.3	0
1689.93	0
1690.56	0
1691.19	0
1691.82	0
1692.45	0
1693.08	0
1693.71	1
1694.34	0
1694.97	0
1695.6	0
1696.23	1
1696.86	0
1697.49	0
1698.12	0
1698.76	0
1699.39	0
1700.02	1
1700.65	0
1701.28	0
1701.91	1
1702.54	0
1703.17	0
1703.8	1
1704.44	0
1705.07	0
1705.7	0
1706.33	0
1706.96	1
1707.59	0
1708.22	0
1708.86	0
1709.49	0
1710.12	0
1710.75	0
1711.38	0
1712.02	2
1712.65	0
1713.28	0
1713.91	0
1714.55	1
1715.18	0
1715.81	0
1716.44	0
1717.08	0
1717.71	1
1718.34	1
1718.97	0
1719.61	0
1720.24	0
1720.87	1
1721.51	1
1722.14	1
1722.77	0
1723.41	1
1724.04	0
1724.67	1
1725.31	1
1725.94	1
1726.57	0
1727.21	2
1727.84	0
1728.47	1
1729.11	0
1729.74	0
1730.38	0
1731.01	0
1731.64	0
1732.28	1
1732.91	0
1733.55	0
1734.18	0
1734.82	1
1735.45	1
1736.09	1
1736.72	0
1737.35	1
1737.99	1
1738.62	0
1739.26	0
1739.89	0
1740.53	0
1741.16	2
1741.8	0
1742.44	1
1743.07	1
1743.71	1
1744.34	0
1744.98	1
1745.61	0
1746.25	1
1746.88	1
1747.52	0
1748.16	0
1748.79	0
1749.43	0
1750.06	1
1750.7	1
1751.34	0
1751.97	0
1752.61	1
1753.25	0
1753.88	2
1754.52	0
1755.15	2
1755.79	1
1756.43	0
1757.06	3
1757.7	1
1758.34	2
1758.98	4
1759.61	1
1760.25	0
1760.89	2
1761.52	0
1762.16	0
1762.8	0
1763.44	2
1764.07	1
1764.71	0
1765.35	0
1765.99	0
1766.62	0
1767.26	1
1767.9	1
1768.54	1
1769.18	0
1769.81	0
1770.45	0
1771.09	0
1771.73	0
1772.37	1
1773.01	0
1773.64	0
1774.28	0
1774.92	1
1775.56	2
1776.2	1
1776.84	1
1777.48	0
1778.12	0
1778.75	1
1779.39	1
1780.03	0
1780.67	2
1781.31	0
1781.95	0
1782.59	0
1783.23	0
1783.87	0
1784.51	0
1785.15	0
1785.79	2
1786.43	3
1787.07	0
1787.71	0
1788.35	0
1788.99	1
1789.63	0
1790.27	0
1790.91	1
1791.55	2
1792.19	0
1792.83	0
1793.47	0
1794.11	0
1794.75	0
1795.39	0
1796.03	0
1796.67	1
1797.31	2
1797.95	0
1798.6	0
1799.24	0
1799.88	0
1800.52	0
1801.16	1
1801.8	0
1802.44	1
1803.08	0
1803.73	0
1804.37	0
1805.01	0
1805.65	0
1806.29	0
1806.93	0
1807.58	0
1808.22	0
1808.86	1
1809.5	0
1810.15	0
1810.79	0
1811.43	0
1812.07	0
1812.71	1
1813.36	0
1814	2
1814.64	0
1815.28	0
1815.93	0
1816.57	0
1817.21	0
1817.86	0
1818.5	0
1819.14	0
1819.79	0
1820.43	0
1821.07	1
1821.72	0
1822.36	0
1823	0
1823.65	2
1824.29	0
1824.93	0
1825.58	0
1826.22	1
1826.86	2
1827.51	0
1828.15	1
1828.8	0
1829.44	0
1830.09	0
1830.73	0
1831.37	0
1832.02	0
1832.66	1
1833.31	0
1833.95	0
1834.6	0
1835.24	0
1835.89	0
1836.53	0
1837.18	1
1837.82	0
1838.47	0
1839.11	0
1839.76	0
1840.4	1
1841.05	0
1841.69	1
1842.34	1
1842.98	0
1843.63	2
1844.27	0
1844.92	1
1845.57	0
1846.21	0
1846.86	0
1847.5	0
1848.15	0
1848.8	1
1849.44	1
1850.09	0
1850.73	1
1851.38	0
1852.03	0
1852.67	0
1853.32	0
1853.97	0
1854.61	1
1855.26	1
1855.91	4
1856.55	0
1857.2	0
1857.85	1
1858.49	2
1859.14	1
1859.79	2
1860.44	0
1861.08	0
1861.73	1
1862.38	0
1863.03	0
1863.67	0
1864.32	1
1864.97	0
1865.62	0
1866.26	1
1866.91	0
1867.56	0
1868.21	0
1868.86	0
1869.5	1
1870.15	0
1870.8	2
1871.45	0
1872.1	0
1872.75	0
1873.39	0
1874.04	0
1874.69	0
1875.34	0
1875.99	0
1876.64	0
1877.29	1
1877.94	0
1878.58	0
1879.23	1
1879.88	0
1880.53	0
1881.18	0
1881.83	0
1882.48	0
1883.13	0
1883.78	0
1884.43	0
1885.08	0
1885.73	1
1886.38	0
1887.03	0
1887.68	0
1888.33	0
1888.98	0
1889.63	1
1890.28	0
1890.93	0
1891.58	1
1892.23	1
1892.88	1
1893.53	0
1894.18	0
1894.83	0
1895.48	0
1896.13	0
1896.78	0
1897.43	0
1898.09	0
1898.74	0
1899.39	1
1900.04	0
1900.69	0
1901.34	0
1901.99	0
1902.64	0
1903.3	0
1903.95	0
1904.6	0
1905.25	0
1905.9	0
1906.55	0
1907.21	1
1907.86	0
1908.51	1
1909.16	0
1909.81	0
1910.47	0
1911.12	0
1911.77	1
1912.42	0
1913.08	0
1913.73	0
1914.38	0
1915.03	0
1915.69	0
1916.34	0
1916.99	0
1917.64	0
1918.3	1
1918.95	0
1919.6	0
1920.26	0
1920.91	0
1921.56	0
1922.22	1
1922.87	0
1923.52	0
1924.18	0
1924.83	0
1925.48	0
1926.14	0
1926.79	1
1927.45	0
1928.1	0
1928.75	0
1929.41	1
1930.06	0
1930.72	0
1931.37	0
1932.02	0
1932.68	0
1933.33	0
1933.99	0
1934.64	0
1935.3	0
1935.95	0
1936.61	0
1937.26	0
1937.92	1
1938.57	0
1939.23	0
1939.88	0
1940.54	0
1941.19	0
1941.85	0
1942.5	0
1943.16	0
1943.81	0
1944.47	0
1945.12	0
1945.78	0
1946.43	1
1947.09	0
1947.75	0
1948.4	0
1949.06	0
1949.71	0
1950.37	0
1951.03	0
1951.68	0
1952.34	0
1952.99	0
1953.65	0
1954.31	1
1954.96	0
1955.62	1
1956.28	0
1956.93	0
1957.59	0
1958.25	0
1958.9	0
1959.56	0
1960.22	0
1960.88	0
1961.53	0
1962.19	0
1962.85	0
1963.5	0
1964.16	0
1964.82	0
1965.48	0
1966.13	0
1966.79	0
1967.45	0
1968.11	0
1968.77	1
1969.42	0
1970.08	0
1970.74	0
1971.4	0
1972.06	2
1972.71	0
1973.37	0
1974.03	0
1974.69	0
1975.35	0
1976.01	0
1976.66	0
1977.32	0
1977.98	1
1978.64	0
1979.3	0
1979.96	0
1980.62	1
1981.28	0
1981.94	0
1982.6	0
1983.25	1
1983.91	1
1984.57	0
1985.23	0
1985.89	1
1986.55	0
1987.21	1
1987.87	0
1988.53	0
1989.19	1
1989.85	0
1990.51	0
1991.17	0
1991.83	0
1992.49	0
1993.15	0
1993.81	0
1994.47	0
1995.13	0
1995.79	0
1996.45	1
1997.11	0
1997.77	1
1998.43	0
1999.1	0
1999.76	0
2000.42	0
2001.08	0
2001.74	0
2002.4	0
2003.06	0
2003.72	0
2004.38	0
2005.04	0
2005.71	0
2006.37	0
2007.03	0
2007.69	0
2008.35	1
2009.01	0
2009.68	1
2010.34	0
2011	0
2011.66	0
2012.32	0
2012.99	0
2013.65	1
2014.31	0
2014.97	0
2015.63	0
2016.3	1
2016.96	0
2017.62	0
2018.28	0
2018.95	0
2019.61	0
2020.27	0
2020.94	0
2021.6	0
2022.26	0
2022.92	1
2023.59	0
2024.25	0
2024.91	0
2025.58	0
2026.24	0
2026.9	0
2027.57	0
2028.23	0
2028.89	0
2029.56	0
2030.22	0
2030.89	0
2031.55	1
2032.21	1
2032.88	0
2033.54	0
2034.21	0
2034.87	0
2035.53	0
2036.2	1
2036.86	1
2037.53	0
2038.19	0
2038.86	1
2039.52	0
2040.19	0
2040.85	0
2041.52	1
2042.18	1
2042.84	0
2043.51	1
2044.17	0
2044.84	1
2045.51	0
2046.17	0
2046.84	0
2047.5	0
2048.17	0
2048.83	0
2049.5	0
2050.16	0
2050.83	0
2051.49	0
2052.16	0
2052.83	1
2053.49	0
2054.16	0
2054.82	0
2055.49	0
2056.16	1
2056.82	2
2057.49	0
2058.16	0
2058.82	0
2059.49	0
2060.15	0
2060.82	0
2061.49	1
2062.15	0
2062.82	0
2063.49	0
2064.16	0
2064.82	0
2065.49	0
2066.16	0
2066.82	0
2067.49	0
2068.16	0
2068.83	1
2069.49	1
2070.16	0
2070.83	1
2071.5	1
2072.16	0
2072.83	0
2073.5	0
2074.17	0
2074.83	0
2075.5	0
2076.17	1
2076.84	0
2077.51	0
2078.18	0
2078.84	0
2079.51	0
2080.18	0
2080.85	1
2081.52	1
2082.19	0
2082.85	0
2083.52	0
2084.19	0
2084.86	0
2085.53	0
2086.2	0
2086.87	0
2087.54	0
2088.21	1
2088.88	0
2089.54	1
2090.21	0
2090.88	0
2091.55	0
2092.22	0
2092.89	1
2093.56	0
2094.23	0
2094.9	0
2095.57	0
2096.24	1
2096.91	1
2097.58	0
2098.25	0
2098.92	0
2099.59	0
2100.26	0
2100.93	0
2101.6	0
2102.27	0
2102.94	0
2103.61	0
2104.28	0
2104.96	1
2105.63	1
2106.3	0
2106.97	0
2107.64	0
2108.31	1
2108.98	0
2109.65	0
2110.32	0
2110.99	0
2111.67	0
2112.34	0
2113.01	0
2113.68	0
2114.35	0
2115.02	0
2115.7	0
2116.37	0
2117.04	0
2117.71	0
2118.38	0
2119.06	0
2119.73	0
2120.4	0
2121.07	1
2121.74	0
2122.42	0
2123.09	0
2123.76	0
2124.43	0
2125.11	0
2125.78	0
2126.45	1
2127.12	0
2127.8	0
2128.47	1
2129.14	0
2129.82	0
2130.49	0
2131.16	0
2131.84	0
2132.51	0
2133.18	0
2133.86	2
2134.53	0
2135.2	0
2135.88	0
2136.55	1
2137.22	0
2137.9	0
2138.57	0
2139.24	0
2139.92	0
2140.59	0
2141.27	0
2141.94	0
2142.62	0
2143.29	0
2143.96	1
2144.64	0
2145.31	0
2145.99	0
2146.66	1
2147.34	0
2148.01	0
2148.69	0
2149.36	0
2150.04	0
2150.71	0
2151.39	1
2152.06	0
2152.74	0
2153.41	0
2154.09	1
2154.76	0
2155.44	0
2156.11	0
2156.79	0
2157.46	0
2158.14	2
2158.81	0
2159.49	0
2160.17	0
2160.84	0
2161.52	0
2162.19	0
2162.87	0
2163.55	0
2164.22	1
2164.9	0
2165.57	0
2166.25	0
2166.93	0
2167.6	0
2168.28	0
2168.96	0
2169.63	0
2170.31	0
2170.99	0
2171.66	0
2172.34	0
2173.02	0
2173.7	0
2174.37	0
2175.05	0
2175.73	0
2176.4	1
2177.08	0
2177.76	0
2178.44	0
2179.11	0
2179.79	0
2180.47	1
2181.15	0
2181.82	0
2182.5	0
2183.18	0
2183.86	1
2184.54	0
2185.21	1
2185.89	0
2186.57	0
2187.25	0
2187.93	0
2188.61	0
2189.28	0
2189.96	0
2190.64	0
2191.32	0
2192	0
2192.68	1
2193.36	0
2194.03	0
2194.71	0
2195.39	0
2196.07	0
2196.75	0
2197.43	0
2198.11	0
2198.79	0
2199.47	0
2200.15	0
2200.83	0
2201.51	0
2202.19	2
2202.87	0
2203.55	0
2204.23	0
2204.91	0
2205.59	0
2206.27	0
2206.95	0
2207.63	0
2208.31	0
2208.99	1
2209.67	0
2210.35	0
2211.03	0
2211.71	0
2212.39	0
2213.07	0
2213.75	0
2214.43	0
2215.11	0
2215.79	0
2216.47	0
2217.15	0
2217.83	0
2218.52	0
2219.2	0
2219.88	0
2220.56	0
2221.24	0
2221.92	0
2222.6	0
2223.28	1
2223.97	0
2224.65	0
2225.33	0
2226.01	0
2226.69	0
2227.37	1
2228.06	0
2228.74	0
2229.42	0
2230.1	0
2230.79	0
2231.47	0
2232.15	0
2232.83	0
2233.51	1
2234.2	1
2234.88	0
2235.56	0
2236.24	0
2236.93	0
2237.61	0
2238.29	1
2238.98	0
2239.66	1
2240.34	0
2241.03	0
2241.71	0
2242.39	0
2243.07	0
2243.76	0
2244.44	0
2245.13	0
2245.81	0
2246.49	1
2247.18	0
2247.86	0
2248.54	0
2249.23	0
2249.91	0
2250.6	0
2251.28	0
2251.96	0
2252.65	0
2253.33	0
2254.02	2
2254.7	0
2255.38	0
2256.07	0
2256.75	0
2257.44	0
2258.12	0
2258.81	0
2259.49	0
2260.18	0
2260.86	0
2261.55	0
2262.23	1
2262.92	0
2263.6	0
2264.29	0
2264.97	0
2265.66	0
2266.34	0
2267.03	0
2267.71	0
2268.4	0
2269.08	0
2269.77	0
2270.46	0
2271.14	0
2271.83	0
2272.51	0
2273.2	1
2273.89	0
2274.57	0
2275.26	0
2275.94	0
2276.63	0
2277.32	0
2278	0
2278.69	0
2279.38	1
2280.06	0
2280.75	0
2281.44	1
2282.12	0
2282.81	0
2283.5	0
2284.18	0
2284.87	1
2285.56	0
2286.24	0
2286.93	0
2287.62	1
2288.31	0
2288.99	0
2289.68	0
2290.37	0
2291.06	0
2291.74	0
2292.43	0
2293.12	0
2293.81	2
2294.49	0
2295.18	0
2295.87	0
2296.56	1
2297.25	0
2297.93	0
2298.62	0
2299.31	0
2300	0
2300.69	0
2301.38	0
2302.06	0
2302.75	0
2303.44	0
2304.13	0
2304.82	0
2305.51	0
2306.2	1
2306.89	0
2307.57	0
2308.26	0
2308.95	0
2309.64	0
2310.33	0
2311.02	0
2311.71	0
2312.4	0
2313.09	1
2313.78	0
2314.47	1
2315.16	0
2315.85	1
2316.54	0
2317.23	2
2317.92	0
2318.61	0
2319.3	1
2319.99	0
2320.68	0
2321.37	0
2322.06	0
2322.75	0
2323.44	0
2324.13	1
2324.82	0
2325.51	0
2326.2	0
2326.89	0
2327.58	1
2328.27	0
2328.96	0
2329.65	0
2330.34	1
2331.04	1
2331.73	0
2332.42	0
2333.11	0
2333.8	1
2334.49	0
2335.18	0
2335.87	0
2336.57	0
2337.26	0
2337.95	0
2338.64	0
2339.33	0
2340.02	0
2340.72	0
2341.41	0
2342.1	0
2342.79	0
2343.48	1
2344.18	0
2344.87	0
2345.56	0
2346.25	0
2346.95	0
2347.64	0
2348.33	0
2349.02	0
2349.72	0
2350.41	0
2351.1	0
2351.79	0
2352.49	1
2353.18	2
2353.87	0
2354.57	0
2355.26	0
2355.95	1
2356.65	0
2357.34	0
2358.03	0
2358.73	0
2359.42	0
2360.11	0
2360.81	0
2361.5	0
2362.19	0
2362.89	0
2363.58	0
2364.28	0
2364.97	0
2365.66	0
2366.36	0
2367.05	0
2367.75	0
2368.44	0
2369.13	0
2369.83	0
2370.52	1
2371.22	0
2371.91	0
2372.61	0
2373.3	0
2374	0
2374.69	0
2375.39	0
2376.08	0
2376.78	0
2377.47	0
2378.17	0
2378.86	1
2379.56	0
2380.25	1
2380.95	0
2381.64	0
2382.34	0
2383.03	0
2383.73	0
2384.42	0
2385.12	0
2385.82	0
2386.51	0
2387.21	0
2387.9	0
2388.6	0
2389.3	0
2389.99	0
2390.69	0
2391.38	0
2392.08	0
2392.78	1
2393.47	0
2394.17	2
2394.87	1
2395.56	1
2396.26	0
2396.96	0
2397.65	0
2398.35	0
2399.05	0
2399.74	0
2400.44	1
2401.14	0
2401.84	0
2402.53	0
2403.23	0
2403.93	1
2404.62	0
2405.32	0
2406.02	0
2406.72	0
2407.41	1
2408.11	0
2408.81	1
2409.51	1
2410.21	0
2410.9	0
2411.6	0
2412.3	0
2413	0
2413.7	0
2414.39	0
2415.09	0
2415.79	0
2416.49	0
2417.19	1
2417.89	0
2418.58	0
2419.28	0
2419.98	0
2420.68	0
2421.38	1
2422.08	1
2422.78	1
2423.48	0
2424.17	0
2424.87	0
2425.57	0
2426.27	0
2426.97	0
2427.67	0
2428.37	0
2429.07	2
2429.77	0
2430.47	0
2431.17	1
2431.87	0
2432.57	0
2433.27	1
2433.97	0
2434.67	0
2435.37	0
2436.07	0
2436.77	0
2437.47	0
2438.17	0
2438.87	1
2439.57	0
2440.27	1
2440.97	1
2441.67	0
2442.37	0
2443.07	1
2443.77	0
2444.47	0
2445.17	2
2445.87	0
2446.57	0
2447.28	1
2447.98	1
2448.68	0
2449.38	1
2450.08	0
2450.78	0
2451.48	0
2452.18	0
2452.89	0
2453.59	1
2454.29	0
2454.99	1
2455.69	0
2456.39	0
2457.1	0
2457.8	2
2458.5	0
2459.2	0
2459.9	0
2460.61	1
2461.31	1
2462.01	0
2462.71	0
2463.41	0
2464.12	0
2464.82	0
2465.52	0
2466.22	0
2466.93	0
2467.63	0
2468.33	1
2469.04	0
2469.74	0
2470.44	0
2471.14	0
2471.85	0
2472.55	0
2473.25	0
2473.96	0
2474.66	0
2475.36	0
2476.07	1
2476.77	0
2477.47	0
2478.18	0
2478.88	0
2479.58	0
2480.29	0
2480.99	0
2481.7	0
2482.4	0
2483.1	0
2483.81	0
2484.51	0
2485.22	0
2485.92	0
2486.62	0
2487.33	0
2488.03	0
2488.74	0
2489.44	0
2490.15	0
2490.85	0
2491.56	0
2492.26	1
2492.97	0
2493.67	0
2494.38	0
2495.08	1
2495.79	0
2496.49	0
2497.2	0
2497.9	0
2498.61	2
2499.31	1
2500.02	0
2500.72	0
2501.43	0
2502.13	1
2502.84	0
2503.55	0
2504.25	0
2504.96	0
2505.66	0
2506.37	0
2507.07	0
2507.78	2
2508.49	0
2509.19	0
2509.9	2
2510.61	1
2511.31	0
2512.02	0
2512.72	0
2513.43	0
2514.14	0
2514.84	0
2515.55	0
2516.26	0
2516.96	0
2517.67	0
2518.38	0
2519.09	0
2519.79	0
2520.5	0
2521.21	0
2521.91	0
2522.62	0
2523.33	0
2524.04	0
2524.74	0
2525.45	0
2526.16	0
2526.87	1
2527.57	1
2528.28	0
2528.99	1
2529.7	0
2530.4	0
2531.11	0
2531.82	0
2532.53	0
2533.24	0
2533.95	0
2534.65	1
2535.36	0
2536.07	1
2536.78	0
2537.49	0
2538.2	0
2538.9	0
2539.61	0
2540.32	0
2541.03	0
2541.74	0
2542.45	0
2543.16	1
2543.87	0
2544.58	0
2545.28	0
2545.99	0
2546.7	0
2547.41	0
2548.12	1
2548.83	0
2549.54	1
2550.25	0
2550.96	0
2551.67	0
2552.38	0
2553.09	0
2553.8	1
2554.51	0
2555.22	0
2555.93	0
2556.64	0
2557.35	0
2558.06	0
2558.77	0
2559.48	0
2560.19	0
2560.9	0
2561.61	0
2562.32	0
2563.03	0
2563.74	0
2564.45	1
2565.16	0
2565.87	0
2566.59	0
2567.3	0
2568.01	0
2568.72	0
2569.43	0
2570.14	0
2570.85	0
2571.56	0
2572.27	0
2572.99	1
2573.7	0
2574.41	0
2575.12	0
2575.83	0
2576.54	0
2577.26	1
2577.97	0
2578.68	0
2579.39	0
2580.1	0
2580.82	0
2581.53	0
2582.24	0
2582.95	0
2583.66	1
2584.38	1
2585.09	0
2585.8	1
2586.51	0
2587.23	0
2587.94	0
2588.65	0
2589.36	0
2590.08	0
2590.79	1
2591.5	0
2592.22	0
2592.93	0
2593.64	0
2594.36	0
2595.07	0
2595.78	0
2596.49	0
2597.21	0
2597.92	0
2598.64	0
2599.35	0
2600.06	0
2600.78	0
2601.49	0
2602.2	0
2602.92	1
2603.63	0
2604.35	0
2605.06	0
2605.77	0
2606.49	0
2607.2	1
2607.92	0
2608.63	1
2609.34	0
2610.06	1
2610.77	0
2611.49	0
2612.2	0
2612.92	0
2613.63	1
2614.35	0
2615.06	0
2615.78	0
2616.49	0
2617.21	0
2617.92	0
2618.64	0
2619.35	1
2620.07	0
2620.78	2
2621.5	1
2622.21	0
2622.93	0
2623.64	0
2624.36	1
2625.07	0
2625.79	1
2626.51	0
2627.22	1
2627.94	0
2628.65	0
2629.37	0
2630.09	0
2630.8	0
2631.52	0
2632.23	0
2632.95	0
2633.67	0
2634.38	0
2635.1	0
2635.82	0
2636.53	0
2637.25	0
2637.97	0
2638.68	1
2639.4	0
2640.12	0
2640.83	0
2641.55	1
2642.27	0
2642.98	0
2643.7	0
2644.42	0
2645.14	1
2645.85	1
2646.57	0
2647.29	0
2648.01	0
2648.72	0
2649.44	0
2650.16	0
2650.88	1
2651.59	0
2652.31	0
2653.03	0
2653.75	0
2654.46	0
2655.18	0
2655.9	0
2656.62	0
2657.34	1
2658.06	0
2658.77	0
2659.49	0
2660.21	0
2660.93	0
2661.65	0
2662.37	0
2663.08	0
2663.8	0
2664.52	1
2665.24	0
2665.96	0
2666.68	0
2667.4	1
2668.12	0
2668.84	0
2669.56	0
2670.27	0
2670.99	0
2671.71	0
2672.43	0
2673.15	0
2673.87	0
2674.59	1
2675.31	0
2676.03	0
2676.75	0
2677.47	0
2678.19	0
2678.91	1
2679.63	0
2680.35	0
2681.07	0
2681.79	0
2682.51	0
2683.23	0
2683.95	1
2684.67	1
2685.39	0
2686.11	0
2686.83	0
2687.55	0
2688.27	0
2688.99	0
2689.72	0
2690.44	0
2691.16	0
2691.88	0
2692.6	0
2693.32	0
2694.04	0
2694.76	0
2695.48	0
2696.21	0
2696.93	0
2697.65	0
2698.37	1
2699.09	0
2699.81	0
2700.53	0
2701.26	0
2701.98	0
2702.7	0
2703.42	0
2704.14	0
2704.87	0
2705.59	0
2706.31	0
2707.03	0
2707.75	0
2708.48	0
2709.2	0
2709.92	0
2710.64	0
2711.37	0
2712.09	0
2712.81	0
2713.53	0
2714.26	0
2714.98	0
2715.7	1
2716.42	0
2717.15	0
2717.87	0
2718.59	0
2719.32	0
2720.04	0
2720.76	0
2721.49	0
2722.21	0
2722.93	0
2723.66	1
2724.38	0
2725.1	1
2725.83	1
2726.55	0
2727.27	0
2728	0
2728.72	0
2729.45	0
2730.17	0
2730.89	0
2731.62	0
2732.34	0
2733.07	0
2733.79	0
2734.51	0
2735.24	0
2735.96	0
2736.69	0
2737.41	0
2738.14	0
2738.86	0
2739.59	0
2740.31	1
2741.04	0
2741.76	0
2742.49	0
2743.21	0
2743.94	0
2744.66	0
2745.39	0
2746.11	1
2746.84	1
2747.56	0
2748.29	0
2749.01	0
2749.74	0
2750.46	0
2751.19	0
2751.91	0
2752.64	0
2753.37	0
2754.09	0
2754.82	0
2755.54	0
2756.27	0
2757	1
2757.72	0
2758.45	0
2759.17	0
2759.9	0
2760.63	0
2761.35	0
2762.08	0
2762.81	0
2763.53	0
2764.26	1
2764.99	0
2765.71	0
2766.44	0
2767.17	0
2767.89	0
2768.62	2
2769.35	0
2770.07	0
2770.8	0
2771.53	0
2772.26	0
2772.98	0
2773.71	0
2774.44	0
2775.17	0
2775.89	0
2776.62	1
2777.35	0
2778.08	0
2778.8	0
2779.53	0
2780.26	0
2780.99	0
2781.72	0
2782.44	0
2783.17	1
2783.9	0
2784.63	0
2785.36	1
2786.08	0
2786.81	0
2787.54	0
2788.27	0
2789	1
2789.73	0
2790.46	0
2791.18	1
2791.91	0
2792.64	1
2793.37	1
2794.1	0
2794.83	0
2795.56	1
2796.29	0
2797.02	1
2797.74	0
2798.47	0
2799.2	0
2799.93	0
2800.66	0
2801.39	1
2802.12	0
2802.85	0
2803.58	2
2804.31	0
2805.04	0
2805.77	0
2806.5	0
2807.23	0
2807.96	0
2808.69	0
2809.42	0
2810.15	0
2810.88	0
2811.61	0
2812.34	0
2813.07	0
2813.8	0
2814.53	0
2815.26	0
2815.99	0
2816.72	0
2817.45	0
2818.19	0
2818.92	0
2819.65	0
2820.38	0
2821.11	0
2821.84	0
2822.57	0
2823.3	0
2824.03	1
2824.76	0
2825.5	0
2826.23	0
2826.96	0
2827.69	0
2828.42	0
2829.15	0
2829.89	0
2830.62	1
2831.35	0
2832.08	1
2832.81	0
2833.54	0
2834.28	0
2835.01	0
2835.74	0
2836.47	0
2837.2	0
2837.94	0
2838.67	0
2839.4	0
2840.13	0
2840.87	0
2841.6	0
2842.33	0
2843.06	0
2843.8	0
2844.53	0
2845.26	0
2846	0
2846.73	0
2847.46	1
2848.19	0
2848.93	0
2849.66	0
2850.39	0
2851.13	0
2851.86	0
2852.59	0
2853.33	0
2854.06	0
2854.79	0
2855.53	0
2856.26	0
2857	0
2857.73	0
2858.46	0
2859.2	0
2859.93	0
2860.67	0
2861.4	0
2862.13	0
2862.87	0
2863.6	0
2864.34	0
2865.07	0
2865.8	0
2866.54	0
2867.27	2
2868.01	1
2868.74	0
2869.48	0
2870.21	0
2870.95	0
2871.68	0
2872.42	0
2873.15	0
2873.89	0
2874.62	0
2875.36	1
2876.09	1
2876.83	0
2877.56	0
2878.3	1
2879.03	0
2879.77	0
2880.5	1
2881.24	0
2881.98	0
2882.71	0
2883.45	0
2884.18	0
2884.92	0
2885.65	0
2886.39	0
2887.13	0
2887.86	0
2888.6	0
2889.33	0
2890.07	0
2890.81	0
2891.54	0
2892.28	0
2893.02	0
2893.75	0
2894.49	0
2895.23	0
2895.96	0
2896.7	0
2897.44	1
2898.17	0
2898.91	0
2899.65	0
2900.38	0
2901.12	0
2901.86	0
2902.59	0
2903.33	0
2904.07	0
2904.81	1
2905.54	1
2906.28	1
2907.02	0
2907.76	0
2908.49	0
2909.23	0
2909.97	0
2910.71	1
2911.45	0
2912.18	0
2912.92	0
2913.66	0
2914.4	0
2915.13	0
2915.87	0
2916.61	0
2917.35	0
2918.09	0
2918.83	0
2919.56	0
2920.3	0
2921.04	0
2921.78	0
2922.52	0
2923.26	0
2924	1
2924.74	0
2925.47	0
2926.21	2
2926.95	0
2927.69	0
2928.43	0
2929.17	1
2929.91	0
2930.65	1
2931.39	1
2932.13	0
2932.87	1
2933.61	1
2934.34	0
2935.08	1
2935.82	0
2936.56	0
2937.3	0
2938.04	0
2938.78	1
2939.52	0
2940.26	0
2941	0
2941.74	0
2942.48	0
2943.22	0
2943.96	0
2944.7	0
2945.44	0
2946.18	0
2946.93	1
2947.67	0
2948.41	0
2949.15	0
2949.89	0
2950.63	0
2951.37	0
2952.11	1
2952.85	0
2953.59	0
2954.33	0
2955.07	0
2955.81	0
2956.56	1
2957.3	0
2958.04	0
2958.78	0
2959.52	0
2960.26	1
2961	0
2961.75	0
2962.49	0
2963.23	0
2963.97	1
2964.71	0
2965.45	0
2966.2	0
2966.94	0
2967.68	0
2968.42	0
2969.16	0
2969.91	0
2970.65	0
2971.39	0
2972.13	0
2972.88	1
2973.62	0
2974.36	0
2975.1	1
2975.85	0
2976.59	0
2977.33	0
2978.07	0
2978.82	0
2979.56	0
2980.3	0
2981.05	0
2981.79	0
2982.53	0
2983.27	2
2984.02	0
2984.76	0
2985.5	0
2986.25	0
2986.99	0
2987.73	0
2988.48	0
2989.22	0
2989.97	1
2990.71	0
2991.45	1
2992.2	0
2992.94	1
2993.68	0
2994.43	0
2995.17	0
2995.92	0
2996.66	0
2997.4	0
2998.15	0
2998.89	0
2999.64	0
3000.38	0
3001.13	1
3001.87	0
3002.62	0
3003.36	0
3004.1	0
3004.85	1
3005.59	0
3006.34	1
3007.08	0
3007.83	0
3008.57	0
3009.32	0
3010.06	0
3010.81	0
3011.55	0
3012.3	0
3013.04	0
3013.79	0
3014.54	0
3015.28	0
3016.03	1
3016.77	0
3017.52	0
3018.26	1
3019.01	0
3019.75	0
3020.5	0
3021.25	0
3021.99	0
3022.74	0
3023.48	0
3024.23	1
3024.98	0
3025.72	0
3026.47	0
3027.22	0
3027.96	0
3028.71	0
3029.46	0
3030.2	0
3030.95	0
3031.7	0
3032.44	0
3033.19	0
3033.94	0
3034.68	0
3035.43	0
3036.18	1
3036.92	1
3037.67	0
3038.42	0
3039.16	0
3039.91	0
3040.66	0
3041.41	0
3042.15	0
3042.9	0
3043.65	1
3044.4	0
3045.14	0
3045.89	0
3046.64	0
3047.39	0
3048.14	0
3048.88	0
3049.63	0
3050.38	0
3051.13	0
3051.88	0
3052.62	1
3053.37	0
3054.12	0
3054.87	0
3055.62	0
3056.37	0
3057.11	0
3057.86	0
3058.61	0
3059.36	0
3060.11	1
3060.86	1
3061.61	0
3062.35	0
3063.1	1
3063.85	0
3064.6	0
3065.35	0
3066.1	0
3066.85	2
3067.6	0
3068.35	0
3069.1	0
3069.85	1
3070.6	0
3071.35	1
3072.1	0
3072.84	0
3073.59	1
3074.34	0
3075.09	2
3075.84	0
3076.59	0
3077.34	0
3078.09	0
3078.84	0
3079.59	0
3080.34	1
3081.09	0
3081.84	0
3082.6	0
3083.35	0
3084.1	0
3084.85	0
3085.6	1
3086.35	0
3087.1	0
3087.85	0
3088.6	0
3089.35	0
3090.1	1
3090.85	0
3091.6	0
3092.35	0
3093.11	0
3093.86	0
3094.61	1
3095.36	0
3096.11	0
3096.86	0
3097.61	0
3098.36	0
3099.12	0
3099.87	0
3100.62	0
3101.37	0
3102.12	3
3102.87	0
3103.63	0
3104.38	0
3105.13	0
3105.88	1
3106.63	0
3107.39	1
3108.14	0
3108.89	0
3109.64	0
3110.4	0
3111.15	0
3111.9	0
3112.65	0
3113.41	1
3114.16	0
3114.91	0
3115.66	0
3116.42	1
3117.17	1
3117.92	0
3118.67	0
3119.43	0
3120.18	0
3120.93	0
3121.69	0
3122.44	1
3123.19	0
3123.95	0
3124.7	0
3125.45	0
3126.21	0
3126.96	0
3127.71	0
3128.47	0
3129.22	0
3129.97	0
3130.73	0
3131.48	0
3132.24	1
3132.99	0
3133.74	0
3134.5	1
3135.25	0
3136.01	0
3136.76	1
3137.51	0
3138.27	0
3139.02	0
3139.78	0
3140.53	0
3141.29	1
3142.04	0
3142.8	0
3143.55	0
3144.3	1
3145.06	0
3145.81	0
3146.57	1
3147.32	0
3148.08	0
3148.83	0
3149.59	0
3150.34	0
3151.1	0
3151.85	0
3152.61	0
3153.37	0
3154.12	0
3154.88	0
3155.63	0
3156.39	0
3157.14	0
3157.9	0
3158.65	0
3159.41	0
3160.17	0
3160.92	1
3161.68	1
3162.43	0
3163.19	0
3163.95	0
3164.7	0
3165.46	0
3166.21	0
3166.97	0
3167.73	0
3168.48	0
3169.24	0
3170	1
3170.75	0
3171.51	0
3172.27	0
3173.02	0
3173.78	1
3174.54	2
3175.29	0
3176.05	0
3176.81	1
3177.56	1
3178.32	0
3179.08	0
3179.84	0
3180.59	0
3181.35	0
3182.11	0
3182.87	0
3183.62	1
3184.38	0
3185.14	0
3185.9	1
3186.65	0
3187.41	0
3188.17	0
3188.93	1
3189.68	0
3190.44	0
3191.2	0
3191.96	0
3192.72	0
3193.48	1
3194.23	0
3194.99	0
3195.75	0
3196.51	0
3197.27	0
3198.03	0
3198.78	1
3199.54	0
3200.3	0
3201.06	0
3201.82	0
3202.58	0
3203.34	0
3204.1	0
3204.85	1
3205.61	0
3206.37	1
3207.13	0
3207.89	1
3208.65	0
3209.41	0
3210.17	0
3210.93	0
3211.69	0
3212.45	1
3213.21	0
3213.97	0
3214.73	0
3215.48	0
3216.24	0
3217	0
3217.76	0
3218.52	0
3219.28	0
3220.04	0
3220.8	0
3221.56	0
3222.32	0
3223.08	0
3223.85	0
3224.61	0
3225.37	1
3226.13	0
3226.89	0
3227.65	0
3228.41	0
3229.17	0
3229.93	0
3230.69	0
3231.45	0
3232.21	0
3232.97	1
3233.73	0
3234.49	0
3235.26	0
3236.02	0
3236.78	0
3237.54	0
3238.3	0
3239.06	0
3239.82	0
3240.58	0
3241.35	0
3242.11	0
3242.87	0
3243.63	0
3244.39	0
3245.15	0
3245.92	0
3246.68	0
3247.44	0
3248.2	0
3248.96	0
3249.73	0
3250.49	0
3251.25	0
3252.01	0
3252.77	0
3253.54	0
3254.3	0
3255.06	0
3255.82	0
3256.59	0
3257.35	0
3258.11	0
3258.87	0
3259.64	0
3260.4	0
3261.16	0
3261.93	0
3262.69	0
3263.45	0
3264.21	0
3264.98	0
3265.74	0
3266.5	1
3267.27	0
3268.03	0
3268.79	0
3269.56	0
3270.32	0
3271.08	2
3271.85	0
3272.61	0
3273.38	0
3274.14	0
3274.9	0
3275.67	0
3276.43	0
3277.19	0
3277.96	0
3278.72	0
3279.49	1
3280.25	0
3281.01	0
3281.78	0
3282.54	0
3283.31	0
3284.07	0
3284.84	1
3285.6	0
3286.37	1
3287.13	0
3287.89	2
3288.66	0
3289.42	1
3290.19	0
3290.95	0
3291.72	0
3292.48	1
3293.25	0
3294.01	0
3294.78	0
3295.54	0
3296.31	0
3297.07	0
3297.84	0
3298.61	0
3299.37	0
3300.14	0
3300.9	0
3301.67	0
3302.43	0
3303.2	0
3303.96	0
3304.73	0
3305.5	0
3306.26	0
3307.03	0
3307.79	2
3308.56	0
3309.33	0
3310.09	0
3310.86	1
3311.63	1
3312.39	0
3313.16	0
3313.92	1
3314.69	0
3315.46	2
3316.22	0
3316.99	0
3317.76	0
3318.52	0
3319.29	1
3320.06	0
3320.82	0
3321.59	0
3322.36	0
3323.13	0
3323.89	0
3324.66	1
3325.43	0
3326.19	0
3326.96	0
3327.73	1
3328.5	0
3329.26	1
3330.03	0
3330.8	0
3331.57	0
3332.33	0
3333.1	0
3333.87	0
3334.64	0
3335.41	0
3336.17	0
3336.94	0
3337.71	0
3338.48	1
3339.25	0
3340.01	0
3340.78	0
3341.55	0
3342.32	1
3343.09	1
3343.86	0
3344.62	0
3345.39	0
3346.16	0
3346.93	0
3347.7	1
3348.47	0
3349.24	1
3350	0
3350.77	0
3351.54	0
3352.31	0
3353.08	0
3353.85	0
3354.62	0
3355.39	1
3356.16	0
3356.93	0
3357.7	0
3358.47	0
3359.24	0
3360	0
3360.77	0
3361.54	1
3362.31	0
3363.08	0
3363.85	0
3364.62	1
3365.39	1
3366.16	0
3366.93	0
3367.7	0
3368.47	0
3369.24	0
3370.01	0
3370.78	0
3371.55	1
3372.32	0
3373.09	1
3373.86	2
3374.64	0
3375.41	0
3376.18	0
3376.95	0
3377.72	0
3378.49	0
3379.26	0
3380.03	0
3380.8	0
3381.57	0
3382.34	0
3383.11	0
3383.89	0
3384.66	1
3385.43	0
3386.2	1
3386.97	0
3387.74	0
3388.51	0
3389.28	1
3390.06	0
3390.83	1
3391.6	0
3392.37	0
3393.14	0
3393.91	0
3394.69	0
3395.46	0
3396.23	1
3397	0
3397.77	0
3398.55	0
3399.32	0
3400.09	0
3400.86	0
3401.64	0
3402.41	0
3403.18	0
3403.95	0
3404.73	0
3405.5	0
3406.27	0
3407.04	0
3407.82	0
3408.59	0
3409.36	0
3410.13	0
3410.91	0
3411.68	0
3412.45	0
3413.23	1
3414	0
3414.77	0
3415.55	0
3416.32	0
3417.09	0
3417.87	0
3418.64	0
3419.41	0
3420.19	0
3420.96	0
3421.73	0
3422.51	0
3423.28	0
3424.05	0
3424.83	0
3425.6	1
3426.38	0
3427.15	0
3427.92	0
3428.7	0
3429.47	0
3430.25	0
3431.02	0
3431.79	0
3432.57	0
3433.34	0
3434.12	1
3434.89	0
3435.67	0
3436.44	0
3437.22	0
3437.99	1
3438.77	1
3439.54	0
3440.32	0
3441.09	0
3441.87	0
3442.64	0
3443.42	0
3444.19	0
3444.97	0
3445.74	0
3446.52	0
3447.29	0
3448.07	0
3448.84	0
3449.62	1
3450.39	0
3451.17	0
3451.94	0
3452.72	0
3453.5	0
3454.27	1
3455.05	0
3455.82	0
3456.6	0
3457.37	0
3458.15	1
3458.93	0
3459.7	0
3460.48	0
3461.26	1
3462.03	0
3462.81	0
3463.58	0
3464.36	0
3465.14	0
3465.91	0
3466.69	0
3467.47	0
3468.24	0
3469.02	0
3469.8	1
3470.57	0
3471.35	1
3472.13	1
3472.9	0
3473.68	0
3474.46	0
3475.24	0
3476.01	0
3476.79	0
3477.57	1
3478.35	1
3479.12	0
3479.9	0
3480.68	1
3481.45	0
3482.23	1
3483.01	0
3483.79	0
3484.57	0
3485.34	0
3486.12	0
3486.9	0
3487.68	1
3488.45	0
3489.23	1
3490.01	0
3490.79	0
3491.57	1
3492.35	0
3493.12	0
3493.9	0
3494.68	2
3495.46	0
3496.24	0
3497.02	0
3497.79	0
3498.57	1
3499.35	1
3500.13	0
3500.91	0
3501.69	0
3502.47	0
3503.25	1
3504.03	0
3504.8	0
3505.58	0
3506.36	0
3507.14	0
3507.92	0
3508.7	0
3509.48	0
3510.26	0
3511.04	0
3511.82	0
3512.6	0
3513.38	0
3514.16	0
3514.94	0
3515.72	1
3516.5	0
3517.28	0
3518.06	0
3518.84	0
3519.62	0
3520.4	0
3521.18	1
3521.96	0
3522.74	0
3523.52	0
3524.3	0
3525.08	0
3525.86	0
3526.64	0
3527.42	0
3528.2	0
3528.98	0
3529.76	1
3530.54	1
3531.32	0
3532.1	0
3532.88	0
3533.66	0
3534.45	0
3535.23	0
3536.01	0
3536.79	0
3537.57	1
3538.35	0
3539.13	0
3539.91	0
3540.69	0
3541.48	0
3542.26	0
3543.04	0
3543.82	1
3544.6	0
3545.38	1
3546.17	0
3546.95	0
3547.73	0
3548.51	0
3549.29	0
3550.07	0
3550.86	0
3551.64	0
3552.42	0
3553.2	0
3553.99	0
3554.77	0
3555.55	0
3556.33	0
3557.11	0
3557.9	0
3558.68	0
3559.46	0
3560.24	0
3561.03	1
3561.81	0
3562.59	0
3563.38	0
3564.16	0
3564.94	0
3565.72	0
3566.51	0
3567.29	0
3568.07	1
3568.86	0
3569.64	0
3570.42	0
3571.21	0
3571.99	1
3572.77	1
3573.56	0
3574.34	0
3575.12	0
3575.91	1
3576.69	0
3577.47	0
3578.26	0
3579.04	0
3579.83	0
3580.61	1
3581.39	0
3582.18	1
3582.96	0
3583.75	0
3584.53	1
3585.31	1
3586.1	1
3586.88	0
3587.67	0
3588.45	1
3589.24	0
3590.02	0
3590.8	0
3591.59	0
3592.37	0
3593.16	0
3593.94	0
3594.73	0
3595.51	0
3596.3	0
3597.08	1
3597.87	0
3598.65	0
3599.44	0
3600.22	0
3601.01	1
3601.79	0
3602.58	0
3603.36	0
3604.15	0
3604.94	0
3605.72	0
3606.51	0
3607.29	0
3608.08	0
3608.86	1
3609.65	0
3610.43	0
3611.22	0
3612.01	1
3612.79	0
3613.58	0
3614.36	0
3615.15	0
3615.94	0
3616.72	0
3617.51	0
3618.3	0
3619.08	0
3619.87	0
3620.65	0
3621.44	0
3622.23	0
3623.01	1
3623.8	0
3624.59	0
3625.37	0
3626.16	0
3626.95	0
3627.73	0
3628.52	0
3629.31	1
3630.1	0
3630.88	1
3631.67	0
3632.46	0
3633.24	0
3634.03	0
3634.82	1
3635.61	0
3636.39	0
3637.18	0
3637.97	0
3638.76	1
3639.54	0
3640.33	0
3641.12	1
3641.91	0
3642.69	1
3643.48	0
3644.27	0
3645.06	0
3645.85	0
3646.63	1
3647.42	0
3648.21	0
3649	0
3649.79	0
3650.57	0
3651.36	1
3652.15	0
3652.94	0
3653.73	1
3654.52	2
3655.31	0
3656.09	0
3656.88	0
3657.67	0
3658.46	1
3659.25	0
3660.04	0
3660.83	0
3661.62	0
3662.41	1
3663.19	0
3663.98	0
3664.77	1
3665.56	0
3666.35	0
3667.14	0
3667.93	0
3668.72	0
3669.51	0
3670.3	0
3671.09	0
3671.88	0
3672.67	0
3673.46	0
3674.25	0
3675.04	0
3675.83	0
3676.62	0
3677.41	1
3678.2	1
3678.99	0
3679.78	1
3680.57	0
3681.36	0
3682.15	0
3682.94	0
3683.73	0
3684.52	1
3685.31	0
3686.1	0
3686.89	0
3687.68	0
3688.47	0
3689.26	0
3690.05	1
3690.84	0
3691.63	0
3692.42	0
3693.22	0
3694.01	0
3694.8	0
3695.59	1
3696.38	0
3697.17	0
3697.96	0
3698.75	0
3699.54	0
3700.34	0
3701.13	0
3701.92	0
3702.71	1
3703.5	0
3704.29	0
3705.09	0
3705.88	0
3706.67	0
3707.46	0
3708.25	0
3709.04	0
3709.84	0
3710.63	0
3711.42	0
3712.21	0
3713	1
3713.8	0
3714.59	0
3715.38	0
3716.17	0
3716.97	0
3717.76	0
3718.55	0
3719.34	0
3720.14	0
3720.93	1
3721.72	0
3722.51	0
3723.31	0
3724.1	0
3724.89	0
3725.69	0
3726.48	0
3727.27	0
3728.07	1
3728.86	0
3729.65	0
3730.44	0
3731.24	1
3732.03	0
3732.82	1
3733.62	0
3734.41	0
3735.21	0
3736	0
3736.79	0
3737.59	0
3738.38	0
3739.17	0
3739.97	0
3740.76	0
3741.56	0
3742.35	0
3743.14	0
3743.94	0
3744.73	1
3745.53	0
3746.32	0
3747.11	1
3747.91	0
3748.7	0
3749.5	0
3750.29	1
3751.09	0
3751.88	1
3752.67	0
3753.47	0
3754.26	0
3755.06	1
3755.85	0
3756.65	1
3757.44	0
3758.24	0
3759.03	0
3759.83	0
3760.62	0
3761.42	0
3762.21	0
3763.01	0
3763.8	0
3764.6	0
3765.39	0
3766.19	0
3766.99	0
3767.78	1
3768.58	1
3769.37	0
3770.17	0
3770.96	0
3771.76	0
3772.56	0
3773.35	0
3774.15	0
3774.94	3
3775.74	0
3776.53	0
3777.33	0
3778.13	0
3778.92	0
3779.72	1
3780.52	0
3781.31	0
3782.11	0
3782.9	0
3783.7	0
3784.5	0
3785.29	0
3786.09	1
3786.89	0
3787.68	0
3788.48	2
3789.28	0
3790.07	0
3790.87	0
3791.67	0
3792.47	0
3793.26	0
3794.06	1
3794.86	0
3795.65	0
3796.45	0
3797.25	0
3798.05	0
3798.84	0
3799.64	0
3800.44	1
3801.24	0
3802.03	0
3802.83	0
3803.63	0
3804.43	0
3805.22	0
3806.02	1
3806.82	0
3807.62	0
3808.42	0
3809.21	0
3810.01	0
3810.81	0
3811.61	0
3812.41	0
3813.2	0
3814	0
3814.8	0
3815.6	0
3816.4	0
3817.2	0
3817.99	0
3818.79	0
3819.59	1
3820.39	0
3821.19	0
3821.99	0
3822.79	0
3823.59	0
3824.38	0
3825.18	0
3825.98	0
3826.78	0
3827.58	1
3828.38	0
3829.18	0
3829.98	0
3830.78	0
3831.58	1
3832.38	0
3833.18	0
3833.98	0
3834.78	0
3835.57	0
3836.37	0
3837.17	0
3837.97	0
3838.77	0
3839.57	0
3840.37	0
3841.17	0
3841.97	0
3842.77	0
3843.57	0
3844.37	0
3845.17	0
3845.97	1
3846.77	3
3847.57	0
3848.37	0
3849.17	0
3849.98	0
3850.78	0
3851.58	0
3852.38	1
3853.18	1
3853.98	2
3854.78	0
3855.58	0
3856.38	0
3857.18	0
3857.98	1
3858.78	0
3859.58	0
3860.39	0
3861.19	0
3861.99	0
3862.79	0
3863.59	1
3864.39	0
3865.19	0
3865.99	0
3866.8	1
3867.6	0
3868.4	1
3869.2	0
3870	0
3870.8	0
3871.61	0
3872.41	0
3873.21	0
3874.01	0
3874.81	0
3875.61	0
3876.42	0
3877.22	0
3878.02	0
3878.82	1
3879.63	0
3880.43	0
3881.23	0
3882.03	0
3882.83	0
3883.64	0
3884.44	1
3885.24	1
3886.04	0
3886.85	0
3887.65	0
3888.45	0
3889.26	0
3890.06	1
3890.86	0
3891.66	0
3892.47	0
3893.27	0
3894.07	0
3894.88	0
3895.68	0
3896.48	0
3897.29	0
3898.09	0
3898.89	0
3899.7	0
3900.5	0
3901.3	0
3902.11	0
3902.91	0
3903.71	0
3904.52	1
3905.32	1
3906.12	0
3906.93	0
3907.73	0
3908.54	0
3909.34	1
3910.14	0
3910.95	0
3911.75	0
3912.56	0
3913.36	0
3914.16	0
3914.97	0
3915.77	0
3916.58	0
3917.38	0
3918.19	0
3918.99	0
3919.8	0
3920.6	0
3921.4	0
3922.21	0
3923.01	0
3923.82	0
3924.62	0
3925.43	0
3926.23	1
3927.04	0
3927.84	0
3928.65	0
3929.45	0
3930.26	1
3931.06	0
3931.87	1
3932.67	0
3933.48	0
3934.29	0
3935.09	0
3935.9	2
3936.7	0
3937.51	0
3938.31	0
3939.12	1
3939.92	0
3940.73	0
3941.54	0
3942.34	1
3943.15	0
3943.95	1
3944.76	0
3945.57	0
3946.37	0
3947.18	0
3947.98	0
3948.79	0
3949.6	0
3950.4	0
3951.21	0
3952.02	0
3952.82	0
3953.63	0
3954.44	0
3955.24	0
3956.05	0
3956.86	1
3957.66	0
3958.47	0
3959.28	0
3960.08	0
3960.89	0
3961.7	0
3962.5	0
3963.31	0
3964.12	1
3964.93	0
3965.73	0
3966.54	0
3967.35	0
3968.15	1
3968.96	0
3969.77	0
3970.58	1
3971.38	0
3972.19	0
3973	0
3973.81	0
3974.62	0
3975.42	0
3976.23	0
3977.04	0
3977.85	0
3978.66	0
3979.46	0
3980.27	1
3981.08	0
3981.89	0
3982.7	0
3983.5	0
3984.31	0
3985.12	0
3985.93	0
3986.74	0
3987.55	0
3988.35	1
3989.16	0
3989.97	0
3990.78	0
3991.59	0
3992.4	0
3993.21	1
3994.02	0
3994.82	0
3995.63	0
3996.44	1
3997.25	1
3998.06	0
3998.87	0
3999.68	0
4000.49	2
4001.3	0
4002.11	0
4002.92	0
4003.73	0
4004.54	0
4005.34	0
4006.15	0
4006.96	0
4007.77	0
4008.58	0
4009.39	0
4010.2	1
4011.01	0
4011.82	0
4012.63	0
4013.44	0
4014.25	1
4015.06	2
4015.87	0
4016.68	0
4017.49	0
4018.3	0
4019.11	1
4019.92	0
4020.73	0
4021.54	0
4022.36	1
4023.17	1
4023.98	0
4024.79	1
4025.6	0
4026.41	0
4027.22	0
4028.03	0
4028.84	0
4029.65	0
4030.46	0
4031.27	1
4032.08	0
4032.9	0
4033.71	0
4034.52	0
4035.33	0
4036.14	0
4036.95	0
4037.76	2
4038.57	1
4039.39	0
4040.2	0
4041.01	0
4041.82	0
4042.63	1
4043.44	0
4044.26	0
4045.07	3
4045.88	0
4046.69	0
4047.5	0
4048.32	0
4049.13	0
4049.94	0
4050.75	1
4051.56	0
4052.38	0
4053.19	0
4054	0
4054.81	0
4055.63	1
4056.44	0
4057.25	0
4058.06	0
4058.88	1
4059.69	0
4060.5	1
4061.31	0
4062.13	0
4062.94	0
4063.75	1
4064.56	0
4065.38	0
4066.19	1
4067	0
4067.82	0
4068.63	0
4069.44	0
4070.26	0
4071.07	0
4071.88	1
4072.7	0
4073.51	1
4074.32	0
4075.14	0
4075.95	0
4076.76	0
4077.58	0
4078.39	0
4079.2	0
4080.02	0
4080.83	0
4081.65	1
4082.46	0
4083.27	0
4084.09	1
4084.9	0
4085.72	1
4086.53	0
4087.34	0
4088.16	0
4088.97	1
4089.79	0
4090.6	0
4091.42	0
4092.23	0
4093.04	0
4093.86	0
4094.67	1
4095.49	1
4096.3	0
4097.12	0
4097.93	0
4098.75	0
4099.56	0
4100.38	1
4101.19	0
4102.01	1
4102.82	1
4103.64	0
4104.45	1
4105.27	0
4106.08	0
4106.9	0
4107.71	1
4108.53	0
4109.34	1
4110.16	0
4110.97	2
4111.79	1
4112.61	0
4113.42	0
4114.24	0
4115.05	0
4115.87	1
4116.68	0
4117.5	0
4118.32	0
4119.13	1
4119.95	1
4120.76	1
4121.58	0
4122.4	0
4123.21	1
4124.03	0
4124.85	0
4125.66	2
4126.48	0
4127.29	1
4128.11	2
4128.93	1
4129.74	0
4130.56	0
4131.38	1
4132.19	2
4133.01	1
4133.83	0
4134.64	0
4135.46	1
4136.28	3
4137.1	1
4137.91	1
4138.73	1
4139.55	0
4140.36	2
4141.18	0
4142	0
4142.81	0
4143.63	1
4144.45	0
4145.27	2
4146.08	2
4146.9	0
4147.72	0
4148.54	1
4149.35	0
4150.17	1
4150.99	1
4151.81	1
4152.63	0
4153.44	1
4154.26	0
4155.08	0
4155.9	3
4156.72	1
4157.53	0
4158.35	1
4159.17	2
4159.99	0
4160.81	1
4161.62	0
4162.44	1
4163.26	0
4164.08	0
4164.9	1
4165.72	0
4166.54	1
4167.35	1
4168.17	0
4168.99	1
4169.81	1
4170.63	0
4171.45	0
4172.27	1
4173.09	2
4173.91	0
4174.72	1
4175.54	1
4176.36	0
4177.18	0
4178	1
4178.82	0
4179.64	0
4180.46	1
4181.28	1
4182.1	0
4182.92	0
4183.74	0
4184.56	0
4185.38	0
4186.2	0
4187.02	0
4187.83	0
4188.65	0
4189.47	0
4190.29	0
4191.11	1
4191.93	0
4192.75	1
4193.57	0
4194.39	0
4195.21	0
4196.04	0
4196.86	0
4197.68	0
4198.5	0
4199.32	0
4200.14	0
4200.96	0
4201.78	0
4202.6	0
4203.42	1
4204.24	0
4205.06	0
4205.88	0
4206.7	0
4207.52	0
4208.34	0
4209.16	0
4209.99	0
4210.81	0
4211.63	0
4212.45	0
4213.27	0
4214.09	0
4214.91	0
4215.73	0
4216.55	0
4217.38	0
4218.2	0
4219.02	0
4219.84	0
4220.66	0
4221.48	0
4222.31	0
4223.13	0
4223.95	0
4224.77	0
4225.59	0
4226.41	0
4227.24	0
4228.06	0
4228.88	0
4229.7	0
4230.52	0
4231.35	0
4232.17	0
4232.99	0
4233.81	0
4234.64	0
4235.46	0
4236.28	0
4237.1	0
4237.93	0
4238.75	0
4239.57	0
4240.39	0
4241.22	0
4242.04	0
4242.86	0
4243.68	0
4244.51	0
4245.33	0
4246.15	0
4246.98	0
4247.8	0
4248.62	0
4249.45	0
4250.27	0
4251.09	0
4251.91	0
4252.74	0
4253.56	0
4254.38	0
4255.21	0
4256.03	0
4256.86	0
4257.68	0
4258.5	0
4259.33	0
4260.15	0
4260.97	0
4261.8	0
4262.62	0
4263.45	0
4264.27	0
4265.09	0
4265.92	0
4266.74	0
4267.57	0
4268.39	0
4269.21	0
4270.04	0
4270.86	0
4271.69	0
4272.51	0
4273.34	0
4274.16	0
4274.98	0
4275.81	0
4276.63	0
4277.46	0
4278.28	0
4279.11	0
4279.93	0
4280.76	0
4281.58	0
4282.41	0
4283.23	0
4284.06	0
4284.88	0
4285.71	0
4286.53	0
4287.36	0
4288.18	0
4289.01	0
4289.83	0
4290.66	0
4291.48	0
4292.31	0
4293.13	0
4293.96	0
4294.79	0
4295.61	0
4296.44	0
4297.26	0
4298.09	0
4298.91	0
4299.74	0
4300.57	0
4301.39	0
4302.22	0
4303.04	0
4303.87	0
4304.7	0
4305.52	0
4306.35	0
4307.17	0
4308	0
4308.83	0
4309.65	0
4310.48	0
4311.31	0
4312.13	0
4312.96	0
4313.79	0
4314.61	0
4315.44	0
4316.27	0
4317.09	0
4317.92	0
4318.75	0
4319.57	0
4320.4	0
4321.23	0
4322.05	0
4322.88	0
4323.71	0
4324.54	0
4325.36	0
4326.19	0
4327.02	0
4327.84	0
4328.67	0
4329.5	0
4330.33	0
4331.15	0
4331.98	0
4332.81	0
4333.64	0
4334.46	0
4335.29	0
4336.12	0
4336.95	0
4337.78	0
4338.6	0
4339.43	0
4340.26	0
4341.09	0
4341.92	0
4342.74	0
4343.57	0
4344.4	0
4345.23	0
4346.06	0
4346.89	0
4347.71	0
4348.54	0
4349.37	0
4350.2	0
4351.03	0
4351.86	0
4352.68	0
4353.51	0
4354.34	0
4355.17	0
4356	0
4356.83	0
4357.66	0
4358.49	0
4359.32	0
4360.14	0
4360.97	0
4361.8	0
4362.63	0
4363.46	0
4364.29	0
4365.12	0
4365.95	0
4366.78	0
4367.61	0
4368.44	0
4369.27	0
4370.1	0
4370.93	0
4371.76	0
4372.59	0
4373.42	0
4374.25	0
4375.07	0
4375.9	0
4376.73	0
4377.56	0
4378.39	0
4379.22	0
4380.05	0
4380.88	0
4381.72	0
4382.55	0
4383.38	0
4384.21	0
4385.04	0
4385.87	0
4386.7	0
4387.53	0
4388.36	0
4389.19	0
4390.02	0
4390.85	0
4391.68	0
4392.51	0
4393.34	0
4394.17	0
4395	0
4395.83	0
4396.67	0
4397.5	0
4398.33	0
4399.16	0
4399.99	0
4400.82	0
4401.65	0
4402.48	0
4403.32	0
4404.15	0
4404.98	0
4405.81	0
4406.64	0
4407.47	0
4408.3	0
4409.14	0
4409.97	0
4410.8	0
4411.63	0
4412.46	0
4413.29	0
4414.13	0
4414.96	0
4415.79	0
4416.62	0
4417.45	0
4418.29	0
4419.12	0
4419.95	0
4420.78	0
4421.61	0
4422.45	0
4423.28	0
4424.11	0
4424.94	0
4425.78	0
4426.61	0
4427.44	0
4428.27	0
4429.11	0
4429.94	0
4430.77	0
4431.61	0
4432.44	0
4433.27	0
4434.1	0
4434.94	0
4435.77	0
4436.6	0
4437.44	0
4438.27	0
4439.1	0
4439.94	0
4440.77	0
4441.6	0
4442.44	0
4443.27	0
4444.1	0
4444.94	0
4445.77	0
4446.6	0
4447.44	0
4448.27	0
4449.1	0
4449.94	0
4450.77	0
4451.61	0
4452.44	0
4453.27	0
4454.11	0
4454.94	0
4455.78	0
4456.61	0
4457.44	0
4458.28	0
4459.11	0
4459.95	0
4460.78	0
4461.61	0
4462.45	0
4463.28	0
4464.12	0
4464.95	0
4465.79	0
4466.62	0
4467.46	0
4468.29	0
4469.13	0
4469.96	0
4470.8	0
4471.63	0
4472.46	0
4473.3	0
4474.13	0
4474.97	0
4475.8	0
4476.64	0
4477.48	0
4478.31	0
4479.15	0
4479.98	0
4480.82	0
4481.65	0
4482.49	0
4483.32	0
4484.16	0
4484.99	0
4485.83	0
4486.66	0
4487.5	0
4488.34	0
4489.17	0
4490.01	0
4490.84	0
4491.68	0
4492.52	0
4493.35	0
4494.19	0
4495.02	0
4495.86	0
4496.7	0
4497.53	0
4498.37	0
4499.2	0
4500.04	0
4500.88	0
4501.71	0
4502.55	0
4503.39	0
4504.22	0
4505.06	0
4505.9	0
4506.73	0
4507.57	0
4508.41	0
4509.24	0
4510.08	0
4510.92	0
4511.75	0
4512.59	0
4513.43	0
4514.26	0
4515.1	0
4515.94	0
4516.78	0
4517.61	0
4518.45	0
4519.29	0
4520.12	0
4520.96	0
4521.8	0
4522.64	0
4523.47	0
4524.31	0
4525.15	0
4525.99	0
4526.82	0
4527.66	0
4528.5	0
4529.34	0
4530.18	0
4531.01	0
4531.85	0
4532.69	0
4533.53	0
4534.37	0
4535.2	0
4536.04	0
4536.88	0
4537.72	0
4538.56	0
4539.4	0
4540.23	0
4541.07	0
4541.91	0
4542.75	0
4543.59	0
4544.43	0
4545.26	0
4546.1	0
4546.94	0
4547.78	0
4548.62	0
4549.46	0
4550.3	0
4551.14	0
4551.97	0
4552.81	0
4553.65	0
4554.49	0
4555.33	0
4556.17	0
4557.01	0
4557.85	0
4558.69	0
4559.53	0
4560.37	0
4561.21	0
4562.05	0
4562.89	0
4563.72	0
4564.56	0
4565.4	0
4566.24	0
4567.08	0
4567.92	0
4568.76	0
4569.6	0
4570.44	0
4571.28	0
4572.12	0
4572.96	0
4573.8	0
4574.64	0
4575.48	0
4576.32	0
4577.16	0
4578	0
4578.84	0
4579.68	0
4580.52	0
4581.36	0
4582.21	0
4583.05	0
4583.89	0
4584.73	0
4585.57	0
4586.41	0
4587.25	0
4588.09	0
4588.93	0
4589.77	0
4590.61	0
4591.45	0
4592.29	0
4593.14	0
4593.98	0
4594.82	0
4595.66	0
4596.5	0
4597.34	0
4598.18	0
4599.02	0
4599.86	0
4600.71	0
4601.55	0
4602.39	0
4603.23	0
4604.07	0
4604.91	0
4605.76	0
4606.6	0
4607.44	0
4608.28	0
4609.12	0
4609.96	0
4610.81	0
4611.65	0
4612.49	0
4613.33	0
4614.17	0
4615.02	0
4615.86	0
4616.7	0
4617.54	0
4618.39	0
4619.23	0
4620.07	0
4620.91	0
4621.75	0
4622.6	0
4623.44	0
4624.28	0
4625.12	0
4625.97	0
4626.81	0
4627.65	0
4628.5	0
4629.34	0
4630.18	0
4631.02	0
4631.87	0
4632.71	0
4633.55	0
4634.4	0
4635.24	0
4636.08	0
4636.93	0
4637.77	0
4638.61	0
4639.46	0
4640.3	0
4641.14	0
4641.99	0
4642.83	0
4643.67	0
4644.52	0
4645.36	0
4646.2	0
4647.05	0
4647.89	0
4648.73	0
4649.58	0
4650.42	0
4651.27	0
4652.11	0
4652.95	0
4653.8	0
4654.64	0
4655.49	0
4656.33	0
4657.17	0
4658.02	0
4658.86	0
4659.71	0
4660.55	0
4661.4	0
4662.24	0
4663.09	0
4663.93	0
4664.77	0
4665.62	0
4666.46	0
4667.31	0
4668.15	0
4669	0
4669.84	0
4670.69	0
4671.53	0
4672.38	0
4673.22	0
4674.07	0
4674.91	0
4675.76	0
4676.6	0
4677.45	0
4678.29	0
4679.14	0
4679.98	0
4680.83	0
4681.67	0
4682.52	0
4683.37	0
4684.21	0
4685.06	0
4685.9	0
4686.75	0
4687.59	0
4688.44	0
4689.28	0
4690.13	0
4690.98	0
4691.82	0
4692.67	0
4693.51	0
4694.36	0
4695.21	0
4696.05	0
4696.9	0
4697.74	0
4698.59	0
4699.44	0
4700.28	0
4701.13	0
4701.98	0
4702.82	0
4703.67	0
4704.52	0
4705.36	0
4706.21	0
4707.06	0
4707.9	0
4708.75	0
4709.6	0
4710.44	0
4711.29	0
4712.14	0
4712.98	0
4713.83	0
4714.68	0
4715.52	0
4716.37	0
4717.22	0
4718.07	0
4718.91	0
4719.76	0
4720.61	0
4721.45	0
4722.3	0
4723.15	0
4724	0
4724.84	0
4725.69	0
4726.54	0
4727.39	0
4728.23	0
4729.08	0
4729.93	0
4730.78	0
4731.63	0
4732.47	0
4733.32	0
4734.17	0
4735.02	0
4735.87	0
4736.71	0
4737.56	0
4738.41	0
4739.26	0
4740.11	0
4740.95	0
4741.8	0
4742.65	0
4743.5	0
4744.35	0
4745.2	0
4746.05	0
4746.89	0
4747.74	0
4748.59	0
4749.44	0
4750.29	0
4751.14	0
4751.99	0
4752.83	0
4753.68	0
4754.53	0
4755.38	0
4756.23	0
4757.08	0
4757.93	0
4758.78	0
4759.63	0
4760.48	0
4761.33	0
4762.17	0
4763.02	0
4763.87	0
4764.72	0
4765.57	0
4766.42	0
4767.27	0
4768.12	0
4768.97	0
4769.82	0
4770.67	0
4771.52	0
4772.37	0
4773.22	0
4774.07	0
4774.92	0
4775.77	0
4776.62	0
4777.47	0
4778.32	0
4779.17	0
4780.02	0
4780.87	0
4781.72	0
4782.57	0
4783.42	0
4784.27	0
4785.12	0
4785.97	0
4786.82	0
4787.67	0
4788.52	0
4789.37	0
4790.22	0
4791.08	0
4791.93	0
4792.78	0
4793.63	0
4794.48	0
4795.33	0
4796.18	0
4797.03	0
4797.88	0
4798.73	0
4799.58	0
4800.44	0
4801.29	0
4802.14	0
4802.99	0
4803.84	0
4804.69	0
4805.54	0
4806.39	0
4807.25	0
4808.1	0
4808.95	0
4809.8	0
4810.65	0
4811.5	0
4812.36	0
4813.21	0
4814.06	0
4814.91	0
4815.76	0
4816.61	0
4817.47	0
4818.32	0
4819.17	0
4820.02	0
4820.87	0
4821.73	0
4822.58	0
4823.43	0
4824.28	0
4825.14	0
4825.99	0
4826.84	0
4827.69	0
4828.55	0
4829.4	0
4830.25	0
4831.1	0
4831.96	0
4832.81	0
4833.66	0
4834.51	0
4835.37	0
4836.22	0
4837.07	0
4837.93	0
4838.78	0
4839.63	0
4840.48	0
4841.34	0
4842.19	0
4843.04	0
4843.9	0
4844.75	0
4845.6	0
4846.46	0
4847.31	0
4848.16	0
4849.02	0
4849.87	0
4850.72	0
4851.58	0
4852.43	0
4853.28	0
4854.14	0
4854.99	0
4855.85	0
4856.7	0
4857.55	0
4858.41	0
4859.26	0
4860.12	0
4860.97	0
4861.82	0
4862.68	0
4863.53	0
4864.39	0
4865.24	0
4866.09	0
4866.95	0
4867.8	0
4868.66	0
4869.51	0
4870.37	0
4871.22	0
4872.07	0
4872.93	0
4873.78	0
4874.64	0
4875.49	0
4876.35	0
4877.2	0
4878.06	0
4878.91	0
4879.77	0
4880.62	0
4881.48	0
4882.33	0
4883.19	0
4884.04	0
4884.9	0
4885.75	0
4886.61	0
4887.46	0
4888.32	0
4889.17	0
4890.03	0
4890.88	0
4891.74	0
4892.6	0
4893.45	0
4894.31	0
4895.16	0
4896.02	0
4896.87	0
4897.73	0
4898.58	0
4899.44	0
4900.3	0
4901.15	0
4902.01	0
4902.86	0
4903.72	0
4904.58	0
4905.43	0
4906.29	0
4907.14	0
4908	0
4908.86	0
4909.71	0
4910.57	0
4911.43	0
4912.28	0
4913.14	0
4914	0
4914.85	0
4915.71	0
4916.56	0
4917.42	0
4918.28	0
4919.13	0
4919.99	0
4920.85	0
4921.71	0
4922.56	0
4923.42	0
4924.28	0
4925.13	0
4925.99	0
4926.85	0
4927.7	0
4928.56	0
4929.42	0
4930.28	0
4931.13	0
4931.99	0
4932.85	0
4933.7	0
4934.56	0
4935.42	0
4936.28	0
4937.13	0
4937.99	0
4938.85	0
4939.71	0
4940.57	0
4941.42	0
4942.28	0
4943.14	0
4944	0
4944.85	0
4945.71	0
4946.57	0
4947.43	0
4948.29	0
4949.14	0
4950	0
4950.86	0
4951.72	0
4952.58	0
4953.44	0
4954.29	0
4955.15	0
4956.01	0
4956.87	0
4957.73	0
4958.59	0
4959.44	0
4960.3	0
4961.16	0
4962.02	0
4962.88	0
4963.74	0
4964.6	0
4965.46	0
4966.31	0
4967.17	0
4968.03	0
4968.89	0
4969.75	0
4970.61	0
4971.47	0
4972.33	0
4973.19	0
4974.05	0
4974.91	0
4975.76	0
4976.62	0
4977.48	0
4978.34	0
4979.2	0
4980.06	0
4980.92	0
4981.78	0
4982.64	0
4983.5	0
4984.36	0
4985.22	0
4986.08	0
4986.94	0
4987.8	0
4988.66	0
4989.52	0
4990.38	0
4991.24	0
4992.1	0
4992.96	0
4993.82	0
4994.68	0
4995.54	0
4996.4	0
4997.26	0
4998.12	0
4998.98	0
4999.84	0
5000.7	0
5001.56	0
5002.42	0
5003.28	0
5004.14	0
5005	0
5005.87	0
5006.73	0
5007.59	0
5008.45	0
5009.31	0
5010.17	0
5011.03	0
5011.89	0
5012.75	0
5013.61	0
5014.47	0
5015.34	0
5016.2	0
5017.06	0
5017.92	0
5018.78	0
5019.64	0
5020.5	0
5021.36	0
5022.23	0
5023.09	0
5023.95	0
5024.81	0
5025.67	0
5026.53	0
5027.4	0
5028.26	0
5029.12	0
5029.98	0
5030.84	0
5031.7	0
5032.57	0
5033.43	0
5034.29	0
5035.15	0
5036.01	0
5036.88	0
5037.74	0
5038.6	0
5039.46	0
5040.32	0
5041.19	0
5042.05	0
5042.91	0
5043.77	0
5044.64	0
5045.5	0
5046.36	0
5047.22	0
5048.09	0
5048.95	0
5049.81	0
5050.67	0
5051.54	0
5052.4	0
5053.26	0
5054.13	0
5054.99	0
5055.85	0
5056.71	0
5057.58	0
5058.44	0
5059.3	0
5060.17	0
5061.03	0
5061.89	0
5062.76	0
5063.62	0
5064.48	0
5065.35	0
5066.21	0
5067.07	0
5067.94	0
5068.8	0
5069.66	0
5070.53	0
5071.39	0
5072.25	0
5073.12	0
5073.98	0
5074.85	0
5075.71	0
5076.57	0
5077.44	0
5078.3	0
5079.17	0
5080.03	0
5080.89	0
5081.76	0
5082.62	0
5083.49	0
5084.35	0
5085.21	0
5086.08	0
5086.94	0
5087.81	0
5088.67	0
5089.54	0
5090.4	0
5091.27	0
5092.13	0
5092.99	0
5093.86	0
5094.72	0
5095.59	0
5096.45	0
5097.32	0
5098.18	0
5099.05	0
5099.91	0
5100.78	0
5101.64	0
5102.51	0
5103.37	0
5104.24	0
5105.1	0
5105.97	0
5106.83	0
5107.7	0
5108.56	0
5109.43	0
5110.29	0
5111.16	0
5112.03	0
5112.89	0
5113.76	0
5114.62	0
5115.49	0
5116.35	0
5117.22	0
5118.08	0
5118.95	0
5119.82	0
5120.68	0
5121.55	0
5122.41	0
5123.28	0
5124.15	0
5125.01	0
5125.88	0
5126.74	0
5127.61	0
5128.48	0
5129.34	0
5130.21	0
5131.07	0
5131.94	0
5132.81	0
5133.67	0
5134.54	0
5135.41	0
5136.27	0
5137.14	0
5138.01	0
5138.87	0
5139.74	0
5140.61	0
5141.47	0
5142.34	0
5143.21	0
5144.07	0
5144.94	0
5145.81	0
5146.67	0
5147.54	0
5148.41	0
5149.28	0
5150.14	0
5151.01	0
5151.88	0
5152.74	0
5153.61	0
5154.48	0
5155.35	0
5156.21	0
5157.08	0
5157.95	0
5158.82	0
5159.68	0
5160.55	0
5161.42	0
5162.29	0
5163.15	0
5164.02	0
5164.89	0
5165.76	0
5166.63	0
5167.49	0
5168.36	0
5169.23	0
5170.1	0
5170.96	0
5171.83	0
5172.7	0
5173.57	0
5174.44	0
5175.31	0
5176.17	0
5177.04	0
5177.91	0
5178.78	0
5179.65	0
5180.52	0
5181.38	0
5182.25	0
5183.12	0
5183.99	0
5184.86	0
5185.73	0
5186.6	0
5187.46	0
5188.33	0
5189.2	0
5190.07	0
5190.94	0
5191.81	0
5192.68	0
5193.55	0
5194.42	0
5195.29	0
5196.15	0
5197.02	0
5197.89	0
5198.76	0
5199.63	0
5200.5	0
5201.37	0
5202.24	0
5203.11	0
5203.98	0
5204.85	0
5205.72	0
5206.59	0
5207.46	0
5208.33	0
5209.2	0
5210.07	0
5210.94	0
5211.81	0
5212.67	0
5213.54	0
5214.41	0
5215.28	0
5216.15	0
5217.02	0
5217.89	0
5218.76	0
5219.63	0
5220.51	0
5221.38	0
5222.25	0
5223.12	0
5223.99	0
5224.86	0
5225.73	0
5226.6	0
5227.47	0
5228.34	0
5229.21	0
5230.08	0
5230.95	0
5231.82	0
5232.69	0
5233.56	0
5234.43	0
5235.3	0
5236.17	0
5237.05	0
5237.92	0
5238.79	0
5239.66	0
5240.53	0
5241.4	0
5242.27	0
5243.14	0
5244.01	0
5244.89	0
5245.76	0
5246.63	0
5247.5	0
5248.37	0
5249.24	0
5250.11	0
5250.99	0
5251.86	0
5252.73	0
5253.6	0
5254.47	0
5255.34	0
5256.21	0
5257.09	0
5257.96	0
5258.83	0
5259.7	0
5260.57	0
5261.45	0
5262.32	0
5263.19	0
5264.06	0
5264.93	0
5265.81	0
5266.68	0
5267.55	0
5268.42	0
5269.3	0
5270.17	0
5271.04	0
5271.91	0
5272.78	0
5273.66	0
5274.53	0
5275.4	0
5276.27	0
5277.15	0
5278.02	0
5278.89	0
5279.77	0
5280.64	0
5281.51	0
5282.38	0
5283.26	0
5284.13	0
5285	0
5285.88	0
5286.75	0
5287.62	0
5288.49	0
5289.37	0
5290.24	0
5291.11	0
5291.99	0
5292.86	0
5293.73	0
5294.61	0
5295.48	0
5296.35	0
5297.23	0
5298.1	0
5298.97	0
5299.85	0
5300.72	0
5301.6	0
5302.47	0
5303.34	0
5304.22	0
5305.09	0
5305.96	0
5306.84	0
5307.71	0
5308.59	0
5309.46	0
5310.33	0
5311.21	0
5312.08	0
5312.96	0
5313.83	0
5314.7	0
5315.58	0
5316.45	0
5317.33	0
5318.2	0
5319.08	0
5319.95	0
5320.82	0
5321.7	0
5322.57	0
5323.45	0
5324.32	0
5325.2	0
5326.07	0
5326.95	0
5327.82	0
5328.7	0
5329.57	0
5330.45	0
5331.32	0
5332.2	0
5333.07	0
5333.95	0
5334.82	0
5335.7	0
5336.57	0
5337.45	0
5338.32	0
5339.2	0
5340.07	0
5340.95	0
5341.82	0
5342.7	0
5343.57	0
5344.45	0
5345.32	0
5346.2	0
5347.08	0
5347.95	0
5348.83	0
5349.7	0
5350.58	0
5351.45	0
5352.33	0
5353.21	0
5354.08	0
5354.96	0
5355.83	0
5356.71	0
5357.59	0
5358.46	0
5359.34	0
5360.21	0
5361.09	0
5361.97	0
5362.84	0
5363.72	0
5364.59	0
5365.47	0
5366.35	0
5367.22	0
5368.1	0
5368.98	0
5369.85	0
5370.73	0
5371.61	0
5372.48	0
5373.36	0
5374.24	0
5375.11	0
5375.99	0
5376.87	0
5377.74	0
5378.62	0
5379.5	0
5380.37	0
5381.25	0
5382.13	0
5383	0
5383.88	0
5384.76	0
5385.64	0
5386.51	0
5387.39	0
5388.27	0
5389.15	0
5390.02	0
5390.9	0
5391.78	0
5392.65	0
5393.53	0
5394.41	0
5395.29	0
5396.17	0
5397.04	0
5397.92	0
5398.8	0
5399.68	0
5400.55	0
5401.43	0
5402.31	0
5403.19	0
5404.07	0
5404.94	0
5405.82	0
5406.7	0
5407.58	0
5408.46	0
5409.33	0
5410.21	0
5411.09	0
5411.97	0
5412.85	0
5413.72	0
5414.6	0
5415.48	0
5416.36	0
5417.24	0
5418.12	0
5419	0
5419.87	0
5420.75	0
5421.63	0
5422.51	0
5423.39	0
