-5.15587e-020	0
0.2201	0
0.4402	0
0.6603	0
0.8804	0
1.1005	0
1.3206	0
1.5407	0
1.7608	0
1.9809	0
2.201	0
2.4211	0
2.6412	0
2.8613	0
3.0814	0
3.3015	0
3.5216	0
3.7417	0
3.9618	0
4.1819	0
4.402	0
4.6221	0
4.8422	0
5.0623	0
5.2824	0
5.5025	0
5.7226	0
5.9427	0
6.1628	0
6.3829	0
6.603	0
6.8231	0
7.0432	0
7.2633	1
7.4834	4
7.7035	5
7.9236	49
8.1437	79
8.3638	82
8.5839	93
8.804	78
9.0241	76
9.2442	80
9.4643	67
9.6844	83
9.9045	73
10.1246	76
10.3447	76
10.5648	94
10.7849	79
11.005	71
11.2251	81
11.4452	77
11.6653	79
11.8854	85
12.1055	70
12.3256	81
12.5457	96
12.7658	86
12.9859	90
13.206	74
13.4261	81
13.6462	82
13.8663	87
14.0864	72
14.3065	60
14.5266	76
14.7467	85
14.9668	87
15.1869	77
15.407	77
15.6271	82
15.8472	72
16.0673	93
16.2874	63
16.5075	74
16.7276	86
16.9477	67
17.1678	77
17.3879	82
17.608	73
17.8281	86
18.0482	70
18.2683	83
18.4884	83
18.7085	75
18.9286	68
19.1487	90
19.3688	77
19.5889	67
19.809	93
20.0291	76
20.2492	83
20.4693	76
20.6894	76
20.9095	80
21.1296	76
21.3497	94
21.5698	99
21.7899	75
22.01	73
22.2301	90
22.4502	95
22.6703	85
22.8904	94
23.1105	94
23.3306	98
23.5507	91
23.7708	105
23.9909	124
24.211	111
24.4311	117
24.6512	121
24.8713	128
25.0914	128
25.3115	148
25.5316	144
25.7517	175
25.9718	175
26.1919	211
26.412	257
26.6321	228
26.8522	191
27.0723	193
27.2924	163
27.5125	162
27.7326	198
27.9527	181
28.1728	189
28.3929	205
28.613	226
28.8331	230
29.0532	252
29.2733	246
29.4934	243
29.7135	252
29.9336	287
30.1537	329
30.3738	380
30.5939	455
30.814	457
31.0341	554
31.2542	604
31.4743	631
31.6944	707
31.9145	679
32.1346	641
32.3547	656
32.5748	641
32.7949	630
33.015	642
33.2351	621
33.4552	614
33.6753	628
33.8954	657
34.1155	650
34.3356	617
34.5557	603
34.7758	653
34.9959	674
35.216	1020
35.4361	1661
35.6562	3017
35.8763	4633
36.0964	5832
36.3165	7057
36.5366	6851
36.7567	5433
36.9768	3055
37.1969	1277
37.417	485
37.6371	235
37.8572	205
38.0773	190
38.2974	212
38.5175	214
38.7376	247
38.9577	240
39.1778	262
39.3979	252
39.618	240
39.8381	215
40.0582	168
40.2783	142
40.4984	156
40.7185	170
40.9386	226
41.1587	453
41.3788	947
41.5989	1558
41.819	1874
42.0391	1561
42.2592	1063
42.4793	588
42.6994	463
42.9195	509
43.1396	521
43.3597	396
43.5798	224
43.7999	121
44.02	65
44.2401	64
44.4602	65
44.6803	72
44.9004	70
45.1205	85
45.3406	89
45.5607	62
45.7808	63
46.0009	47
46.221	51
46.4411	51
46.6612	56
46.8813	53
47.1014	44
47.3215	50
47.5416	51
47.7617	52
47.9818	37
48.2019	50
48.422	52
48.6421	47
48.8622	42
49.0823	52
49.3024	45
49.5225	36
49.7426	57
49.9627	49
50.1828	52
50.4029	49
50.623	46
50.8431	55
51.0632	43
51.2833	47
51.5034	54
51.7235	50
51.9436	50
52.1637	52
52.3838	49
52.6039	60
52.824	53
53.0441	42
53.2642	57
53.4843	47
53.7044	65
53.9245	50
54.1446	47
54.3647	46
54.5848	58
54.8049	53
55.025	47
55.2451	60
55.4652	53
55.6853	49
55.9054	54
56.1255	54
56.3456	60
56.5657	57
56.7858	55
57.0059	57
57.226	55
57.4461	50
57.6662	52
57.8863	42
58.1064	54
58.3265	57
58.5466	55
58.7667	57
58.9868	51
59.2069	61
59.427	64
59.6471	50
59.8672	60
60.0873	45
60.3074	61
60.5275	68
60.7476	66
60.9677	56
61.1878	61
61.4079	65
61.628	73
61.8481	67
62.0682	67
62.2883	68
62.5084	65
62.7285	53
62.9486	63
63.1687	51
63.3888	59
63.6089	70
63.829	59
64.0491	81
64.2692	58
64.4893	74
64.7094	71
64.9295	58
65.1496	63
65.3697	71
65.5898	69
65.8099	69
66.03	76
66.2501	66
66.4702	73
66.6903	86
66.9104	70
67.1305	75
67.3506	71
67.5707	80
67.7908	62
68.0109	82
68.231	65
68.4511	75
68.6712	78
68.8913	101
69.1114	128
69.3315	142
69.5516	155
69.7717	147
69.9918	97
70.2119	83
70.432	89
70.6521	76
70.8722	93
71.0923	134
71.3124	194
71.5325	228
71.7526	255
71.9727	216
72.1928	143
72.4129	95
72.633	83
72.8531	73
73.0732	68
73.2933	68
73.5134	76
73.7335	85
73.9536	99
74.1737	78
74.3938	78
74.6139	64
74.834	77
75.0541	90
75.2742	66
75.4943	66
75.7144	71
75.9345	72
76.1546	77
76.3747	96
76.5948	87
76.8149	67
77.035	96
77.2551	98
77.4752	75
77.6953	88
77.9154	87
78.1355	74
78.3556	76
78.5757	82
78.7958	84
79.0159	93
79.236	91
79.4561	101
79.6762	104
79.8963	106
80.1164	107
80.3365	125
80.5566	138
80.7767	122
80.9968	177
81.2169	194
81.437	226
81.6571	216
81.8772	217
82.0973	163
82.3174	140
82.5375	123
82.7576	111
82.9777	100
83.1978	106
83.4179	140
83.638	124
83.8581	120
84.0782	136
84.2983	137
84.5184	137
84.7385	116
84.9586	111
85.1787	103
85.3988	97
85.6189	112
85.839	115
86.0591	94
86.2792	103
86.4993	112
86.7194	110
86.9395	105
87.1596	96
87.3797	126
87.5998	98
87.8199	104
88.04	94
88.2601	105
88.4802	91
88.7003	97
88.9204	78
89.1405	108
89.3606	117
89.5807	103
89.8008	102
90.0209	95
90.241	93
90.4611	83
90.6812	118
90.9013	89
91.1214	99
91.3415	106
91.5616	81
91.7817	97
92.0018	100
92.2219	88
92.442	96
92.6621	79
92.8822	79
93.1023	119
93.3224	108
93.5425	112
93.7626	104
93.9827	102
94.2028	101
94.4229	90
94.643	94
94.8631	105
95.0832	95
95.3033	94
95.5234	107
95.7435	111
95.9636	98
96.1837	105
96.4038	83
96.6239	79
96.844	99
97.0641	92
97.2842	102
97.5043	91
97.7244	67
97.9445	86
98.1646	110
98.3847	101
98.6048	94
98.8249	84
99.045	89
99.2651	84
99.4852	100
99.7053	90
99.9254	85
100.146	90
100.366	92
100.586	81
100.806	94
101.026	95
101.246	74
101.466	82
101.686	77
101.906	81
102.126	79
102.346	92
102.567	65
102.787	71
103.007	87
103.227	85
103.447	81
103.667	51
103.887	82
104.107	76
104.327	63
104.548	84
104.768	96
104.988	74
105.208	64
105.428	64
105.648	65
105.868	67
106.088	67
106.308	85
106.528	65
106.748	62
106.969	72
107.189	78
107.409	69
107.629	76
107.849	78
108.069	83
108.289	77
108.509	80
108.729	87
108.95	69
109.17	79
109.39	74
109.61	71
109.83	55
110.05	67
110.27	59
110.49	68
110.71	75
110.93	67
111.15	75
111.371	67
111.591	75
111.811	73
112.031	63
112.251	73
112.471	67
112.691	78
112.911	68
113.131	63
113.352	75
113.572	62
113.792	63
114.012	70
114.232	65
114.452	67
114.672	57
114.892	67
115.112	68
115.332	60
115.552	86
115.773	72
115.993	63
116.213	68
116.433	57
116.653	61
116.873	57
117.093	72
117.313	74
117.533	75
117.753	130
117.974	313
118.194	951
118.414	1950
118.634	3240
118.854	3801
119.074	3380
119.294	2184
119.514	1000
119.734	362
119.955	136
120.175	64
120.395	51
120.615	40
120.835	68
121.055	43
121.275	47
121.495	48
121.715	48
121.935	37
122.155	41
122.376	50
122.596	48
122.816	39
123.036	40
123.256	51
123.476	40
123.696	44
123.916	38
124.136	49
124.357	37
124.577	53
124.797	58
125.017	41
125.237	49
125.457	42
125.677	54
125.897	38
126.117	50
126.337	39
126.557	38
126.778	37
126.998	46
127.218	50
127.438	50
127.658	49
127.878	55
128.098	56
128.318	47
128.538	61
128.759	48
128.979	45
129.199	56
129.419	48
129.639	47
129.859	47
130.079	58
130.299	49
130.519	32
130.739	62
130.959	44
131.18	48
131.4	47
131.62	54
131.84	53
132.06	50
132.28	40
132.5	50
132.72	55
132.94	43
133.16	39
133.381	41
133.601	42
133.821	39
134.041	48
134.261	46
134.481	42
134.701	47
134.921	39
135.141	47
135.362	33
135.582	53
135.802	47
136.022	37
136.242	59
136.462	32
136.682	42
136.902	42
137.122	43
137.342	57
137.563	42
137.783	49
138.003	36
138.223	40
138.443	53
138.663	58
138.883	42
139.103	39
139.323	49
139.543	52
139.763	33
139.984	47
140.204	42
140.424	52
140.644	53
140.864	40
141.084	46
141.304	53
141.524	40
141.744	45
141.964	36
142.185	36
142.405	38
142.625	51
142.845	49
143.065	47
143.285	57
143.505	44
143.725	42
143.945	37
144.165	49
144.386	52
144.606	51
144.826	63
145.046	60
145.266	48
145.486	46
145.706	60
145.926	44
146.146	45
146.367	48
146.587	66
146.807	53
147.027	55
147.247	50
147.467	51
147.687	49
147.907	49
148.127	64
148.347	43
148.568	50
148.788	50
149.008	67
149.228	56
149.448	48
149.668	56
149.888	54
150.108	63
150.328	51
150.548	52
150.768	48
150.989	47
151.209	54
151.429	46
151.649	49
151.869	44
152.089	38
152.309	52
152.529	57
152.749	45
152.969	55
153.19	49
153.41	58
153.63	59
153.85	46
154.07	52
154.29	51
154.51	68
154.73	58
154.95	41
155.171	42
155.391	57
155.611	48
155.831	53
156.051	53
156.271	48
156.491	61
156.711	57
156.931	48
157.151	68
157.372	48
157.592	51
157.812	57
158.032	64
158.252	73
158.472	51
158.692	55
158.912	71
159.132	64
159.352	76
159.572	67
159.793	56
160.013	43
160.233	45
160.453	47
160.673	47
160.893	38
161.113	49
161.333	38
161.553	38
161.773	52
161.994	52
162.214	40
162.434	68
162.654	38
162.874	47
163.094	56
163.314	46
163.534	41
163.754	64
163.975	53
164.195	51
164.415	55
164.635	51
164.855	50
165.075	55
165.295	49
165.515	47
165.735	47
165.955	54
166.176	56
166.396	48
166.616	38
166.836	50
167.056	45
167.276	45
167.496	35
167.716	50
167.936	45
168.156	55
168.376	58
168.597	35
168.817	48
169.037	52
169.257	53
169.477	44
169.697	44
169.917	65
170.137	49
170.357	50
170.577	50
170.798	40
171.018	45
171.238	49
171.458	49
171.678	64
171.898	42
172.118	38
172.338	50
172.558	46
172.778	55
172.999	41
173.219	47
173.439	55
173.659	49
173.879	49
174.099	45
174.319	54
174.539	48
174.759	52
174.98	45
175.2	43
175.42	61
175.64	52
175.86	52
176.08	41
176.3	55
176.52	49
176.74	39
176.96	38
177.18	41
177.401	36
177.621	42
177.841	49
178.061	52
178.281	50
178.501	55
178.721	44
178.941	53
179.161	52
179.381	56
179.602	45
179.822	48
180.042	48
180.262	48
180.482	44
180.702	46
180.922	56
181.142	50
181.362	54
181.582	41
181.803	47
182.023	46
182.243	41
182.463	54
182.683	53
182.903	41
183.123	39
183.343	40
183.563	49
183.784	50
184.004	42
184.224	46
184.444	53
184.664	42
184.884	43
185.104	53
185.324	50
185.544	43
185.764	43
185.985	41
186.205	44
186.425	32
186.645	42
186.865	48
187.085	52
187.305	47
187.525	43
187.745	29
187.965	36
188.185	38
188.406	46
188.626	52
188.846	44
189.066	65
189.286	46
189.506	52
189.726	44
189.946	49
190.166	48
190.386	45
190.607	44
190.827	54
191.047	35
191.267	49
191.487	57
191.707	43
191.927	54
192.147	47
192.367	38
192.587	45
192.808	49
193.028	42
193.248	41
193.468	63
193.688	38
193.908	36
194.128	49
194.348	38
194.568	43
194.789	44
195.009	53
195.229	32
195.449	47
195.669	47
195.889	43
196.109	28
196.329	40
196.549	46
196.769	39
196.989	37
197.21	36
197.43	40
197.65	42
197.87	47
198.09	35
198.31	45
198.53	36
198.75	35
198.97	45
199.19	50
199.411	43
199.631	36
199.851	48
200.071	37
200.291	32
200.511	36
200.731	43
200.951	26
201.171	24
201.391	30
201.612	36
201.832	35
202.052	28
202.272	41
202.492	30
202.712	38
202.932	48
203.152	36
203.372	32
203.593	35
203.813	36
204.033	33
204.253	40
204.473	36
204.693	46
204.913	27
205.133	34
205.353	39
205.573	28
205.793	39
206.014	29
206.234	35
206.454	44
206.674	31
206.894	38
207.114	24
207.334	36
207.554	36
207.774	33
207.994	28
208.215	37
208.435	36
208.655	40
208.875	30
209.095	43
209.315	42
209.535	41
209.755	27
209.975	39
210.195	35
210.416	27
210.636	38
210.856	42
211.076	34
211.296	37
211.516	36
211.736	44
211.956	41
212.176	33
212.397	43
212.617	32
212.837	32
213.057	33
213.277	43
213.497	34
213.717	45
213.937	33
214.157	35
214.377	43
214.598	34
214.818	36
215.038	27
215.258	39
215.478	47
215.698	45
215.918	34
216.138	42
216.358	31
216.578	31
216.798	31
217.019	38
217.239	48
217.459	44
217.679	33
217.899	24
218.119	31
218.339	19
218.559	38
218.779	35
218.999	24
219.22	33
219.44	36
219.66	40
219.88	40
220.1	24
220.32	31
220.54	42
220.76	35
220.98	26
221.2	24
221.421	33
221.641	30
221.861	42
222.081	29
222.301	39
222.521	22
222.741	28
222.961	35
223.181	35
223.402	30
223.622	31
223.842	36
224.062	27
224.282	38
224.502	35
224.722	28
224.942	40
225.162	34
225.382	30
225.602	23
225.823	33
226.043	26
226.263	29
226.483	36
226.703	25
226.923	24
227.143	26
227.363	31
227.583	25
227.803	21
228.024	32
228.244	43
228.464	24
228.684	26
228.904	27
229.124	29
229.344	22
229.564	23
229.784	27
230.004	32
230.225	32
230.445	20
230.665	24
230.885	36
231.105	26
231.325	35
231.545	34
231.765	32
231.985	29
232.206	35
232.426	30
232.646	24
232.866	27
233.086	27
233.306	29
233.526	26
233.746	46
233.966	27
234.186	29
234.406	20
234.627	39
234.847	28
235.067	21
235.287	23
235.507	31
235.727	29
235.947	23
236.167	32
236.387	25
236.607	23
236.828	26
237.048	32
237.268	23
237.488	32
237.708	29
237.928	21
238.148	37
238.368	35
238.588	24
238.808	19
239.029	32
239.249	21
239.469	24
239.689	24
239.909	20
240.129	29
240.349	19
240.569	32
240.789	26
241.01	19
241.23	47
241.45	36
241.67	70
241.89	108
242.11	265
242.33	383
242.55	492
242.77	585
242.99	391
243.211	223
243.431	118
243.651	61
243.871	31
244.091	34
244.311	32
244.531	24
244.751	22
244.971	20
245.191	27
245.411	25
245.632	25
245.852	21
246.072	28
246.292	19
246.512	26
246.732	26
246.952	18
247.172	15
247.392	24
247.612	28
247.833	36
248.053	24
248.273	27
248.493	28
248.713	20
248.933	23
249.153	30
249.373	42
249.593	27
249.813	29
250.034	23
250.254	28
250.474	17
250.694	26
250.914	24
251.134	27
251.354	24
251.574	21
251.794	24
252.015	25
252.235	19
252.455	28
252.675	24
252.895	20
253.115	27
253.335	29
253.555	21
253.775	14
253.995	23
254.215	13
254.436	17
254.656	22
254.876	17
255.096	21
255.316	30
255.536	23
255.756	18
255.976	13
256.196	22
256.416	15
256.637	27
256.857	17
257.077	15
257.297	30
257.517	14
257.737	23
257.957	23
258.177	28
258.397	17
258.618	19
258.838	17
259.058	23
259.278	20
259.498	22
259.718	25
259.938	14
260.158	36
260.378	22
260.598	26
260.818	10
261.039	16
261.259	19
261.479	20
261.699	22
261.919	20
262.139	32
262.359	25
262.579	33
262.799	24
263.019	17
263.24	19
263.46	24
263.68	32
263.9	17
264.12	22
264.34	22
264.56	20
264.78	24
265	22
265.221	19
265.441	24
265.661	27
265.881	20
266.101	29
266.321	22
266.541	18
266.761	20
266.981	19
267.201	23
267.421	25
267.642	27
267.862	29
268.082	18
268.302	21
268.522	22
268.742	22
268.962	26
269.182	19
269.402	27
269.623	29
269.843	26
270.063	22
270.283	19
270.503	25
270.723	21
270.943	23
271.163	17
271.383	19
271.603	18
271.823	20
272.044	28
272.264	19
272.484	18
272.704	20
272.924	22
273.144	30
273.364	24
273.584	16
273.804	20
274.024	27
274.245	25
274.465	19
274.685	24
274.905	28
275.125	15
275.345	17
275.565	21
275.785	19
276.005	23
276.226	18
276.446	19
276.666	31
276.886	17
277.106	21
277.326	20
277.546	16
277.766	19
277.986	23
278.206	15
278.426	24
278.647	22
278.867	22
279.087	21
279.307	21
279.527	22
279.747	17
279.967	19
280.187	21
280.407	21
280.628	20
280.848	12
281.068	17
281.288	17
281.508	12
281.728	26
281.948	22
282.168	26
282.388	22
282.608	24
282.828	24
283.049	24
283.269	20
283.489	19
283.709	22
283.929	14
284.149	21
284.369	12
284.589	14
284.809	15
285.029	21
285.25	16
285.47	19
285.69	18
285.91	15
286.13	14
286.35	18
286.57	18
286.79	18
287.01	12
287.231	17
287.451	18
287.671	25
287.891	9
288.111	19
288.331	18
288.551	12
288.771	19
288.991	19
289.211	13
289.431	23
289.652	17
289.872	19
290.092	15
290.312	15
290.532	17
290.752	15
290.972	20
291.192	18
291.412	14
291.632	20
291.853	21
292.073	23
292.293	16
292.513	26
292.733	14
292.953	13
293.173	14
293.393	21
293.613	47
293.834	32
294.054	27
294.274	42
294.494	35
294.714	30
294.934	18
295.154	21
295.374	17
295.594	16
295.814	19
296.034	13
296.255	16
296.475	14
296.695	14
296.915	19
297.135	14
297.355	20
297.575	20
297.795	18
298.015	15
298.236	18
298.456	17
298.676	14
298.896	17
299.116	10
299.336	20
299.556	24
299.776	13
299.996	13
300.216	15
300.436	18
300.657	17
300.877	24
301.097	14
301.317	16
301.537	16
301.757	18
301.977	17
302.197	13
302.417	14
302.637	12
302.858	19
303.078	19
303.298	14
303.518	19
303.738	18
303.958	14
304.178	8
304.398	16
304.618	10
304.839	17
305.059	26
305.279	13
305.499	13
305.719	21
305.939	19
306.159	21
306.379	10
306.599	22
306.819	16
307.039	15
307.26	16
307.48	17
307.7	17
307.92	9
308.14	12
308.36	19
308.58	19
308.8	11
309.02	18
309.241	18
309.461	9
309.681	17
309.901	12
310.121	17
310.341	12
310.561	11
310.781	16
311.001	19
311.221	14
311.441	15
311.662	13
311.882	13
312.102	13
312.322	21
312.542	13
312.762	17
312.982	14
313.202	21
313.422	17
313.642	19
313.863	12
314.083	20
314.303	22
314.523	16
314.743	17
314.963	12
315.183	20
315.403	12
315.623	17
315.844	12
316.064	14
316.284	19
316.504	11
316.724	16
316.944	12
317.164	14
317.384	20
317.604	16
317.824	17
318.044	20
318.265	15
318.485	18
318.705	21
318.925	7
319.145	12
319.365	15
319.585	10
319.805	6
320.025	17
320.245	18
320.466	9
320.686	17
320.906	13
321.126	16
321.346	18
321.566	9
321.786	13
322.006	11
322.226	20
322.446	20
322.667	9
322.887	12
323.107	20
323.327	19
323.547	24
323.767	13
323.987	17
324.207	19
324.427	24
324.647	12
324.868	14
325.088	9
325.308	13
325.528	15
325.748	14
325.968	11
326.188	11
326.408	12
326.628	14
326.849	16
327.069	17
327.289	19
327.509	16
327.729	22
327.949	29
328.169	18
328.389	22
328.609	13
328.829	16
329.049	13
329.27	16
329.49	22
329.71	12
329.93	12
330.15	14
330.37	19
330.59	15
330.81	14
331.03	10
331.25	13
331.471	14
331.691	14
331.911	11
332.131	19
332.351	9
332.571	11
332.791	16
333.011	15
333.231	14
333.452	12
333.672	20
333.892	16
334.112	17
334.332	14
334.552	12
334.772	11
334.992	15
335.212	18
335.432	13
335.652	17
335.873	10
336.093	15
336.313	16
336.533	14
336.753	15
336.973	14
337.193	12
337.413	10
337.633	15
337.854	19
338.074	17
338.294	8
338.514	16
338.734	12
338.954	19
339.174	15
339.394	6
339.614	19
339.834	14
340.054	14
340.275	17
340.495	10
340.715	11
340.935	19
341.155	14
341.375	33
341.595	69
341.815	135
342.035	308
342.255	612
342.476	937
342.696	1069
342.916	1084
343.136	901
343.356	526
343.576	258
343.796	112
344.016	41
344.236	26
344.457	15
344.677	12
344.897	12
345.117	15
345.337	8
345.557	11
345.777	9
345.997	8
346.217	8
346.437	8
346.657	10
346.878	13
347.098	20
347.318	12
347.538	12
347.758	17
347.978	19
348.198	13
348.418	15
348.638	16
348.858	12
349.079	8
349.299	8
349.519	12
349.739	11
349.959	13
350.179	11
350.399	9
350.619	16
350.839	12
351.059	9
351.28	19
351.5	15
351.72	12
351.94	10
352.16	13
352.38	8
352.6	14
352.82	11
353.04	12
353.26	9
353.481	10
353.701	7
353.921	9
354.141	8
354.361	9
354.581	15
354.801	17
355.021	16
355.241	8
355.462	14
355.682	14
355.902	7
356.122	14
356.342	14
356.562	9
356.782	14
357.002	16
357.222	14
357.442	11
357.662	10
357.883	7
358.103	9
358.323	9
358.543	6
358.763	10
358.983	11
359.203	8
359.423	9
359.643	10
359.863	9
360.084	12
360.304	13
360.524	11
360.744	9
360.964	13
361.184	10
361.404	11
361.624	9
361.844	7
362.065	19
362.285	9
362.505	17
362.725	9
362.945	4
363.165	9
363.385	11
363.605	11
363.825	9
364.045	15
364.265	14
364.486	7
364.706	12
364.926	16
365.146	20
365.366	16
365.586	23
365.806	31
366.026	34
366.246	49
366.467	42
366.687	38
366.907	21
367.127	17
367.347	18
367.567	11
367.787	13
368.007	15
368.227	11
368.447	11
368.667	10
368.888	13
369.108	10
369.328	9
369.548	8
369.768	8
369.988	12
370.208	5
370.428	12
370.648	11
370.868	9
371.089	12
371.309	10
371.529	18
371.749	13
371.969	8
372.189	14
372.409	11
372.629	7
372.849	16
373.07	12
373.29	13
373.51	9
373.73	8
373.95	11
374.17	13
374.39	12
374.61	9
374.83	12
375.05	13
375.27	13
375.491	10
375.711	5
375.931	13
376.151	10
376.371	10
376.591	10
376.811	13
377.031	10
377.251	6
377.471	20
377.692	10
377.912	7
378.132	9
378.352	11
378.572	13
378.792	4
379.012	10
379.232	13
379.452	6
379.672	13
379.893	7
380.113	7
380.333	7
380.553	14
380.773	7
380.993	9
381.213	6
381.433	9
381.653	7
381.873	11
382.094	10
382.314	8
382.534	10
382.754	12
382.974	8
383.194	15
383.414	13
383.634	16
383.854	9
384.075	13
384.295	12
384.515	13
384.735	15
384.955	12
385.175	15
385.395	14
385.615	7
385.835	11
386.055	12
386.275	7
386.496	6
386.716	11
386.936	15
387.156	19
387.376	10
387.596	13
387.816	7
388.036	10
388.256	16
388.476	13
388.697	15
388.917	8
389.137	4
389.357	10
389.577	13
389.797	19
390.017	13
390.237	5
390.457	8
390.678	13
390.898	7
391.118	10
391.338	8
391.558	8
391.778	8
391.998	8
392.218	12
392.438	7
392.658	13
392.878	14
393.099	5
393.319	11
393.539	12
393.759	7
393.979	6
394.199	9
394.419	7
394.639	7
394.859	10
395.08	8
395.3	4
395.52	7
395.74	13
395.96	8
396.18	13
396.4	15
396.62	6
396.84	9
397.06	8
397.28	10
397.501	7
397.721	7
397.941	8
398.161	10
398.381	11
398.601	4
398.821	16
399.041	13
399.261	8
399.481	15
399.702	15
399.922	7
400.142	9
400.362	8
400.582	9
400.802	8
401.022	9
401.242	8
401.462	9
401.683	4
401.903	5
402.123	8
402.343	7
402.563	14
402.783	8
403.003	10
403.223	11
403.443	10
403.663	7
403.883	9
404.104	6
404.324	16
404.544	7
404.764	8
404.984	12
405.204	5
405.424	6
405.644	7
405.864	10
406.084	9
406.305	6
406.525	10
406.745	10
406.965	6
407.185	12
407.405	9
407.625	8
407.845	7
408.065	4
408.285	4
408.506	8
408.726	15
408.946	21
409.166	23
409.386	47
409.606	61
409.826	83
410.046	71
410.266	63
410.486	51
410.707	33
410.927	22
411.147	15
411.367	8
411.587	14
411.807	6
412.027	8
412.247	12
412.467	10
412.688	9
412.908	13
413.128	7
413.348	9
413.568	14
413.788	9
414.008	6
414.228	13
414.448	11
414.668	17
414.888	11
415.109	10
415.329	17
415.549	11
415.769	6
415.989	9
416.209	12
416.429	8
416.649	13
416.869	10
417.089	15
417.31	12
417.53	8
417.75	10
417.97	9
418.19	8
418.41	8
418.63	8
418.85	12
419.07	8
419.291	6
419.511	10
419.731	4
419.951	8
420.171	11
420.391	12
420.611	5
420.831	5
421.051	6
421.271	4
421.491	11
421.712	11
421.932	6
422.152	12
422.372	15
422.592	5
422.812	11
423.032	8
423.252	5
423.472	6
423.693	8
423.913	10
424.133	8
424.353	13
424.573	9
424.793	13
425.013	6
425.233	11
425.453	7
425.673	9
425.893	13
426.114	13
426.334	6
426.554	11
426.774	12
426.994	8
427.214	9
427.434	6
427.654	5
427.874	8
428.094	11
428.315	6
428.535	11
428.755	3
428.975	7
429.195	4
429.415	7
429.635	10
429.855	7
430.075	9
430.296	12
430.516	14
430.736	7
430.956	11
431.176	5
431.396	9
431.616	11
431.836	10
432.056	5
432.276	15
432.496	6
432.717	11
432.937	17
433.157	4
433.377	8
433.597	11
433.817	4
434.037	9
434.257	15
434.477	6
434.697	10
434.918	9
435.138	6
435.358	8
435.578	6
435.798	6
436.018	8
436.238	7
436.458	10
436.678	7
436.898	10
437.119	6
437.339	10
437.559	10
437.779	9
437.999	6
438.219	8
438.439	7
438.659	8
438.879	11
439.099	11
439.32	8
439.54	8
439.76	7
439.98	5
440.2	14
440.42	3
440.64	10
440.86	8
441.08	20
441.301	9
441.521	9
441.741	7
441.961	22
442.181	28
442.401	42
442.621	53
442.841	102
443.061	75
443.281	74
443.501	58
443.722	52
443.942	15
444.162	19
444.382	4
444.602	10
444.822	14
445.042	4
445.262	11
445.482	10
445.702	3
445.923	4
446.143	6
446.363	5
446.583	7
446.803	7
447.023	5
447.243	9
447.463	13
447.683	10
447.904	10
448.124	9
448.344	6
448.564	5
448.784	10
449.004	6
449.224	3
449.444	9
449.664	12
449.884	6
450.104	7
450.325	6
450.545	10
450.765	10
450.985	8
451.205	9
451.425	7
451.645	9
451.865	11
452.085	5
452.305	12
452.526	6
452.746	11
452.966	8
453.186	5
453.406	10
453.626	13
453.846	7
454.066	4
454.286	7
454.506	8
454.727	10
454.947	7
455.167	5
455.387	6
455.607	9
455.827	5
456.047	11
456.267	5
456.487	11
456.707	6
456.928	7
457.148	6
457.368	9
457.588	9
457.808	9
458.028	9
458.248	6
458.468	5
458.688	6
458.909	9
459.129	9
459.349	4
459.569	9
459.789	8
460.009	8
460.229	9
460.449	5
460.669	13
460.889	7
461.109	8
461.33	9
461.55	7
461.77	3
461.99	6
462.21	8
462.43	8
462.65	8
462.87	11
463.09	6
463.31	6
463.531	13
463.751	2
463.971	5
464.191	9
464.411	6
464.631	13
464.851	8
465.071	7
465.291	9
465.511	6
465.732	10
465.952	10
466.172	3
466.392	11
466.612	5
466.832	5
467.052	11
467.272	9
467.492	13
467.712	11
467.933	8
468.153	10
468.373	4
468.593	6
468.813	6
469.033	7
469.253	9
469.473	11
469.693	10
469.914	8
470.134	15
470.354	11
470.574	5
470.794	5
471.014	5
471.234	9
471.454	9
471.674	10
471.894	11
472.114	9
472.335	3
472.555	9
472.775	10
472.995	5
473.215	7
473.435	8
473.655	9
473.875	9
474.095	5
474.315	7
474.536	11
474.756	9
474.976	5
475.196	7
475.416	11
475.636	4
475.856	6
476.076	7
476.296	4
476.516	9
476.737	12
476.957	8
477.177	11
477.397	7
477.617	7
477.837	11
478.057	14
478.277	11
478.497	4
478.717	5
478.938	5
479.158	4
479.378	6
479.598	12
479.818	7
480.038	11
480.258	6
480.478	7
480.698	8
480.918	10
481.139	4
481.359	15
481.579	14
481.799	6
482.019	5
482.239	12
482.459	6
482.679	9
482.899	6
483.119	6
483.34	12
483.56	4
483.78	5
484	7
484.22	7
484.44	8
484.66	5
484.88	7
485.1	9
485.32	15
485.541	6
485.761	8
485.981	4
486.201	12
486.421	10
486.641	6
486.861	12
487.081	7
487.301	15
487.522	17
487.742	14
487.962	20
488.182	13
488.402	18
488.622	9
488.842	9
489.062	8
489.282	11
489.502	13
489.722	7
489.943	8
490.163	10
490.383	9
490.603	7
490.823	3
491.043	10
491.263	8
491.483	12
491.703	8
491.923	6
492.144	6
492.364	8
492.584	6
492.804	18
493.024	7
493.244	6
493.464	6
493.684	6
493.904	4
494.124	4
494.345	6
494.565	10
494.785	10
495.005	5
495.225	9
495.445	4
495.665	8
495.885	5
496.105	6
496.325	10
496.546	10
496.766	10
496.986	8
497.206	6
497.426	6
497.646	5
497.866	7
498.086	4
498.306	8
498.527	8
498.747	7
498.967	3
499.187	6
499.407	11
499.627	7
499.847	6
500.067	8
500.287	12
500.507	3
500.727	8
500.948	8
501.168	4
501.388	9
501.608	6
501.828	3
502.048	5
502.268	10
502.488	14
502.708	10
502.928	9
503.149	6
503.369	9
503.589	17
503.809	9
504.029	6
504.249	7
504.469	9
504.689	8
504.909	4
505.129	8
505.35	6
505.57	6
505.79	7
506.01	11
506.23	10
506.45	11
506.67	6
506.89	11
507.11	6
507.33	8
507.551	11
507.771	11
507.991	8
508.211	12
508.431	9
508.651	8
508.871	4
509.091	6
509.311	10
509.531	7
509.752	11
509.972	8
510.192	7
510.412	11
510.632	8
510.852	6
511.072	12
511.292	13
511.512	15
511.732	8
511.953	11
512.173	13
512.393	6
512.613	3
512.833	12
513.053	5
513.273	9
513.493	9
513.713	11
513.933	5
514.154	5
514.374	7
514.594	6
514.814	5
515.034	7
515.254	10
515.474	2
515.694	6
515.914	4
516.135	3
516.355	6
516.575	6
516.795	11
517.015	7
517.235	9
517.455	8
517.675	7
517.895	6
518.115	10
518.336	7
518.556	7
518.776	7
518.996	3
519.216	13
519.436	8
519.656	7
519.876	7
520.096	8
520.316	12
520.536	4
520.757	11
520.977	2
521.197	13
521.417	6
521.637	11
521.857	7
522.077	11
522.297	7
522.517	10
522.737	9
522.958	6
523.178	14
523.398	7
523.618	5
523.838	8
524.058	5
524.278	12
524.498	5
524.718	14
524.938	10
525.159	6
525.379	11
525.599	6
525.819	7
526.039	9
526.259	5
526.479	6
526.699	8
526.919	11
527.14	10
527.36	4
527.58	9
527.8	3
528.02	9
528.24	14
528.46	8
528.68	8
528.9	5
529.12	8
529.341	8
529.561	11
529.781	10
530.001	7
530.221	8
530.441	8
530.661	10
530.881	3
531.101	7
531.321	10
531.541	10
531.762	9
531.982	7
532.202	5
532.422	1
532.642	7
532.862	11
533.082	8
533.302	7
533.522	6
533.742	9
533.963	4
534.183	8
534.403	7
534.623	11
534.843	8
535.063	7
535.283	8
535.503	8
535.723	9
535.943	10
536.164	9
536.384	5
536.604	20
536.824	9
537.044	11
537.264	9
537.484	7
537.704	12
537.924	6
538.144	11
538.365	8
538.585	3
538.805	15
539.025	6
539.245	5
539.465	6
539.685	10
539.905	13
540.125	7
540.346	10
540.566	9
540.786	3
541.006	9
541.226	5
541.446	7
541.666	6
541.886	14
542.106	9
542.326	7
542.546	9
542.767	10
542.987	7
543.207	8
543.427	9
543.647	9
543.867	9
544.087	15
544.307	8
544.527	7
544.747	8
544.968	9
545.188	5
545.408	3
545.628	7
545.848	9
546.068	4
546.288	14
546.508	7
546.728	2
546.948	5
547.169	3
547.389	6
547.609	10
547.829	13
548.049	4
548.269	7
548.489	5
548.709	10
548.929	5
549.149	7
549.37	4
549.59	16
549.81	8
550.03	9
550.25	13
550.47	11
550.69	7
550.91	6
551.13	9
551.351	10
551.571	8
551.791	11
552.011	7
552.231	7
552.451	8
552.671	10
552.891	15
553.111	6
553.331	10
553.551	9
553.772	9
553.992	5
554.212	11
554.432	11
554.652	10
554.872	12
555.092	15
555.312	7
555.532	3
555.752	8
555.973	10
556.193	10
556.413	13
556.633	9
556.853	8
557.073	7
557.293	5
557.513	12
557.733	5
557.953	9
558.174	5
558.394	4
558.614	8
558.834	4
559.054	7
559.274	8
559.494	14
559.714	15
559.934	3
560.154	9
560.375	8
560.595	7
560.815	12
561.035	3
561.255	6
561.475	12
561.695	14
561.915	10
562.135	1
562.356	11
562.576	6
562.796	5
563.016	14
563.236	14
563.456	21
563.676	20
563.896	16
564.116	13
564.336	18
564.557	7
564.777	9
564.997	12
565.217	7
565.437	9
565.657	9
565.877	16
566.097	14
566.317	16
566.537	3
566.757	8
566.978	10
567.198	5
567.418	7
567.638	4
567.858	6
568.078	9
568.298	10
568.518	12
568.738	13
568.958	7
569.179	12
569.399	5
569.619	14
569.839	2
570.059	15
570.279	7
570.499	7
570.719	6
570.939	8
571.159	6
571.38	11
571.6	7
571.82	6
572.04	12
572.26	7
572.48	5
572.7	9
572.92	9
573.14	6
573.361	9
573.581	10
573.801	6
574.021	8
574.241	10
574.461	12
574.681	3
574.901	11
575.121	11
575.341	15
575.562	8
575.782	4
576.002	10
576.222	9
576.442	5
576.662	7
576.882	10
577.102	7
577.322	8
577.542	6
577.762	9
577.983	6
578.203	8
578.423	11
578.643	4
578.863	10
579.083	9
579.303	3
579.523	8
579.743	6
579.963	12
580.184	9
580.404	7
580.624	14
580.844	10
581.064	7
581.284	7
581.504	11
581.724	5
581.944	8
582.164	6
582.385	11
582.605	8
582.825	10
583.045	14
583.265	10
583.485	8
583.705	11
583.925	10
584.145	9
584.366	4
584.586	18
584.806	10
585.026	9
585.246	11
585.466	12
585.686	10
585.906	14
586.126	12
586.346	16
586.567	18
586.787	11
587.007	12
587.227	10
587.447	13
587.667	4
587.887	5
588.107	5
588.327	10
588.547	7
588.767	8
588.988	1
589.208	7
589.428	11
589.648	3
589.868	6
590.088	8
590.308	8
590.528	12
590.748	7
590.968	4
591.189	8
591.409	9
591.629	7
591.849	4
592.069	10
592.289	7
592.509	7
592.729	4
592.949	5
593.169	11
593.39	5
593.61	7
593.83	11
594.05	6
594.27	5
594.49	4
594.71	8
594.93	8
595.15	4
595.37	7
595.591	8
595.811	5
596.031	13
596.251	7
596.471	8
596.691	3
596.911	5
597.131	8
597.351	6
597.572	3
597.792	3
598.012	11
598.232	7
598.452	5
598.672	8
598.892	10
599.112	5
599.332	12
599.552	9
599.772	4
599.993	6
600.213	6
600.433	12
600.653	7
600.873	8
601.093	7
601.313	7
601.533	3
601.753	12
601.973	7
602.194	12
602.414	6
602.634	7
602.854	8
603.074	8
603.294	8
603.514	10
603.734	7
603.954	9
604.174	6
604.395	8
604.615	5
604.835	9
605.055	6
605.275	6
605.495	10
605.715	8
605.935	8
606.155	12
606.375	6
606.596	11
606.816	6
607.036	10
607.256	6
607.476	7
607.696	2
607.916	9
608.136	9
608.356	7
608.577	5
608.797	7
609.017	15
609.237	9
609.457	8
609.677	5
609.897	5
610.117	9
610.337	11
610.557	7
610.777	11
610.998	4
611.218	8
611.438	5
611.658	8
611.878	8
612.098	7
612.318	6
612.538	5
612.758	11
612.978	8
613.199	5
613.419	5
613.639	8
613.859	4
614.079	7
614.299	8
614.519	13
614.739	4
614.959	4
615.179	8
615.4	3
615.62	3
615.84	6
616.06	7
616.28	5
616.5	11
616.72	5
616.94	4
617.16	7
617.38	7
617.601	6
617.821	7
618.041	7
618.261	10
618.481	7
618.701	6
618.921	8
619.141	11
619.361	7
619.582	7
619.802	7
620.022	6
620.242	4
620.462	5
620.682	8
620.902	8
621.122	5
621.342	5
621.562	7
621.783	9
622.003	5
622.223	5
622.443	6
622.663	2
622.883	4
623.103	10
623.323	6
623.543	6
623.763	7
623.983	12
624.204	11
624.424	5
624.644	3
624.864	4
625.084	5
625.304	6
625.524	5
625.744	6
625.964	4
626.184	4
626.405	6
626.625	6
626.845	6
627.065	6
627.285	15
627.505	5
627.725	11
627.945	7
628.165	6
628.385	9
628.606	0
628.826	8
629.046	6
629.266	8
629.486	10
629.706	5
629.926	7
630.146	3
630.366	8
630.587	10
630.807	5
631.027	8
631.247	7
631.467	9
631.687	4
631.907	10
632.127	6
632.347	5
632.567	7
632.788	6
633.008	7
633.228	3
633.448	7
633.668	10
633.888	7
634.108	5
634.328	6
634.548	10
634.768	4
634.988	2
635.209	7
635.429	4
635.649	10
635.869	5
636.089	6
636.309	6
636.529	8
636.749	2
636.969	10
637.189	15
637.41	4
637.63	2
637.85	5
638.07	3
638.29	6
638.51	3
638.73	9
638.95	4
639.17	3
639.39	8
639.611	7
639.831	5
640.051	10
640.271	7
640.491	8
640.711	6
640.931	7
641.151	9
641.371	8
641.592	5
641.812	10
642.032	5
642.252	10
642.472	1
642.692	7
642.912	8
643.132	6
643.352	5
643.572	10
643.793	10
644.013	6
644.233	7
644.453	7
644.673	10
644.893	9
645.113	6
645.333	7
645.553	6
645.773	7
645.993	6
646.214	5
646.434	5
646.654	7
646.874	5
647.094	12
647.314	6
647.534	8
647.754	6
647.974	12
648.194	3
648.415	8
648.635	7
648.855	10
649.075	6
649.295	10
649.515	7
649.735	7
649.955	11
650.175	3
650.395	11
650.616	8
650.836	11
651.056	2
651.276	9
651.496	8
651.716	4
651.936	8
652.156	3
652.376	7
652.596	4
652.817	8
653.037	5
653.257	4
653.477	8
653.697	6
653.917	3
654.137	3
654.357	4
654.577	6
654.798	5
655.018	8
655.238	10
655.458	12
655.678	8
655.898	10
656.118	8
656.338	14
656.558	14
656.778	6
656.998	10
657.219	7
657.439	4
657.659	14
657.879	4
658.099	6
658.319	9
658.539	7
658.759	5
658.979	8
659.199	1
659.42	12
659.64	3
659.86	6
660.08	6
660.3	9
660.52	3
660.74	2
660.96	2
661.18	7
661.4	11
661.621	8
661.841	5
662.061	8
662.281	5
662.501	5
662.721	4
662.941	4
663.161	6
663.381	5
663.601	10
663.822	4
664.042	7
664.262	9
664.482	10
664.702	5
664.922	5
665.142	4
665.362	9
665.582	8
665.803	10
666.023	6
666.243	17
666.463	5
666.683	12
666.903	10
667.123	7
667.343	7
667.563	9
667.783	3
668.003	7
668.224	5
668.444	4
668.664	8
668.884	4
669.104	7
669.324	1
669.544	6
669.764	6
669.984	6
670.204	11
670.425	4
670.645	7
670.865	3
671.085	3
671.305	5
671.525	7
671.745	3
671.965	9
672.185	9
672.405	7
672.626	6
672.846	4
673.066	10
673.286	6
673.506	2
673.726	6
673.946	9
674.166	5
674.386	6
674.606	5
674.827	11
675.047	11
675.267	11
675.487	9
675.707	6
675.927	7
676.147	9
676.367	5
676.587	4
676.808	4
677.028	7
677.248	8
677.468	7
677.688	7
677.908	13
678.128	14
678.348	14
678.568	8
678.788	13
679.008	10
679.229	11
679.449	10
679.669	7
679.889	9
680.109	9
680.329	9
680.549	8
680.769	4
680.989	7
681.209	7
681.43	6
681.65	5
681.87	4
682.09	10
682.31	11
682.53	4
682.75	5
682.97	2
683.19	13
683.41	3
683.631	6
683.851	6
684.071	6
684.291	8
684.511	5
684.731	2
684.951	7
685.171	2
685.391	10
685.611	4
685.832	12
686.052	7
686.272	6
686.492	8
686.712	8
686.932	9
687.152	6
687.372	4
687.592	4
687.813	7
688.033	6
688.253	11
688.473	15
688.693	22
688.913	30
689.133	17
689.353	18
689.573	16
689.793	10
690.014	13
690.234	12
690.454	8
690.674	5
690.894	2
691.114	5
691.334	2
691.554	2
691.774	8
691.994	7
692.214	4
692.435	5
692.655	7
692.875	9
693.095	11
693.315	7
693.535	10
693.755	5
693.975	9
694.195	5
694.415	7
694.636	9
694.856	10
695.076	9
695.296	8
695.516	8
695.736	8
695.956	4
696.176	4
696.396	6
696.616	5
696.837	8
697.057	6
697.277	9
697.497	7
697.717	10
697.937	5
698.157	6
698.377	5
698.597	3
698.818	6
699.038	6
699.258	4
699.478	9
699.698	4
699.918	9
700.138	9
700.358	7
700.578	6
700.798	6
701.019	2
701.239	6
701.459	7
701.679	8
701.899	5
702.119	5
702.339	8
702.559	5
702.779	4
702.999	7
703.219	9
703.44	7
703.66	8
703.88	5
704.1	8
704.32	3
704.54	1
704.76	7
704.98	4
705.2	6
705.42	9
705.641	7
705.861	3
706.081	7
706.301	10
706.521	7
706.741	8
706.961	6
707.181	7
707.401	6
707.621	6
707.842	5
708.062	11
708.282	7
708.502	6
708.722	11
708.942	4
709.162	4
709.382	7
709.602	7
709.822	8
710.043	9
710.263	6
710.483	10
710.703	4
710.923	8
711.143	8
711.363	13
711.583	8
711.803	9
712.024	9
712.244	7
712.464	7
712.684	4
712.904	4
713.124	10
713.344	7
713.564	6
713.784	15
714.004	8
714.224	9
714.445	4
714.665	6
714.885	5
715.105	3
715.325	6
715.545	5
715.765	11
715.985	6
716.205	5
716.425	7
716.646	7
716.866	6
717.086	6
717.306	7
717.526	9
717.746	3
717.966	12
718.186	4
718.406	7
718.626	8
718.847	7
719.067	10
719.287	9
719.507	7
719.727	4
719.947	17
720.167	8
720.387	11
720.607	10
720.827	5
721.048	5
721.268	14
721.488	9
721.708	4
721.928	3
722.148	7
722.368	6
722.588	5
722.808	2
723.029	6
723.249	7
723.469	6
723.689	2
723.909	9
724.129	11
724.349	10
724.569	10
724.789	5
725.009	7
725.229	7
725.45	2
725.67	8
725.89	2
726.11	6
726.33	7
726.55	4
726.77	10
726.99	3
727.21	3
727.43	8
727.651	10
727.871	8
728.091	13
728.311	5
728.531	9
728.751	5
728.971	6
729.191	4
729.411	6
729.631	6
729.852	7
730.072	3
730.292	5
730.512	8
730.732	4
730.952	9
731.172	10
731.392	3
731.612	5
731.832	9
732.053	11
732.273	5
732.493	8
732.713	13
732.933	4
733.153	3
733.373	6
733.593	7
733.813	4
734.034	9
734.254	5
734.474	6
734.694	11
734.914	7
735.134	4
735.354	10
735.574	2
735.794	5
736.014	9
736.234	7
736.455	7
736.675	11
736.895	12
737.115	8
737.335	4
737.555	8
737.775	9
737.995	3
738.215	5
738.435	12
738.656	5
738.876	7
739.096	10
739.316	11
739.536	7
739.756	4
739.976	10
740.196	7
740.416	3
740.636	5
740.857	5
741.077	6
741.297	6
741.517	11
741.737	10
741.957	2
742.177	7
742.397	5
742.617	3
742.837	12
743.058	8
743.278	0
743.498	4
743.718	2
743.938	8
744.158	5
744.378	2
744.598	10
744.818	4
745.039	5
745.259	9
745.479	7
745.699	4
745.919	5
746.139	6
746.359	13
746.579	4
746.799	10
747.019	7
747.24	5
747.46	8
747.68	10
747.9	9
748.12	5
748.34	6
748.56	3
748.78	5
749	7
749.22	7
749.44	8
749.661	4
749.881	4
750.101	6
750.321	6
750.541	10
750.761	7
750.981	13
751.201	0
751.421	10
751.641	3
751.862	8
752.082	10
752.302	5
752.522	5
752.742	8
752.962	6
753.182	8
753.402	9
753.622	4
753.842	4
754.063	8
754.283	8
754.503	3
754.723	9
754.943	5
755.163	5
755.383	6
755.603	8
755.823	8
756.043	3
756.264	5
756.484	6
756.704	8
756.924	6
757.144	10
757.364	5
757.584	12
757.804	3
758.024	7
758.245	7
758.465	7
758.685	7
758.905	11
759.125	7
759.345	9
759.565	4
759.785	10
760.005	10
760.225	6
760.445	5
760.666	9
760.886	9
761.106	10
761.326	3
761.546	10
761.766	5
761.986	5
762.206	11
762.426	5
762.646	9
762.867	3
763.087	8
763.307	8
763.527	8
763.747	2
763.967	7
764.187	9
764.407	7
764.627	4
764.847	6
765.068	8
765.288	9
765.508	15
765.728	9
765.948	7
766.168	10
766.388	5
766.608	5
766.828	5
767.048	7
767.269	5
767.489	6
767.709	6
767.929	7
768.149	6
768.369	7
768.589	4
768.809	12
769.029	5
769.25	7
769.47	6
769.69	6
769.91	8
770.13	8
770.35	4
770.57	4
770.79	5
771.01	7
771.23	4
771.45	5
771.671	5
771.891	5
772.111	4
772.331	7
772.551	5
772.771	4
772.991	6
773.211	6
773.431	8
773.651	5
773.872	7
774.092	9
774.312	8
774.532	4
774.752	1
774.972	6
775.192	6
775.412	4
775.632	5
775.852	1
776.073	6
776.293	5
776.513	6
776.733	7
776.953	2
777.173	4
777.393	6
777.613	7
777.833	6
778.053	8
778.274	16
778.494	24
778.714	40
778.934	68
779.154	88
779.374	121
779.594	163
779.814	173
780.034	161
780.255	140
780.475	93
780.695	75
780.915	44
781.135	20
781.355	13
781.575	6
781.795	7
782.015	5
782.235	4
782.455	6
782.676	5
782.896	2
783.116	1
783.336	7
783.556	5
783.776	4
783.996	3
784.216	4
784.436	3
784.656	7
784.877	4
785.097	10
785.317	4
785.537	5
785.757	4
785.977	7
786.197	6
786.417	6
786.637	6
786.857	7
787.078	4
787.298	3
787.518	7
787.738	7
787.958	4
788.178	7
788.398	6
788.618	4
788.838	4
789.058	5
789.279	6
789.499	2
789.719	1
789.939	6
790.159	3
790.379	0
790.599	2
790.819	6
791.039	2
791.26	7
791.48	5
791.7	6
791.92	5
792.14	1
792.36	7
792.58	9
792.8	4
793.02	4
793.24	3
793.46	4
793.681	5
793.901	9
794.121	8
794.341	1
794.561	6
794.781	1
795.001	6
795.221	1
795.441	4
795.661	5
795.882	7
796.102	7
796.322	4
796.542	4
796.762	5
796.982	5
797.202	4
797.422	4
797.642	2
797.862	4
798.083	2
798.303	6
798.523	7
798.743	7
798.963	5
799.183	1
799.403	4
799.623	9
799.843	9
800.063	3
800.284	3
800.504	3
800.724	5
800.944	5
801.164	6
801.384	4
801.604	4
801.824	5
802.044	7
802.265	5
802.485	4
802.705	7
802.925	2
803.145	4
803.365	6
803.585	4
803.805	7
804.025	12
804.245	5
804.466	7
804.686	9
804.906	2
805.126	4
805.346	2
805.566	4
805.786	5
806.006	10
806.226	4
806.446	3
806.666	4
806.887	8
807.107	5
807.327	8
807.547	6
807.767	6
807.987	6
808.207	5
808.427	4
808.647	8
808.867	6
809.088	6
809.308	3
809.528	3
809.748	2
809.968	3
810.188	4
810.408	15
810.628	6
810.848	7
811.068	7
811.289	7
811.509	9
811.729	8
811.949	11
812.169	10
812.389	6
812.609	9
812.829	8
813.049	6
813.269	5
813.49	7
813.71	6
813.93	8
814.15	5
814.37	3
814.59	6
814.81	3
815.03	3
815.25	6
815.471	4
815.691	5
815.911	7
816.131	7
816.351	3
816.571	3
816.791	4
817.011	6
817.231	3
817.451	2
817.671	7
817.892	5
818.112	5
818.332	2
818.552	3
818.772	6
818.992	5
819.212	7
819.432	6
819.652	6
819.872	5
820.093	7
820.313	7
820.533	5
820.753	2
820.973	1
821.193	5
821.413	4
821.633	3
821.853	4
822.073	4
822.294	7
822.514	7
822.734	6
822.954	8
823.174	6
823.394	7
823.614	5
823.834	4
824.054	6
824.274	5
824.495	5
824.715	5
824.935	6
825.155	5
825.375	7
825.595	7
825.815	7
826.035	6
826.255	4
826.476	6
826.696	9
826.916	3
827.136	4
827.356	6
827.576	6
827.796	5
828.016	5
828.236	6
828.456	3
828.676	3
828.897	10
829.117	3
829.337	5
829.557	3
829.777	3
829.997	6
830.217	6
830.437	7
830.657	5
830.877	7
831.098	7
831.318	8
831.538	7
831.758	8
831.978	10
832.198	4
832.418	5
832.638	10
832.858	4
833.078	6
833.299	3
833.519	8
833.739	5
833.959	4
834.179	6
834.399	8
834.619	6
834.839	2
835.059	3
835.279	5
835.5	1
835.72	4
835.94	3
836.16	5
836.38	8
836.6	6
836.82	10
837.04	6
837.26	3
837.481	5
837.701	8
837.921	6
838.141	8
838.361	4
838.581	4
838.801	6
839.021	7
839.241	4
839.461	0
839.681	6
839.902	7
840.122	9
840.342	5
840.562	3
840.782	3
841.002	6
841.222	7
841.442	5
841.662	8
841.882	8
842.103	7
842.323	4
842.543	6
842.763	9
842.983	3
843.203	10
843.423	5
843.643	6
843.863	8
844.083	8
844.304	4
844.524	4
844.744	3
844.964	7
845.184	5
845.404	5
845.624	4
845.844	5
846.064	3
846.284	5
846.505	8
846.725	4
846.945	4
847.165	8
847.385	4
847.605	8
847.825	6
848.045	6
848.265	7
848.486	5
848.706	6
848.926	4
849.146	4
849.366	11
849.586	2
849.806	8
850.026	9
850.246	5
850.466	7
850.686	5
850.907	6
851.127	5
851.347	7
851.567	7
851.787	7
852.007	8
852.227	7
852.447	3
852.667	6
852.887	4
853.108	7
853.328	6
853.548	2
853.768	5
853.988	9
854.208	6
854.428	7
854.648	6
854.868	6
855.088	2
855.309	8
855.529	6
855.749	5
855.969	4
856.189	8
856.409	2
856.629	6
856.849	5
857.069	8
857.289	5
857.51	4
857.73	4
857.95	5
858.17	7
858.39	6
858.61	4
858.83	8
859.05	4
859.27	4
859.491	7
859.711	6
859.931	2
860.151	4
860.371	1
860.591	3
860.811	4
861.031	8
861.251	10
861.471	4
861.691	6
861.912	6
862.132	4
862.352	5
862.572	7
862.792	6
863.012	10
863.232	8
863.452	5
863.672	2
863.892	4
864.113	10
864.333	4
864.553	4
864.773	7
864.993	7
865.213	7
865.433	6
865.653	4
865.873	9
866.093	6
866.314	4
866.534	4
866.754	4
866.974	3
867.194	8
867.414	12
867.634	18
867.854	22
868.074	31
868.294	39
868.515	37
868.735	43
868.955	51
869.175	44
869.395	33
869.615	27
869.835	15
870.055	11
870.275	7
870.495	11
870.716	6
870.936	3
871.156	5
871.376	10
871.596	7
871.816	5
872.036	9
872.256	3
872.476	9
872.697	3
872.917	5
873.137	5
873.357	7
873.577	9
873.797	8
874.017	8
874.237	8
874.457	10
874.677	10
874.897	3
875.118	4
875.338	4
875.558	3
875.778	7
875.998	5
876.218	8
876.438	0
876.658	2
876.878	2
877.098	4
877.319	5
877.539	3
877.759	6
877.979	2
878.199	5
878.419	3
878.639	5
878.859	3
879.079	5
879.299	8
879.52	4
879.74	11
879.96	4
880.18	8
880.4	3
880.62	3
880.84	3
881.06	4
881.28	7
881.5	6
881.721	7
881.941	4
882.161	7
882.381	9
882.601	5
882.821	5
883.041	7
883.261	5
883.481	7
883.702	7
883.922	6
884.142	3
884.362	4
884.582	7
884.802	8
885.022	8
885.242	4
885.462	2
885.682	7
885.902	11
886.123	3
886.343	7
886.563	6
886.783	6
887.003	6
887.223	8
887.443	5
887.663	4
887.883	0
888.103	5
888.324	8
888.544	2
888.764	7
888.984	6
889.204	3
889.424	2
889.644	9
889.864	4
890.084	8
890.304	6
890.525	6
890.745	5
890.965	5
891.185	4
891.405	1
891.625	4
891.845	8
892.065	1
892.285	2
892.505	7
892.726	2
892.946	6
893.166	7
893.386	6
893.606	3
893.826	7
894.046	3
894.266	2
894.486	4
894.707	5
894.927	4
895.147	9
895.367	6
895.587	9
895.807	2
896.027	7
896.247	3
896.467	6
896.687	4
896.907	4
897.128	2
897.348	7
897.568	6
897.788	6
898.008	5
898.228	5
898.448	4
898.668	4
898.888	4
899.108	4
899.329	5
899.549	5
899.769	6
899.989	5
900.209	5
900.429	6
900.649	4
900.869	4
901.089	8
901.309	2
901.53	7
901.75	9
901.97	5
902.19	9
902.41	6
902.63	9
902.85	12
903.07	2
903.29	8
903.51	6
903.731	11
903.951	5
904.171	3
904.391	2
904.611	5
904.831	4
905.051	5
905.271	3
905.491	2
905.712	5
905.932	9
906.152	4
906.372	7
906.592	8
906.812	6
907.032	2
907.252	1
907.472	8
907.692	8
907.912	4
908.133	1
908.353	7
908.573	2
908.793	5
909.013	3
909.233	3
909.453	3
909.673	7
909.893	2
910.113	2
910.334	2
910.554	5
910.774	3
910.994	1
911.214	3
911.434	5
911.654	3
911.874	5
912.094	4
912.314	5
912.535	4
912.755	5
912.975	9
913.195	1
913.415	5
913.635	2
913.855	6
914.075	1
914.295	1
914.515	2
914.736	4
914.956	5
915.176	3
915.396	3
915.616	3
915.836	8
916.056	2
916.276	5
916.496	3
916.717	2
916.937	9
917.157	2
917.377	4
917.597	2
917.817	3
918.037	3
918.257	1
918.477	5
918.697	6
918.917	3
919.138	8
919.358	3
919.578	3
919.798	3
920.018	8
920.238	3
920.458	5
920.678	7
920.898	9
921.118	6
921.339	10
921.559	10
921.779	4
921.999	1
922.219	4
922.439	5
922.659	3
922.879	2
923.099	2
923.319	0
923.54	1
923.76	2
923.98	8
924.2	4
924.42	3
924.64	3
924.86	5
925.08	2
925.3	4
925.52	3
925.741	4
925.961	9
926.181	2
926.401	2
926.621	4
926.841	3
927.061	2
927.281	3
927.501	7
927.721	3
927.942	7
928.162	3
928.382	3
928.602	3
928.822	5
929.042	6
929.262	2
929.482	5
929.702	7
929.923	1
930.143	1
930.363	1
930.583	7
930.803	5
931.023	7
931.243	7
931.463	1
931.683	4
931.903	4
932.123	2
932.344	2
932.564	4
932.784	3
933.004	5
933.224	2
933.444	3
933.664	4
933.884	2
934.104	2
934.324	5
934.545	7
934.765	7
934.985	5
935.205	4
935.425	4
935.645	5
935.865	1
936.085	4
936.305	6
936.525	4
936.746	4
936.966	4
937.186	3
937.406	2
937.626	2
937.846	1
938.066	2
938.286	4
938.506	4
938.726	3
938.947	2
939.167	3
939.387	3
939.607	4
939.827	2
940.047	4
940.267	2
940.487	5
940.707	4
940.928	7
941.148	7
941.368	4
941.588	4
941.808	3
942.028	4
942.248	3
942.468	2
942.688	2
942.908	3
943.128	3
943.349	3
943.569	4
943.789	1
944.009	2
944.229	4
944.449	2
944.669	5
944.889	5
945.109	8
945.329	4
945.55	4
945.77	3
945.99	1
946.21	3
946.43	3
946.65	4
946.87	2
947.09	0
947.31	1
947.53	6
947.751	4
947.971	3
948.191	1
948.411	3
948.631	1
948.851	2
949.071	6
949.291	4
949.511	2
949.731	6
949.952	0
950.172	2
950.392	2
950.612	4
950.832	2
951.052	2
951.272	3
951.492	2
951.712	7
951.933	2
952.153	1
952.373	1
952.593	4
952.813	1
953.033	3
953.253	1
953.473	5
953.693	1
953.913	7
954.133	3
954.354	3
954.574	6
954.794	4
955.014	4
955.234	1
955.454	1
955.674	5
955.894	1
956.114	4
956.334	2
956.555	1
956.775	2
956.995	3
957.215	4
957.435	2
957.655	5
957.875	1
958.095	1
958.315	6
958.535	3
958.756	1
958.976	1
959.196	5
959.416	5
959.636	4
959.856	2
960.076	5
960.296	2
960.516	3
960.736	5
960.957	7
961.177	1
961.397	1
961.617	2
961.837	2
962.057	3
962.277	2
962.497	2
962.717	1
962.938	3
963.158	2
963.378	5
963.598	2
963.818	4
964.038	1
964.258	11
964.478	14
964.698	22
964.918	42
965.138	67
965.359	97
965.579	96
965.799	137
966.019	116
966.239	141
966.459	128
966.679	81
966.899	62
967.119	41
967.339	13
967.56	11
967.78	7
968	8
968.22	2
968.44	0
968.66	2
968.88	2
969.1	3
969.32	1
969.54	2
969.761	5
969.981	3
970.201	2
970.421	3
970.641	2
970.861	7
971.081	4
971.301	3
971.521	3
971.741	2
971.962	1
972.182	2
972.402	7
972.622	0
972.842	3
973.062	2
973.282	3
973.502	3
973.722	3
973.943	1
974.163	4
974.383	0
974.603	1
974.823	1
975.043	2
975.263	4
975.483	6
975.703	2
975.923	3
976.143	1
976.364	2
976.584	1
976.804	1
977.024	1
977.244	1
977.464	3
977.684	3
977.904	0
978.124	5
978.344	0
978.565	0
978.785	1
979.005	3
979.225	1
979.445	2
979.665	1
979.885	4
980.105	5
980.325	1
980.545	3
980.766	1
980.986	3
981.206	2
981.426	2
981.646	3
981.866	5
982.086	2
982.306	3
982.526	2
982.746	0
982.967	0
983.187	4
983.407	3
983.627	3
983.847	2
984.067	0
984.287	1
984.507	5
984.727	7
984.947	1
985.168	5
985.388	5
985.608	3
985.828	5
986.048	2
986.268	2
986.488	1
986.708	1
986.928	4
987.148	1
987.369	6
987.589	1
987.809	7
988.029	1
988.249	4
988.469	1
988.689	2
988.909	1
989.129	3
989.349	2
989.57	2
989.79	2
990.01	5
990.23	0
990.45	2
990.67	0
990.89	2
991.11	4
991.33	2
991.55	2
991.771	4
991.991	1
992.211	3
992.431	5
992.651	2
992.871	5
993.091	2
993.311	2
993.531	5
993.751	1
993.972	6
994.192	1
994.412	2
994.632	1
994.852	3
995.072	4
995.292	0
995.512	3
995.732	2
995.952	1
996.173	3
996.393	2
996.613	0
996.833	4
997.053	2
997.273	2
997.493	2
997.713	2
997.933	6
998.154	0
998.374	2
998.594	0
998.814	3
999.034	6
999.254	0
999.474	1
999.694	3
999.914	1
1000.13	2
1000.35	5
1000.57	2
1000.79	2
1001.01	3
1001.23	2
1001.45	3
1001.68	1
1001.9	1
1002.12	2
1002.34	5
1002.56	0
1002.78	3
1003	3
1003.22	3
1003.44	3
1003.66	1
1003.88	2
1004.1	0
1004.32	5
1004.54	4
1004.76	3
1004.98	3
1005.2	2
1005.42	3
1005.64	0
1005.86	1
1006.08	6
1006.3	9
1006.52	4
1006.74	10
1006.96	11
1007.18	10
1007.4	5
1007.62	8
1007.84	7
1008.06	2
1008.28	4
1008.5	4
1008.72	1
1008.94	2
1009.16	0
1009.38	1
1009.6	3
1009.82	3
1010.04	4
1010.26	2
1010.48	3
1010.7	5
1010.92	1
1011.14	3
1011.36	1
1011.58	2
1011.8	3
1012.02	2
1012.24	2
1012.46	0
1012.68	0
1012.9	2
1013.12	1
1013.34	3
1013.56	2
1013.78	3
1014	0
1014.22	2
1014.44	0
1014.66	2
1014.88	4
1015.1	3
1015.32	2
1015.54	3
1015.76	0
1015.98	3
1016.2	6
1016.42	4
1016.64	3
1016.86	1
1017.08	1
1017.3	3
1017.52	4
1017.74	0
1017.96	2
1018.18	2
1018.4	2
1018.62	1
1018.84	1
1019.06	2
1019.28	3
1019.5	4
1019.72	2
1019.94	3
1020.16	3
1020.38	2
1020.6	0
1020.82	4
1021.04	0
1021.26	1
1021.48	1
1021.7	1
1021.92	3
1022.14	1
1022.36	3
1022.58	2
1022.8	2
1023.02	4
1023.24	3
1023.46	2
1023.69	0
1023.91	2
1024.13	1
1024.35	0
1024.57	2
1024.79	2
1025.01	1
1025.23	3
1025.45	0
1025.67	3
1025.89	2
1026.11	1
1026.33	3
1026.55	1
1026.77	2
1026.99	2
1027.21	3
1027.43	1
1027.65	0
1027.87	2
1028.09	3
1028.31	3
1028.53	1
1028.75	4
1028.97	1
1029.19	2
1029.41	1
1029.63	1
1029.85	3
1030.07	7
1030.29	5
1030.51	2
1030.73	6
1030.95	2
1031.17	5
1031.39	4
1031.61	5
1031.83	0
1032.05	2
1032.27	1
1032.49	0
1032.71	3
1032.93	2
1033.15	4
1033.37	3
1033.59	4
1033.81	3
1034.03	5
1034.25	2
1034.47	2
1034.69	2
1034.91	2
1035.13	2
1035.35	0
1035.57	0
1035.79	2
1036.01	3
1036.23	3
1036.45	3
1036.67	3
1036.89	4
1037.11	1
1037.33	3
1037.55	4
1037.77	0
1037.99	0
1038.21	1
1038.43	3
1038.65	3
1038.87	2
1039.09	1
1039.31	1
1039.53	1
1039.75	4
1039.97	3
1040.19	1
1040.41	0
1040.63	6
1040.85	1
1041.07	2
1041.29	3
1041.51	2
1041.73	5
1041.95	3
1042.17	2
1042.39	3
1042.61	1
1042.83	3
1043.05	2
1043.27	0
1043.49	4
1043.71	4
1043.93	1
1044.15	3
1044.37	0
1044.59	0
1044.81	5
1045.03	3
1045.25	3
1045.47	2
1045.7	1
1045.92	1
1046.14	1
1046.36	3
1046.58	2
1046.8	5
1047.02	1
1047.24	2
1047.46	5
1047.68	3
1047.9	3
1048.12	1
1048.34	3
1048.56	2
1048.78	0
1049	2
1049.22	1
1049.44	2
1049.66	0
1049.88	2
1050.1	3
1050.32	2
1050.54	1
1050.76	1
1050.98	5
1051.2	2
1051.42	1
1051.64	0
1051.86	2
1052.08	2
1052.3	1
1052.52	1
1052.74	4
1052.96	0
1053.18	5
1053.4	1
1053.62	1
1053.84	3
1054.06	4
1054.28	0
1054.5	0
1054.72	1
1054.94	2
1055.16	3
1055.38	6
1055.6	1
1055.82	3
1056.04	0
1056.26	0
1056.48	3
1056.7	2
1056.92	3
1057.14	1
1057.36	3
1057.58	2
1057.8	0
1058.02	2
1058.24	4
1058.46	3
1058.68	2
1058.9	5
1059.12	0
1059.34	1
1059.56	1
1059.78	3
1060	3
1060.22	1
1060.44	2
1060.66	4
1060.88	2
1061.1	3
1061.32	3
1061.54	0
1061.76	1
1061.98	2
1062.2	3
1062.42	2
1062.64	1
1062.86	1
1063.08	3
1063.3	2
1063.52	3
1063.74	3
1063.96	2
1064.18	3
1064.4	5
1064.62	5
1064.84	1
1065.06	4
1065.28	0
1065.5	6
1065.72	2
1065.94	0
1066.16	2
1066.38	4
1066.6	0
1066.82	3
1067.04	4
1067.26	1
1067.48	3
1067.71	2
1067.93	1
1068.15	3
1068.37	5
1068.59	2
1068.81	1
1069.03	3
1069.25	3
1069.47	1
1069.69	1
1069.91	3
1070.13	2
1070.35	3
1070.57	2
1070.79	1
1071.01	2
1071.23	6
1071.45	4
1071.67	1
1071.89	3
1072.11	3
1072.33	1
1072.55	3
1072.77	2
1072.99	3
1073.21	3
1073.43	7
1073.65	0
1073.87	1
1074.09	4
1074.31	0
1074.53	3
1074.75	2
1074.97	4
1075.19	0
1075.41	0
1075.63	3
1075.85	2
1076.07	3
1076.29	0
1076.51	3
1076.73	3
1076.95	4
1077.17	4
1077.39	2
1077.61	5
1077.83	3
1078.05	3
1078.27	2
1078.49	2
1078.71	3
1078.93	6
1079.15	1
1079.37	1
1079.59	4
1079.81	4
1080.03	2
1080.25	1
1080.47	2
1080.69	2
1080.91	0
1081.13	2
1081.35	2
1081.57	2
1081.79	3
1082.01	2
1082.23	2
1082.45	4
1082.67	1
1082.89	0
1083.11	1
1083.33	7
1083.55	2
1083.77	4
1083.99	2
1084.21	2
1084.43	1
1084.65	5
1084.87	1
1085.09	3
1085.31	3
1085.53	2
1085.75	4
1085.97	2
1086.19	5
1086.41	2
1086.63	9
1086.85	8
1087.07	18
1087.29	26
1087.51	35
1087.73	64
1087.95	61
1088.17	75
1088.39	82
1088.61	78
1088.83	72
1089.05	62
1089.27	55
1089.49	43
1089.72	20
1089.94	19
1090.16	8
1090.38	4
1090.6	3
1090.82	1
1091.04	3
1091.26	4
1091.48	4
1091.7	12
1091.92	13
1092.14	10
1092.36	16
1092.58	14
1092.8	15
1093.02	10
1093.24	9
1093.46	7
1093.68	4
1093.9	2
1094.12	7
1094.34	0
1094.56	1
1094.78	0
1095	4
1095.22	3
1095.44	2
1095.66	1
1095.88	1
1096.1	2
1096.32	5
1096.54	1
1096.76	2
1096.98	4
1097.2	4
1097.42	3
1097.64	5
1097.86	1
1098.08	2
1098.3	3
1098.52	2
1098.74	5
1098.96	0
1099.18	1
1099.4	3
1099.62	1
1099.84	0
1100.06	2
1100.28	3
1100.5	2
1100.72	1
1100.94	4
1101.16	2
1101.38	5
1101.6	6
1101.82	0
1102.04	1
1102.26	2
1102.48	2
1102.7	3
1102.92	5
1103.14	3
1103.36	0
1103.58	1
1103.8	2
1104.02	0
1104.24	2
1104.46	0
1104.68	0
1104.9	2
1105.12	4
1105.34	2
1105.56	5
1105.78	4
1106	3
1106.22	1
1106.44	3
1106.66	1
1106.88	1
1107.1	1
1107.32	0
1107.54	2
1107.76	0
1107.98	2
1108.2	4
1108.42	2
1108.64	2
1108.86	3
1109.08	5
1109.3	2
1109.52	2
1109.74	1
1109.96	2
1110.18	2
1110.4	2
1110.62	4
1110.84	5
1111.06	5
1111.28	5
1111.5	6
1111.73	3
1111.95	2
1112.17	12
1112.39	4
1112.61	4
1112.83	6
1113.05	5
1113.27	10
1113.49	34
1113.71	36
1113.93	53
1114.15	67
1114.37	76
1114.59	91
1114.81	90
1115.03	117
1115.25	103
1115.47	77
1115.69	58
1115.91	35
1116.13	23
1116.35	16
1116.57	7
1116.79	4
1117.01	2
1117.23	4
1117.45	3
1117.67	6
1117.89	1
1118.11	4
1118.33	2
1118.55	1
1118.77	1
1118.99	3
1119.21	1
1119.43	1
1119.65	5
1119.87	2
1120.09	1
1120.31	3
1120.53	0
1120.75	3
1120.97	2
1121.19	3
1121.41	0
1121.63	1
1121.85	2
1122.07	2
1122.29	1
1122.51	2
1122.73	2
1122.95	1
1123.17	3
1123.39	5
1123.61	9
1123.83	4
1124.05	2
1124.27	2
1124.49	2
1124.71	1
1124.93	6
1125.15	3
1125.37	3
1125.59	5
1125.81	1
1126.03	0
1126.25	2
1126.47	1
1126.69	1
1126.91	2
1127.13	7
1127.35	4
1127.57	2
1127.79	4
1128.01	2
1128.23	5
1128.45	2
1128.67	2
1128.89	3
1129.11	3
1129.33	6
1129.55	1
1129.77	1
1129.99	4
1130.21	3
1130.43	0
1130.65	4
1130.87	3
1131.09	3
1131.31	3
1131.53	3
1131.75	5
1131.97	2
1132.19	2
1132.41	0
1132.63	2
1132.85	5
1133.07	1
1133.29	1
1133.51	3
1133.74	4
1133.96	3
1134.18	0
1134.4	3
1134.62	5
1134.84	2
1135.06	2
1135.28	1
1135.5	3
1135.72	1
1135.94	3
1136.16	1
1136.38	2
1136.6	3
1136.82	4
1137.04	3
1137.26	4
1137.48	1
1137.7	1
1137.92	0
1138.14	3
1138.36	2
1138.58	1
1138.8	4
1139.02	2
1139.24	2
1139.46	2
1139.68	3
1139.9	5
1140.12	1
1140.34	0
1140.56	4
1140.78	2
1141	1
1141.22	3
1141.44	5
1141.66	3
1141.88	0
1142.1	5
1142.32	1
1142.54	5
1142.76	0
1142.98	3
1143.2	2
1143.42	2
1143.64	4
1143.86	3
1144.08	2
1144.3	4
1144.52	2
1144.74	3
1144.96	7
1145.18	2
1145.4	2
1145.62	5
1145.84	4
1146.06	1
1146.28	4
1146.5	3
1146.72	5
1146.94	2
1147.16	3
1147.38	3
1147.6	2
1147.82	2
1148.04	5
1148.26	4
1148.48	3
1148.7	5
1148.92	1
1149.14	3
1149.36	2
1149.58	1
1149.8	1
1150.02	4
1150.24	5
1150.46	2
1150.68	2
1150.9	2
1151.12	4
1151.34	5
1151.56	3
1151.78	0
1152	2
1152.22	3
1152.44	2
1152.66	1
1152.88	1
1153.1	0
1153.32	1
1153.54	7
1153.76	4
1153.98	2
1154.2	3
1154.42	3
1154.64	3
1154.86	7
1155.08	6
1155.3	4
1155.52	2
1155.75	3
1155.97	3
1156.19	1
1156.41	1
1156.63	2
1156.85	3
1157.07	4
1157.29	2
1157.51	2
1157.73	1
1157.95	1
1158.17	7
1158.39	0
1158.61	3
1158.83	4
1159.05	2
1159.27	3
1159.49	4
1159.71	4
1159.93	1
1160.15	1
1160.37	1
1160.59	1
1160.81	3
1161.03	4
1161.25	2
1161.47	4
1161.69	4
1161.91	5
1162.13	4
1162.35	2
1162.57	3
1162.79	2
1163.01	2
1163.23	3
1163.45	2
1163.67	0
1163.89	3
1164.11	2
1164.33	4
1164.55	4
1164.77	4
1164.99	5
1165.21	2
1165.43	1
1165.65	2
1165.87	1
1166.09	7
1166.31	2
1166.53	4
1166.75	4
1166.97	1
1167.19	2
1167.41	2
1167.63	2
1167.85	2
1168.07	2
1168.29	2
1168.51	2
1168.73	6
1168.95	3
1169.17	0
1169.39	2
1169.61	3
1169.83	2
1170.05	1
1170.27	11
1170.49	3
1170.71	3
1170.93	3
1171.15	4
1171.37	3
1171.59	6
1171.81	0
1172.03	4
1172.25	0
1172.47	2
1172.69	2
1172.91	5
1173.13	0
1173.35	4
1173.57	2
1173.79	0
1174.01	2
1174.23	3
1174.45	1
1174.67	3
1174.89	2
1175.11	4
1175.33	1
1175.55	2
1175.77	4
1175.99	4
1176.21	3
1176.43	4
1176.65	1
1176.87	3
1177.09	3
1177.31	1
1177.53	2
1177.76	5
1177.98	3
1178.2	2
1178.42	6
1178.64	4
1178.86	1
1179.08	0
1179.3	5
1179.52	3
1179.74	2
1179.96	5
1180.18	1
1180.4	2
1180.62	1
1180.84	3
1181.06	6
1181.28	1
1181.5	4
1181.72	7
1181.94	2
1182.16	2
1182.38	6
1182.6	1
1182.82	1
1183.04	5
1183.26	4
1183.48	6
1183.7	4
1183.92	7
1184.14	2
1184.36	3
1184.58	1
1184.8	4
1185.02	5
1185.24	2
1185.46	2
1185.68	3
1185.9	0
1186.12	3
1186.34	2
1186.56	2
1186.78	1
1187	2
1187.22	1
1187.44	5
1187.66	2
1187.88	2
1188.1	4
1188.32	5
1188.54	4
1188.76	1
1188.98	2
1189.2	4
1189.42	2
1189.64	1
1189.86	3
1190.08	3
1190.3	5
1190.52	3
1190.74	3
1190.96	0
1191.18	4
1191.4	2
1191.62	5
1191.84	6
1192.06	2
1192.28	6
1192.5	0
1192.72	1
1192.94	4
1193.16	2
1193.38	4
1193.6	2
1193.82	5
1194.04	2
1194.26	2
1194.48	2
1194.7	1
1194.92	3
1195.14	2
1195.36	1
1195.58	2
1195.8	1
1196.02	3
1196.24	3
1196.46	1
1196.68	1
1196.9	4
1197.12	1
1197.34	4
1197.56	1
1197.78	1
1198	0
1198.22	3
1198.44	2
1198.66	1
1198.88	3
1199.1	1
1199.32	1
1199.54	2
1199.77	0
1199.99	2
1200.21	2
1200.43	1
1200.65	2
1200.87	2
1201.09	5
1201.31	0
1201.53	0
1201.75	2
1201.97	2
1202.19	0
1202.41	3
1202.63	1
1202.85	3
1203.07	1
1203.29	1
1203.51	5
1203.73	0
1203.95	1
1204.17	2
1204.39	0
1204.61	3
1204.83	1
1205.05	2
1205.27	2
1205.49	2
1205.71	1
1205.93	4
1206.15	1
1206.37	1
1206.59	0
1206.81	2
1207.03	1
1207.25	2
1207.47	2
1207.69	0
1207.91	2
1208.13	1
1208.35	1
1208.57	1
1208.79	1
1209.01	2
1209.23	2
1209.45	2
1209.67	2
1209.89	4
1210.11	2
1210.33	2
1210.55	0
1210.77	2
1210.99	0
1211.21	0
1211.43	1
1211.65	0
1211.87	1
1212.09	3
1212.31	4
1212.53	2
1212.75	4
1212.97	0
1213.19	3
1213.41	0
1213.63	3
1213.85	1
1214.07	5
1214.29	3
1214.51	2
1214.73	7
1214.95	8
1215.17	9
1215.39	7
1215.61	15
1215.83	13
1216.05	7
1216.27	12
1216.49	11
1216.71	10
1216.93	5
1217.15	6
1217.37	3
1217.59	1
1217.81	2
1218.03	1
1218.25	0
1218.47	2
1218.69	1
1218.91	1
1219.13	1
1219.35	3
1219.57	1
1219.79	3
1220.01	3
1220.23	2
1220.45	0
1220.67	4
1220.89	2
1221.11	4
1221.33	0
1221.55	1
1221.78	3
1222	1
1222.22	1
1222.44	1
1222.66	2
1222.88	0
1223.1	0
1223.32	3
1223.54	1
1223.76	0
1223.98	6
1224.2	1
1224.42	0
1224.64	1
1224.86	1
1225.08	1
1225.3	2
1225.52	1
1225.74	1
1225.96	2
1226.18	0
1226.4	2
1226.62	1
1226.84	1
1227.06	2
1227.28	1
1227.5	0
1227.72	1
1227.94	0
1228.16	3
1228.38	0
1228.6	4
1228.82	4
1229.04	1
1229.26	3
1229.48	2
1229.7	0
1229.92	0
1230.14	2
1230.36	0
1230.58	1
1230.8	4
1231.02	0
1231.24	1
1231.46	1
1231.68	0
1231.9	2
1232.12	1
1232.34	1
1232.56	1
1232.78	1
1233	2
1233.22	1
1233.44	2
1233.66	2
1233.88	0
1234.1	2
1234.32	0
1234.54	0
1234.76	1
1234.98	0
1235.2	1
1235.42	0
1235.64	1
1235.86	4
1236.08	4
1236.3	2
1236.52	0
1236.74	3
1236.96	2
1237.18	1
1237.4	2
1237.62	1
1237.84	2
1238.06	0
1238.28	2
1238.5	1
1238.72	0
1238.94	1
1239.16	2
1239.38	0
1239.6	2
1239.82	1
1240.04	1
1240.26	0
1240.48	0
1240.7	2
1240.92	0
1241.14	1
1241.36	1
1241.58	2
1241.8	1
1242.02	1
1242.24	1
1242.46	1
1242.68	1
1242.9	0
1243.12	1
1243.34	0
1243.57	0
1243.79	1
1244.01	0
1244.23	0
1244.45	2
1244.67	1
1244.89	3
1245.11	1
1245.33	0
1245.55	3
1245.77	0
1245.99	1
1246.21	0
1246.43	1
1246.65	2
1246.87	1
1247.09	3
1247.31	1
1247.53	1
1247.75	1
1247.97	1
1248.19	0
1248.41	1
1248.63	1
1248.85	3
1249.07	0
1249.29	1
1249.51	0
1249.73	1
1249.95	2
1250.17	1
1250.39	0
1250.61	3
1250.83	2
1251.05	0
1251.27	4
1251.49	1
1251.71	0
1251.93	1
1252.15	2
1252.37	1
1252.59	3
1252.81	1
1253.03	3
1253.25	6
1253.47	2
1253.69	2
1253.91	2
1254.13	3
1254.35	5
1254.57	2
1254.79	1
1255.01	1
1255.23	1
1255.45	0
1255.67	1
1255.89	3
1256.11	1
1256.33	2
1256.55	3
1256.77	1
1256.99	1
1257.21	2
1257.43	0
1257.65	1
1257.87	1
1258.09	0
1258.31	0
1258.53	1
1258.75	0
1258.97	1
1259.19	1
1259.41	0
1259.63	2
1259.85	0
1260.07	0
1260.29	2
1260.51	0
1260.73	1
1260.95	0
1261.17	4
1261.39	1
1261.61	0
1261.83	1
1262.05	1
1262.27	2
1262.49	0
1262.71	1
1262.93	1
1263.15	0
1263.37	1
1263.59	1
1263.81	0
1264.03	1
1264.25	2
1264.47	1
1264.69	2
1264.91	0
1265.13	3
1265.35	1
1265.58	1
1265.8	1
1266.02	2
1266.24	1
1266.46	0
1266.68	0
1266.9	1
1267.12	2
1267.34	2
1267.56	0
1267.78	1
1268	0
1268.22	1
1268.44	2
1268.66	0
1268.88	0
1269.1	1
1269.32	1
1269.54	0
1269.76	0
1269.98	0
1270.2	0
1270.42	0
1270.64	0
1270.86	2
1271.08	0
1271.3	1
1271.52	1
1271.74	0
1271.96	0
1272.18	1
1272.4	0
1272.62	2
1272.84	0
1273.06	2
1273.28	3
1273.5	2
1273.72	0
1273.94	2
1274.16	0
1274.38	1
1274.6	0
1274.82	0
1275.04	1
1275.26	1
1275.48	1
1275.7	1
1275.92	1
1276.14	1
1276.36	0
1276.58	0
1276.8	1
1277.02	1
1277.24	1
1277.46	0
1277.68	1
1277.9	2
1278.12	3
1278.34	2
1278.56	0
1278.78	0
1279	2
1279.22	0
1279.44	2
1279.66	2
1279.88	0
1280.1	1
1280.32	1
1280.54	0
1280.76	2
1280.98	0
1281.2	0
1281.42	0
1281.64	0
1281.86	1
1282.08	0
1282.3	1
1282.52	1
1282.74	0
1282.96	3
1283.18	0
1283.4	1
1283.62	3
1283.84	1
1284.06	0
1284.28	1
1284.5	0
1284.72	0
1284.94	1
1285.16	1
1285.38	1
1285.6	0
1285.82	2
1286.04	2
1286.26	2
1286.48	1
1286.7	0
1286.92	0
1287.14	1
1287.36	1
1287.59	0
1287.81	0
1288.03	0
1288.25	3
1288.47	0
1288.69	0
1288.91	0
1289.13	1
1289.35	3
1289.57	0
1289.79	1
1290.01	1
1290.23	0
1290.45	1
1290.67	1
1290.89	0
1291.11	0
1291.33	0
1291.55	2
1291.77	1
1291.99	1
1292.21	0
1292.43	0
1292.65	1
1292.87	2
1293.09	0
1293.31	1
1293.53	1
1293.75	1
1293.97	0
1294.19	2
1294.41	2
1294.63	0
1294.85	1
1295.07	1
1295.29	1
1295.51	2
1295.73	1
1295.95	2
1296.17	2
1296.39	1
1296.61	1
1296.83	2
1297.05	0
1297.27	0
1297.49	1
1297.71	0
1297.93	0
1298.15	1
1298.37	1
1298.59	0
1298.81	2
1299.03	0
1299.25	0
1299.47	0
1299.69	1
1299.91	0
1300.13	0
1300.35	2
1300.57	0
1300.79	1
1301.01	0
1301.23	2
1301.45	3
1301.67	3
1301.89	6
1302.11	3
1302.33	16
1302.55	9
1302.77	8
1302.99	12
1303.21	9
1303.43	9
1303.65	12
1303.87	4
1304.09	9
1304.31	4
1304.53	1
1304.75	1
1304.97	1
1305.19	0
1305.41	0
1305.63	0
1305.85	0
1306.07	0
1306.29	0
1306.51	3
1306.73	0
1306.95	2
1307.17	0
1307.39	0
1307.61	0
1307.83	1
1308.05	1
1308.27	1
1308.49	0
1308.71	0
1308.93	2
1309.15	2
1309.37	1
1309.6	0
1309.82	1
1310.04	1
1310.26	0
1310.48	0
1310.7	0
1310.92	1
1311.14	1
1311.36	2
1311.58	0
1311.8	1
1312.02	0
1312.24	1
1312.46	0
1312.68	2
1312.9	1
1313.12	0
1313.34	1
1313.56	0
1313.78	0
1314	0
1314.22	1
1314.44	1
1314.66	1
1314.88	0
1315.1	0
1315.32	0
1315.54	0
1315.76	1
1315.98	0
1316.2	0
1316.42	0
1316.64	1
1316.86	0
1317.08	2
1317.3	0
1317.52	0
1317.74	0
1317.96	0
1318.18	2
1318.4	1
1318.62	0
1318.84	0
1319.06	0
1319.28	0
1319.5	0
1319.72	0
1319.94	0
1320.16	2
1320.38	0
1320.6	1
1320.82	0
1321.04	0
1321.26	1
1321.48	2
1321.7	0
1321.92	0
1322.14	0
1322.36	3
1322.58	1
1322.8	0
1323.02	0
1323.24	0
1323.46	0
1323.68	0
1323.9	1
1324.12	1
1324.34	0
1324.56	0
1324.78	0
1325	0
1325.22	2
1325.44	1
1325.66	1
1325.88	0
1326.1	1
1326.32	0
1326.54	0
1326.76	0
1326.98	0
1327.2	0
1327.42	0
1327.64	1
1327.86	0
1328.08	0
1328.3	0
1328.52	0
1328.74	0
1328.96	0
1329.18	0
1329.4	0
1329.62	0
1329.84	0
1330.06	0
1330.28	0
1330.5	0
1330.72	1
1330.94	0
1331.16	1
1331.38	0
1331.61	0
1331.83	1
1332.05	0
1332.27	0
1332.49	1
1332.71	1
1332.93	0
1333.15	0
1333.37	0
1333.59	1
1333.81	3
1334.03	0
1334.25	0
1334.47	0
1334.69	0
1334.91	0
1335.13	0
1335.35	0
1335.57	0
1335.79	0
1336.01	0
1336.23	1
1336.45	1
1336.67	0
1336.89	1
1337.11	0
1337.33	1
1337.55	0
1337.77	0
1337.99	1
1338.21	1
1338.43	0
1338.65	1
1338.87	0
1339.09	0
1339.31	1
1339.53	0
1339.75	1
1339.97	0
1340.19	0
1340.41	0
1340.63	0
1340.85	0
1341.07	0
1341.29	0
1341.51	2
1341.73	1
1341.95	1
1342.17	0
1342.39	1
1342.61	0
1342.83	1
1343.05	0
1343.27	0
1343.49	1
1343.71	0
1343.93	0
1344.15	0
1344.37	0
1344.59	0
1344.81	1
1345.03	0
1345.25	0
1345.47	0
1345.69	0
1345.91	0
1346.13	2
1346.35	2
1346.57	0
1346.79	0
1347.01	0
1347.23	0
1347.45	0
1347.67	0
1347.89	0
1348.11	0
1348.33	0
1348.55	0
1348.77	0
1348.99	2
1349.21	1
1349.43	1
1349.65	0
1349.87	0
1350.09	0
1350.31	0
1350.53	0
1350.75	1
1350.97	0
1351.19	1
1351.41	0
1351.63	2
1351.85	0
1352.07	0
1352.29	1
1352.51	1
1352.73	1
1352.95	0
1353.17	0
1353.39	0
1353.62	0
1353.84	0
1354.06	1
1354.28	0
1354.5	0
1354.72	0
1354.94	0
1355.16	0
1355.38	0
1355.6	0
1355.82	2
1356.04	0
1356.26	1
1356.48	0
1356.7	1
1356.92	0
1357.14	0
1357.36	0
1357.58	2
1357.8	0
1358.02	0
1358.24	0
1358.46	0
1358.68	0
1358.9	0
1359.12	1
1359.34	0
1359.56	0
1359.78	0
1360	0
1360.22	0
1360.44	1
1360.66	0
1360.88	1
1361.1	1
1361.32	0
1361.54	1
1361.76	0
1361.98	0
1362.2	0
1362.42	1
1362.64	0
1362.86	0
1363.08	0
1363.3	1
1363.52	1
1363.74	0
1363.96	0
1364.18	1
1364.4	0
1364.62	0
1364.84	0
1365.06	0
1365.28	0
1365.5	0
1365.72	0
1365.94	0
1366.16	0
1366.38	1
1366.6	0
1366.82	0
1367.04	0
1367.26	0
1367.48	1
1367.7	0
1367.92	0
1368.14	0
1368.36	0
1368.58	0
1368.8	0
1369.02	0
1369.24	1
1369.46	0
1369.68	0
1369.9	0
1370.12	1
1370.34	0
1370.56	0
1370.78	0
1371	0
1371.22	1
1371.44	0
1371.66	0
1371.88	0
1372.1	0
1372.32	0
1372.54	0
1372.76	0
1372.98	1
1373.2	0
1373.42	0
1373.64	0
1373.86	1
1374.08	0
1374.3	0
1374.52	0
1374.74	0
1374.96	0
1375.18	0
1375.4	0
1375.63	0
1375.85	0
1376.07	0
1376.29	1
1376.51	1
1376.73	0
1376.95	0
1377.17	1
1377.39	0
1377.61	0
1377.83	0
1378.05	1
1378.27	0
1378.49	0
1378.71	0
1378.93	0
1379.15	0
1379.37	1
1379.59	2
1379.81	0
1380.03	0
1380.25	1
1380.47	0
1380.69	1
1380.91	0
1381.13	1
1381.35	0
1381.57	0
1381.79	0
1382.01	0
1382.23	1
1382.45	0
1382.67	0
1382.89	0
1383.11	0
1383.33	0
1383.55	1
1383.77	0
1383.99	0
1384.21	1
1384.43	0
1384.65	0
1384.87	1
1385.09	0
1385.31	0
1385.53	0
1385.75	0
1385.97	1
1386.19	0
1386.41	0
1386.63	0
1386.85	0
1387.07	0
1387.29	0
1387.51	0
1387.73	0
1387.95	0
1388.17	0
1388.39	0
1388.61	0
1388.83	0
1389.05	0
1389.27	0
1389.49	0
1389.71	0
1389.93	0
1390.15	0
1390.37	0
1390.59	0
1390.81	1
1391.03	0
1391.25	0
1391.47	0
1391.69	0
1391.91	0
1392.13	0
1392.35	0
1392.57	0
1392.79	0
1393.01	0
1393.23	0
1393.45	0
1393.67	0
1393.89	1
1394.11	0
1394.33	0
1394.55	1
1394.77	0
1394.99	1
1395.21	1
1395.43	1
1395.65	0
1395.87	1
1396.09	0
1396.31	0
1396.53	0
1396.75	0
1396.97	0
1397.19	0
1397.41	0
1397.64	1
1397.86	1
1398.08	0
1398.3	0
1398.52	0
1398.74	0
1398.96	0
1399.18	0
1399.4	1
1399.62	0
1399.84	0
1400.06	0
1400.28	1
1400.5	0
1400.72	0
1400.94	0
1401.16	0
1401.38	0
1401.6	0
1401.82	0
1402.04	0
1402.26	0
1402.48	1
1402.7	0
1402.92	0
1403.14	0
1403.36	0
1403.58	1
1403.8	0
1404.02	1
1404.24	0
1404.46	0
1404.68	0
1404.9	0
1405.12	1
1405.34	0
1405.56	0
1405.78	0
1406	0
1406.22	2
1406.44	0
1406.66	1
1406.88	0
1407.1	0
1407.32	0
1407.54	0
1407.76	1
1407.98	0
1408.2	1
1408.42	0
1408.64	0
1408.86	1
1409.08	2
1409.3	0
1409.52	2
1409.74	2
1409.96	3
1410.18	3
1410.4	3
1410.62	4
1410.84	11
1411.06	17
1411.28	24
1411.5	61
1411.72	62
1411.94	81
1412.16	87
1412.38	106
1412.6	109
1412.82	104
1413.04	79
1413.26	89
1413.48	52
1413.7	37
1413.92	22
1414.14	13
1414.36	9
1414.58	2
1414.8	1
1415.02	0
1415.24	1
1415.46	1
1415.68	0
1415.9	1
1416.12	0
1416.34	0
1416.56	0
1416.78	0
1417	0
1417.22	0
1417.44	1
1417.66	0
1417.88	1
1418.1	0
1418.32	0
1418.54	0
1418.76	0
1418.98	0
1419.2	0
1419.42	0
1419.65	0
1419.87	0
1420.09	0
1420.31	0
1420.53	0
1420.75	1
1420.97	0
1421.19	0
1421.41	0
1421.63	0
1421.85	0
1422.07	0
1422.29	0
1422.51	0
1422.73	0
1422.95	0
1423.17	0
1423.39	0
1423.61	0
1423.83	0
1424.05	0
1424.27	0
1424.49	0
1424.71	0
1424.93	1
1425.15	0
1425.37	0
1425.59	0
1425.81	0
1426.03	0
1426.25	0
1426.47	0
1426.69	0
1426.91	0
1427.13	0
1427.35	0
1427.57	0
1427.79	0
1428.01	0
1428.23	1
1428.45	1
1428.67	0
1428.89	0
1429.11	1
1429.33	0
1429.55	0
1429.77	0
1429.99	0
1430.21	0
1430.43	0
1430.65	0
1430.87	0
1431.09	0
1431.31	1
1431.53	0
1431.75	0
1431.97	0
1432.19	0
1432.41	0
1432.63	0
1432.85	0
1433.07	1
1433.29	0
1433.51	0
1433.73	0
1433.95	0
1434.17	0
1434.39	1
1434.61	0
1434.83	0
1435.05	0
1435.27	0
1435.49	0
1435.71	0
1435.93	0
1436.15	1
1436.37	0
1436.59	0
1436.81	0
1437.03	0
1437.25	0
1437.47	0
1437.69	0
1437.91	0
1438.13	0
1438.35	0
1438.57	0
1438.79	0
1439.01	0
1439.23	0
1439.45	0
1439.67	0
1439.89	0
1440.11	0
1440.33	0
1440.55	0
1440.77	0
1440.99	1
1441.21	0
1441.43	1
1441.66	1
1441.88	0
1442.1	0
1442.32	0
1442.54	0
1442.76	0
1442.98	0
1443.2	0
1443.42	1
1443.64	0
1443.86	0
1444.08	0
1444.3	0
1444.52	0
1444.74	0
1444.96	0
1445.18	0
1445.4	0
1445.62	0
1445.84	1
1446.06	0
1446.28	0
1446.5	1
1446.72	0
1446.94	0
1447.16	0
1447.38	0
1447.6	0
1447.82	0
1448.04	0
1448.26	0
1448.48	1
1448.7	0
1448.92	0
1449.14	1
1449.36	0
1449.58	1
1449.8	0
1450.02	0
1450.24	0
1450.46	0
1450.68	0
1450.9	0
1451.12	0
1451.34	0
1451.56	0
1451.78	0
1452	0
1452.22	1
1452.44	0
1452.66	3
1452.88	1
1453.1	1
1453.32	0
1453.54	0
1453.76	0
1453.98	1
1454.2	0
1454.42	0
1454.64	0
1454.86	0
1455.08	0
1455.3	0
1455.52	0
1455.74	0
1455.96	0
1456.18	0
1456.4	1
1456.62	0
1456.84	0
1457.06	0
1457.28	0
1457.5	0
1457.72	0
1457.94	1
1458.16	0
1458.38	0
1458.6	0
1458.82	1
1459.04	0
1459.26	0
1459.48	0
1459.7	0
1459.92	1
1460.14	0
1460.36	0
1460.58	0
1460.8	1
1461.02	0
1461.24	0
1461.46	2
1461.68	0
1461.9	4
1462.12	5
1462.34	2
1462.56	1
1462.78	3
1463	1
1463.22	2
1463.44	2
1463.67	2
1463.89	1
1464.11	1
1464.33	2
1464.55	0
1464.77	1
1464.99	1
1465.21	0
1465.43	0
1465.65	1
1465.87	2
1466.09	4
1466.31	2
1466.53	2
1466.75	0
1466.97	1
1467.19	0
1467.41	0
1467.63	0
1467.85	0
1468.07	0
1468.29	0
1468.51	0
1468.73	0
1468.95	0
1469.17	0
1469.39	0
1469.61	0
1469.83	0
1470.05	0
1470.27	0
1470.49	0
1470.71	0
1470.93	0
1471.15	0
1471.37	0
1471.59	0
1471.81	0
1472.03	0
1472.25	0
1472.47	0
1472.69	0
1472.91	0
1473.13	0
1473.35	0
1473.57	0
1473.79	0
1474.01	0
1474.23	0
1474.45	0
1474.67	0
1474.89	0
1475.11	1
1475.33	1
1475.55	1
1475.77	0
1475.99	0
1476.21	1
1476.43	0
1476.65	0
1476.87	0
1477.09	0
1477.31	0
1477.53	0
1477.75	0
1477.97	0
1478.19	0
1478.41	0
1478.63	0
1478.85	0
1479.07	0
1479.29	1
1479.51	0
1479.73	0
1479.95	0
1480.17	0
1480.39	0
1480.61	0
1480.83	0
1481.05	0
1481.27	0
1481.49	1
1481.71	0
1481.93	0
1482.15	0
1482.37	0
1482.59	0
1482.81	0
1483.03	0
1483.25	1
1483.47	0
1483.69	0
1483.91	0
1484.13	0
1484.35	0
1484.57	0
1484.79	0
1485.01	0
1485.23	0
1485.45	0
1485.68	1
1485.9	0
1486.12	0
1486.34	0
1486.56	0
1486.78	0
1487	0
1487.22	0
1487.44	0
1487.66	0
1487.88	0
1488.1	0
1488.32	0
1488.54	0
1488.76	0
1488.98	0
1489.2	0
1489.42	0
1489.64	0
1489.86	0
1490.08	0
1490.3	0
1490.52	0
1490.74	0
1490.96	0
1491.18	0
1491.4	1
1491.62	0
1491.84	1
1492.06	0
1492.28	0
1492.5	0
1492.72	0
1492.94	0
1493.16	0
1493.38	2
1493.6	0
1493.82	0
1494.04	0
1494.26	1
1494.48	0
1494.7	0
1494.92	0
1495.14	0
1495.36	0
1495.58	0
1495.8	0
1496.02	0
1496.24	0
1496.46	0
1496.68	0
1496.9	0
1497.12	0
1497.34	0
1497.56	0
1497.78	0
1498	0
1498.22	0
1498.44	0
1498.66	0
1498.88	0
1499.1	0
1499.32	0
1499.54	0
1499.76	0
1499.98	0
1500.2	0
1500.42	0
1500.64	0
1500.86	0
1501.08	0
1501.3	0
1501.52	0
1501.74	0
1501.96	0
1502.18	0
1502.4	0
1502.62	0
1502.84	0
1503.06	0
1503.28	0
1503.5	0
1503.72	0
1503.94	0
1504.16	0
1504.38	0
1504.6	0
1504.82	0
1505.04	0
1505.26	0
1505.48	0
1505.7	0
1505.92	0
1506.14	0
1506.36	0
1506.58	0
1506.8	0
1507.02	1
1507.24	0
1507.46	0
1507.68	0
1507.91	1
1508.13	0
1508.35	0
1508.57	0
1508.79	0
1509.01	0
1509.23	0
1509.45	0
1509.67	0
1509.89	0
1510.11	0
1510.33	0
1510.55	0
1510.77	0
1510.99	0
1511.21	0
1511.43	0
1511.65	0
1511.87	0
1512.09	0
1512.31	1
1512.53	0
1512.75	0
1512.97	0
1513.19	0
1513.41	0
1513.63	0
1513.85	0
1514.07	0
1514.29	1
1514.51	0
1514.73	0
1514.95	0
1515.17	0
1515.39	0
1515.61	0
1515.83	0
1516.05	0
1516.27	0
1516.49	0
1516.71	1
1516.93	0
1517.15	0
1517.37	0
1517.59	0
1517.81	0
1518.03	0
1518.25	0
1518.47	0
1518.69	0
1518.91	0
1519.13	0
1519.35	0
1519.57	0
1519.79	0
1520.01	0
1520.23	0
1520.45	0
1520.67	0
1520.89	0
1521.11	0
1521.33	0
1521.55	0
1521.77	0
1521.99	0
1522.21	0
1522.43	0
1522.65	0
1522.87	0
1523.09	0
1523.31	0
1523.53	0
1523.75	0
1523.97	0
1524.19	0
1524.41	0
1524.63	0
1524.85	0
1525.07	0
1525.29	0
1525.51	0
1525.73	0
1525.95	0
1526.17	0
1526.39	0
1526.61	0
1526.83	0
1527.05	0
1527.27	0
1527.49	0
1527.71	0
1527.93	0
1528.15	0
1528.37	0
1528.59	0
1528.81	0
1529.03	0
1529.25	0
1529.47	0
1529.69	0
1529.92	0
1530.14	0
1530.36	0
1530.58	0
1530.8	0
1531.02	0
1531.24	0
1531.46	0
1531.68	0
1531.9	0
1532.12	0
1532.34	1
1532.56	0
1532.78	0
1533	2
1533.22	1
1533.44	2
1533.66	2
1533.88	0
1534.1	2
1534.32	2
1534.54	2
1534.76	1
1534.98	1
1535.2	1
1535.42	2
1535.64	1
1535.86	0
1536.08	2
1536.3	0
1536.52	0
1536.74	0
1536.96	0
1537.18	0
1537.4	0
1537.62	0
1537.84	0
1538.06	0
1538.28	0
1538.5	0
1538.72	0
1538.94	0
1539.16	0
1539.38	0
1539.6	0
1539.82	0
1540.04	0
1540.26	0
1540.48	0
1540.7	0
1540.92	0
1541.14	0
1541.36	0
1541.58	0
1541.8	0
1542.02	0
1542.24	0
1542.46	0
1542.68	0
1542.9	0
1543.12	0
1543.34	0
1543.56	0
1543.78	0
1544	0
1544.22	0
1544.44	0
1544.66	0
1544.88	0
1545.1	0
1545.32	0
1545.54	0
1545.76	0
1545.98	0
1546.2	0
1546.42	0
1546.64	0
1546.86	0
1547.08	0
1547.3	0
1547.52	0
1547.74	0
1547.96	0
1548.18	0
1548.4	0
1548.62	0
1548.84	0
1549.06	0
1549.28	0
1549.5	0
1549.72	0
1549.94	0
1550.16	0
1550.38	0
1550.6	0
1550.82	0
1551.04	0
1551.26	0
1551.48	0
1551.7	0
1551.93	0
1552.15	0
1552.37	0
1552.59	0
1552.81	0
1553.03	0
1553.25	0
1553.47	0
1553.69	0
1553.91	0
1554.13	0
1554.35	0
1554.57	0
1554.79	0
1555.01	0
1555.23	0
1555.45	0
1555.67	0
1555.89	0
1556.11	0
1556.33	0
1556.55	0
1556.77	0
1556.99	0
1557.21	0
1557.43	0
1557.65	0
1557.87	0
1558.09	0
1558.31	0
1558.53	0
1558.75	1
1558.97	0
1559.19	0
1559.41	0
1559.63	0
1559.85	0
1560.07	0
1560.29	0
1560.51	0
1560.73	0
1560.95	0
1561.17	0
1561.39	0
1561.61	0
1561.83	0
1562.05	0
1562.27	0
1562.49	0
1562.71	0
1562.93	0
1563.15	0
1563.37	0
1563.59	0
1563.81	0
1564.03	0
1564.25	0
1564.47	0
1564.69	0
1564.91	0
1565.13	0
1565.35	0
1565.57	0
1565.79	0
1566.01	0
1566.23	0
1566.45	0
1566.67	0
1566.89	0
1567.11	0
1567.33	0
1567.55	0
1567.77	0
1567.99	0
1568.21	0
1568.43	0
1568.65	0
1568.87	0
1569.09	0
1569.31	0
1569.53	0
1569.75	0
1569.97	0
1570.19	0
1570.41	0
1570.63	0
1570.85	0
1571.07	0
1571.29	0
1571.51	0
1571.73	0
1571.95	0
1572.17	0
1572.39	0
1572.61	0
1572.83	0
1573.05	0
1573.27	0
1573.49	0
1573.71	0
1573.94	0
1574.16	0
1574.38	0
1574.6	0
1574.82	0
1575.04	0
1575.26	0
1575.48	0
1575.7	0
1575.92	0
1576.14	0
1576.36	0
1576.58	0
1576.8	0
1577.02	0
1577.24	0
1577.46	0
1577.68	0
1577.9	0
1578.12	0
1578.34	0
1578.56	0
1578.78	0
1579	0
1579.22	0
1579.44	0
1579.66	0
1579.88	0
1580.1	0
1580.32	0
1580.54	0
1580.76	0
1580.98	0
1581.2	0
1581.42	0
1581.64	0
1581.86	0
1582.08	0
1582.3	0
1582.52	0
1582.74	0
1582.96	0
1583.18	0
1583.4	0
1583.62	0
1583.84	0
1584.06	0
1584.28	0
1584.5	0
1584.72	0
1584.94	0
1585.16	0
1585.38	0
1585.6	0
1585.82	0
1586.04	0
1586.26	0
1586.48	0
1586.7	0
1586.92	0
1587.14	0
1587.36	0
1587.58	0
1587.8	0
1588.02	0
1588.24	0
1588.46	0
1588.68	0
1588.9	0
1589.12	0
1589.34	0
1589.56	0
1589.78	0
1590	0
1590.22	0
1590.44	0
1590.66	0
1590.88	0
1591.1	0
1591.32	0
1591.54	0
1591.76	0
1591.98	0
1592.2	0
1592.42	0
1592.64	0
1592.86	0
1593.08	0
1593.3	0
1593.52	0
1593.74	0
1593.96	0
1594.18	0
1594.4	0
1594.62	0
1594.84	0
1595.06	0
1595.28	0
1595.5	0
1595.72	0
1595.95	0
1596.17	0
1596.39	0
1596.61	0
1596.83	0
1597.05	0
1597.27	0
1597.49	0
1597.71	0
1597.93	0
1598.15	0
1598.37	0
1598.59	0
1598.81	1
1599.03	0
1599.25	0
1599.47	0
1599.69	0
1599.91	0
1600.13	0
1600.35	0
1600.57	0
1600.79	0
1601.01	0
1601.23	0
1601.45	0
1601.67	0
1601.89	0
1602.11	0
1602.33	0
1602.55	0
1602.77	0
1602.99	0
1603.21	0
1603.43	0
1603.65	0
1603.87	0
1604.09	0
1604.31	0
1604.53	0
1604.75	0
1604.97	0
1605.19	0
1605.41	0
1605.63	1
1605.85	0
1606.07	0
1606.29	0
1606.51	0
1606.73	0
1606.95	0
1607.17	0
1607.39	0
1607.61	0
1607.83	0
1608.05	0
1608.27	0
1608.49	0
1608.71	0
1608.93	0
1609.15	0
1609.37	0
1609.59	0
1609.81	0
1610.03	0
1610.25	0
1610.47	0
1610.69	0
1610.91	0
1611.13	0
1611.35	0
1611.57	0
1611.79	0
1612.01	1
1612.23	0
1612.45	0
1612.67	0
1612.89	0
1613.11	0
1613.33	0
1613.55	0
1613.77	0
1613.99	0
1614.21	0
1614.43	0
1614.65	0
1614.87	0
1615.09	0
1615.31	0
1615.53	0
1615.75	0
1615.97	0
1616.19	0
1616.41	0
1616.63	0
1616.85	0
1617.07	0
1617.29	0
1617.51	0
1617.73	0
1617.96	0
1618.18	0
1618.4	0
1618.62	0
1618.84	0
1619.06	0
1619.28	0
1619.5	0
1619.72	0
1619.94	0
1620.16	0
1620.38	0
1620.6	0
1620.82	0
1621.04	0
1621.26	0
1621.48	0
1621.7	0
1621.92	0
1622.14	0
1622.36	0
1622.58	0
1622.8	0
1623.02	0
1623.24	0
1623.46	0
1623.68	0
1623.9	0
1624.12	0
1624.34	0
1624.56	0
1624.78	0
1625	0
1625.22	0
1625.44	0
1625.66	0
1625.88	0
1626.1	0
1626.32	0
1626.54	0
1626.76	0
1626.98	0
1627.2	0
1627.42	0
1627.64	0
1627.86	0
1628.08	0
1628.3	0
1628.52	0
1628.74	0
1628.96	0
1629.18	0
1629.4	0
1629.62	0
1629.84	0
1630.06	0
1630.28	0
1630.5	0
1630.72	0
1630.94	1
1631.16	0
1631.38	0
1631.6	0
1631.82	0
1632.04	0
1632.26	0
1632.48	0
1632.7	0
1632.92	0
1633.14	0
1633.36	0
1633.58	0
1633.8	0
1634.02	0
1634.24	0
1634.46	0
1634.68	0
1634.9	0
1635.12	0
1635.34	0
1635.56	0
1635.78	0
1636	0
1636.22	0
1636.44	0
1636.66	0
1636.88	0
1637.1	0
1637.32	0
1637.54	0
1637.76	0
1637.98	0
1638.2	0
1638.42	0
1638.64	0
1638.86	0
1639.08	0
1639.3	0
1639.52	0
1639.74	0
1639.97	0
1640.19	0
1640.41	0
1640.63	0
1640.85	0
1641.07	0
1641.29	0
1641.51	0
1641.73	0
1641.95	0
1642.17	0
1642.39	0
1642.61	0
1642.83	0
1643.05	0
1643.27	0
1643.49	0
1643.71	0
1643.93	0
1644.15	0
1644.37	0
1644.59	0
1644.81	0
1645.03	0
1645.25	0
1645.47	0
1645.69	0
1645.91	0
1646.13	0
1646.35	0
1646.57	0
1646.79	0
1647.01	0
1647.23	0
1647.45	0
1647.67	0
1647.89	0
1648.11	0
1648.33	0
1648.55	0
1648.77	1
1648.99	0
1649.21	0
1649.43	0
1649.65	0
1649.87	0
1650.09	0
1650.31	0
1650.53	0
1650.75	0
1650.97	0
1651.19	0
1651.41	0
1651.63	0
1651.85	0
1652.07	0
1652.29	0
1652.51	0
1652.73	0
1652.95	0
1653.17	0
1653.39	0
1653.61	0
1653.83	0
1654.05	0
1654.27	0
1654.49	0
1654.71	0
1654.93	0
1655.15	0
1655.37	0
1655.59	0
1655.81	0
1656.03	0
1656.25	0
1656.47	0
1656.69	0
1656.91	0
1657.13	0
1657.35	0
1657.57	0
1657.79	0
1658.01	0
1658.23	1
1658.45	0
1658.67	0
1658.89	0
1659.11	0
1659.33	0
1659.55	0
1659.77	0
1659.99	0
1660.21	0
1660.43	0
1660.65	0
1660.87	0
1661.09	0
1661.31	0
1661.53	0
1661.75	0
1661.98	0
1662.2	0
1662.42	0
1662.64	0
1662.86	0
1663.08	0
1663.3	0
1663.52	0
1663.74	0
1663.96	0
1664.18	0
1664.4	0
1664.62	0
1664.84	0
1665.06	0
1665.28	0
1665.5	0
1665.72	0
1665.94	0
1666.16	0
1666.38	0
1666.6	0
1666.82	0
1667.04	0
1667.26	0
1667.48	0
1667.7	0
1667.92	0
1668.14	0
1668.36	0
1668.58	0
1668.8	0
1669.02	0
1669.24	0
1669.46	1
1669.68	0
1669.9	0
1670.12	0
1670.34	0
1670.56	0
1670.78	0
1671	0
1671.22	0
1671.44	0
1671.66	0
1671.88	0
1672.1	0
1672.32	0
1672.54	0
1672.76	0
1672.98	0
1673.2	0
1673.42	0
1673.64	0
1673.86	0
1674.08	0
1674.3	0
1674.52	0
1674.74	0
1674.96	0
1675.18	0
1675.4	0
1675.62	0
1675.84	0
1676.06	0
1676.28	0
1676.5	0
1676.72	0
1676.94	0
1677.16	0
1677.38	0
1677.6	0
1677.82	0
1678.04	0
1678.26	0
1678.48	0
1678.7	0
1678.92	0
1679.14	0
1679.36	0
1679.58	0
1679.8	0
1680.02	0
1680.24	0
1680.46	0
1680.68	0
1680.9	0
1681.12	0
1681.34	0
1681.56	0
1681.78	0
1682	0
1682.22	0
1682.44	0
1682.66	0
1682.88	0
1683.1	0
1683.32	0
1683.54	0
1683.76	0
1683.99	0
1684.21	0
1684.43	0
1684.65	0
1684.87	0
1685.09	0
1685.31	0
1685.53	0
1685.75	0
1685.97	0
1686.19	0
1686.41	0
1686.63	0
1686.85	0
1687.07	0
1687.29	0
1687.51	0
1687.73	0
1687.95	0
1688.17	0
1688.39	0
1688.61	0
1688.83	0
1689.05	0
1689.27	0
1689.49	0
1689.71	0
1689.93	0
1690.15	0
1690.37	0
1690.59	0
1690.81	0
1691.03	0
1691.25	0
1691.47	0
1691.69	1
1691.91	0
1692.13	0
1692.35	0
1692.57	0
1692.79	0
1693.01	0
1693.23	0
1693.45	0
1693.67	0
1693.89	0
1694.11	0
1694.33	0
1694.55	0
1694.77	0
1694.99	0
1695.21	0
1695.43	0
1695.65	0
1695.87	0
1696.09	0
1696.31	0
1696.53	0
1696.75	0
1696.97	1
1697.19	0
1697.41	0
1697.63	0
1697.85	0
1698.07	0
1698.29	0
1698.51	0
1698.73	0
1698.95	0
1699.17	0
1699.39	0
1699.61	0
1699.83	0
1700.05	0
1700.27	0
1700.49	0
1700.71	0
1700.93	0
1701.15	0
1701.37	0
1701.59	0
1701.81	0
1702.03	0
1702.25	0
1702.47	0
1702.69	0
1702.91	0
1703.13	0
1703.35	0
1703.57	0
1703.79	0
1704.01	0
1704.23	0
1704.45	0
1704.67	0
1704.89	0
1705.11	0
1705.33	0
1705.55	0
1705.77	0
1706	0
1706.22	0
1706.44	0
1706.66	0
1706.88	0
1707.1	0
1707.32	0
1707.54	0
1707.76	0
1707.98	0
1708.2	0
1708.42	0
1708.64	0
1708.86	0
1709.08	0
1709.3	0
1709.52	0
1709.74	0
1709.96	0
1710.18	1
1710.4	0
1710.62	0
1710.84	0
1711.06	0
1711.28	0
1711.5	0
1711.72	0
1711.94	0
1712.16	0
1712.38	0
1712.6	0
1712.82	0
1713.04	0
1713.26	0
1713.48	0
1713.7	0
1713.92	0
1714.14	0
1714.36	0
1714.58	0
1714.8	0
1715.02	0
1715.24	0
1715.46	0
1715.68	0
1715.9	0
1716.12	0
1716.34	0
1716.56	0
1716.78	0
1717	0
1717.22	0
1717.44	0
1717.66	0
1717.88	0
1718.1	0
1718.32	0
1718.54	0
1718.76	0
1718.98	0
1719.2	0
1719.42	0
1719.64	0
1719.86	0
1720.08	0
1720.3	0
1720.52	0
1720.74	0
1720.96	0
1721.18	1
1721.4	0
1721.62	0
1721.84	0
1722.06	0
1722.28	0
1722.5	0
1722.72	0
1722.94	0
1723.16	0
1723.38	0
1723.6	0
1723.82	0
1724.04	0
1724.26	0
1724.48	0
1724.7	0
1724.92	0
1725.14	0
1725.36	0
1725.58	0
1725.8	0
1726.02	0
1726.24	0
1726.46	0
1726.68	0
1726.9	0
1727.12	0
1727.34	0
1727.56	0
1727.78	0
1728.01	0
1728.23	0
1728.45	0
1728.67	0
1728.89	0
1729.11	0
1729.33	0
1729.55	0
1729.77	0
1729.99	0
1730.21	0
1730.43	0
1730.65	0
1730.87	0
1731.09	0
1731.31	0
1731.53	0
1731.75	0
1731.97	0
1732.19	0
1732.41	0
1732.63	0
1732.85	0
1733.07	0
1733.29	0
1733.51	0
1733.73	0
1733.95	0
1734.17	0
1734.39	0
1734.61	0
1734.83	0
1735.05	0
1735.27	0
1735.49	0
1735.71	0
1735.93	0
1736.15	0
1736.37	0
1736.59	0
1736.81	0
1737.03	0
1737.25	0
1737.47	0
1737.69	0
1737.91	0
1738.13	0
1738.35	0
1738.57	0
1738.79	0
1739.01	0
1739.23	0
1739.45	0
1739.67	0
1739.89	0
1740.11	0
1740.33	0
1740.55	0
1740.77	0
1740.99	0
1741.21	0
1741.43	1
1741.65	0
1741.87	0
1742.09	0
1742.31	0
1742.53	0
1742.75	0
1742.97	0
1743.19	0
1743.41	0
1743.63	0
1743.85	0
1744.07	0
1744.29	0
1744.51	0
1744.73	0
1744.95	0
1745.17	0
1745.39	0
1745.61	0
1745.83	0
1746.05	0
1746.27	0
1746.49	0
1746.71	0
1746.93	0
1747.15	0
1747.37	0
1747.59	0
1747.81	0
1748.03	0
1748.25	0
1748.47	0
1748.69	0
1748.91	0
1749.13	0
1749.35	0
1749.57	0
1749.79	0
1750.02	0
1750.24	0
1750.46	0
1750.68	0
1750.9	0
1751.12	0
1751.34	0
1751.56	0
1751.78	0
1752	0
1752.22	0
1752.44	0
1752.66	0
1752.88	0
1753.1	0
1753.32	0
1753.54	0
1753.76	0
1753.98	0
1754.2	0
1754.42	0
1754.64	0
1754.86	0
1755.08	0
1755.3	0
1755.52	0
1755.74	0
1755.96	0
1756.18	0
1756.4	0
1756.62	0
1756.84	0
1757.06	0
1757.28	0
1757.5	0
1757.72	0
1757.94	0
1758.16	0
1758.38	0
1758.6	0
1758.82	0
1759.04	0
1759.26	0
1759.48	0
1759.7	0
1759.92	0
1760.14	0
1760.36	0
1760.58	0
1760.8	0
1761.02	0
1761.24	0
1761.46	0
1761.68	0
1761.9	0
1762.12	0
1762.34	0
1762.56	0
1762.78	0
1763	0
1763.22	0
1763.44	0
1763.66	0
1763.88	0
1764.1	0
1764.32	0
1764.54	0
1764.76	0
1764.98	0
1765.2	0
1765.42	0
1765.64	0
1765.86	0
1766.08	0
1766.3	0
1766.52	0
1766.74	0
1766.96	0
1767.18	0
1767.4	0
1767.62	0
1767.84	0
1768.06	0
1768.28	0
1768.5	0
1768.72	0
1768.94	0
1769.16	0
1769.38	0
1769.6	0
1769.82	0
1770.04	0
1770.26	0
1770.48	0
1770.7	0
1770.92	0
1771.14	1
1771.36	0
1771.58	1
1771.8	1
1772.03	0
1772.25	0
1772.47	0
1772.69	0
1772.91	0
1773.13	0
1773.35	0
1773.57	0
1773.79	0
1774.01	0
1774.23	0
1774.45	0
1774.67	1
1774.89	0
1775.11	0
1775.33	0
1775.55	0
1775.77	0
1775.99	0
1776.21	0
1776.43	0
1776.65	0
1776.87	0
1777.09	0
1777.31	0
1777.53	0
1777.75	0
1777.97	0
1778.19	0
1778.41	0
1778.63	0
1778.85	0
1779.07	0
1779.29	0
1779.51	0
1779.73	0
1779.95	0
1780.17	0
1780.39	0
1780.61	0
1780.83	0
1781.05	0
1781.27	0
1781.49	0
1781.71	0
1781.93	0
1782.15	0
1782.37	0
1782.59	0
1782.81	0
1783.03	0
1783.25	0
1783.47	0
1783.69	0
1783.91	0
1784.13	0
1784.35	0
1784.57	0
1784.79	0
1785.01	0
1785.23	0
1785.45	0
1785.67	0
1785.89	0
1786.11	0
1786.33	0
1786.55	0
1786.77	0
1786.99	0
1787.21	0
1787.43	0
1787.65	0
1787.87	0
1788.09	0
1788.31	0
1788.53	0
1788.75	1
1788.97	0
1789.19	0
1789.41	0
1789.63	0
1789.85	0
1790.07	0
1790.29	0
1790.51	0
1790.73	0
1790.95	0
1791.17	0
1791.39	0
1791.61	0
1791.83	0
1792.05	0
1792.27	0
1792.49	0
1792.71	0
1792.93	0
1793.15	1
1793.37	1
1793.59	0
1793.81	0
1794.04	0
1794.26	0
1794.48	0
1794.7	0
1794.92	0
1795.14	0
1795.36	0
1795.58	0
1795.8	1
1796.02	0
1796.24	0
1796.46	0
1796.68	0
1796.9	0
1797.12	0
1797.34	0
1797.56	0
1797.78	0
1798	0
1798.22	0
1798.44	0
1798.66	0
1798.88	0
1799.1	0
1799.32	0
1799.54	0
1799.76	0
1799.98	0
1800.2	0
1800.42	0
1800.64	0
1800.86	0
1801.08	0
1801.3	0
1801.52	0
1801.74	0
1801.96	0
1802.18	0
1802.4	0
1802.62	0
1802.84	0
