-5.15587e-020	0
0.2201	0
0.4402	0
0.6603	0
0.8804	0
1.1005	0
1.3206	0
1.5407	0
1.7608	0
1.9809	0
2.201	0
2.4211	0
2.6412	0
2.8613	0
3.0814	0
3.3015	0
3.5216	0
3.7417	0
3.9618	0
4.1819	0
4.402	0
4.6221	0
4.8422	0
5.0623	0
5.2824	0
5.5025	0
5.7226	0
5.9427	0
6.1628	0
6.3829	0
6.603	0
6.8231	0
7.0432	0
7.2633	1
7.4834	3
7.7035	27
7.9236	85
8.1437	160
8.3638	145
8.5839	114
8.804	168
9.0241	136
9.2442	158
9.4643	157
9.6844	151
9.9045	130
10.1246	128
10.3447	147
10.5648	143
10.7849	142
11.005	141
11.2251	143
11.4452	157
11.6653	137
11.8854	130
12.1055	144
12.3256	130
12.5457	135
12.7658	140
12.9859	144
13.206	155
13.4261	140
13.6462	142
13.8663	142
14.0864	128
14.3065	150
14.5266	142
14.7467	143
14.9668	141
15.1869	107
15.407	142
15.6271	122
15.8472	130
16.0673	136
16.2874	150
16.5075	130
16.7276	158
16.9477	158
17.1678	130
17.3879	145
17.608	154
17.8281	159
18.0482	127
18.2683	163
18.4884	161
18.7085	154
18.9286	144
19.1487	151
19.3688	134
19.5889	128
19.809	148
20.0291	159
20.2492	157
20.4693	127
20.6894	162
20.9095	167
21.1296	179
21.3497	166
21.5698	184
21.7899	178
22.01	159
22.2301	178
22.4502	186
22.6703	177
22.8904	168
23.1105	179
23.3306	170
23.5507	202
23.7708	183
23.9909	158
24.211	169
24.4311	192
24.6512	216
24.8713	236
25.0914	247
25.3115	309
25.5316	339
25.7517	371
25.9718	398
26.1919	398
26.412	484
26.6321	461
26.8522	384
27.0723	360
27.2924	332
27.5125	301
27.7326	363
27.9527	316
28.1728	388
28.3929	391
28.613	414
28.8331	448
29.0532	425
29.2733	466
29.4934	489
29.7135	520
29.9336	621
30.1537	651
30.3738	766
30.5939	901
30.814	1094
31.0341	1218
31.2542	1261
31.4743	1400
31.6944	1460
31.9145	1385
32.1346	1398
32.3547	1367
32.5748	1284
32.7949	1273
33.015	1180
33.2351	1203
33.4552	1161
33.6753	1091
33.8954	1083
34.1155	1087
34.3356	1101
34.5557	1119
34.7758	1140
34.9959	1380
35.216	2063
35.4361	3886
35.6562	6836
35.8763	10319
36.0964	13314
36.3165	15267
36.5366	15262
36.7567	11905
36.9768	6745
37.1969	3086
37.417	1046
37.6371	558
37.8572	463
38.0773	388
38.2974	416
38.5175	393
38.7376	415
38.9577	490
39.1778	461
39.3979	459
39.618	411
39.8381	374
40.0582	306
40.2783	272
40.4984	320
40.7185	316
40.9386	452
41.1587	959
41.3788	2026
41.5989	3344
41.819	4221
42.0391	3697
42.2592	2307
42.4793	1249
42.6994	984
42.9195	1156
43.1396	1091
43.3597	884
43.5798	481
43.7999	235
44.02	141
44.2401	125
44.4602	97
44.6803	111
44.9004	131
45.1205	142
45.3406	141
45.5607	106
45.7808	103
46.0009	82
46.221	108
46.4411	112
46.6612	96
46.8813	100
47.1014	101
47.3215	88
47.5416	73
47.7617	103
47.9818	86
48.2019	84
48.422	94
48.6421	77
48.8622	80
49.0823	86
49.3024	103
49.5225	83
49.7426	95
49.9627	89
50.1828	71
50.4029	83
50.623	94
50.8431	93
51.0632	106
51.2833	87
51.5034	91
51.7235	99
51.9436	71
52.1637	111
52.3838	100
52.6039	91
52.824	74
53.0441	96
53.2642	86
53.4843	104
53.7044	83
53.9245	71
54.1446	93
54.3647	69
54.5848	83
54.8049	93
55.025	91
55.2451	90
55.4652	80
55.6853	100
55.9054	100
56.1255	103
56.3456	83
56.5657	86
56.7858	105
57.0059	96
57.226	93
57.4461	98
57.6662	102
57.8863	111
58.1064	87
58.3265	90
58.5466	105
58.7667	106
58.9868	94
59.2069	103
59.427	84
59.6471	92
59.8672	101
60.0873	91
60.3074	87
60.5275	76
60.7476	94
60.9677	92
61.1878	112
61.4079	101
61.628	97
61.8481	102
62.0682	105
62.2883	116
62.5084	116
62.7285	103
62.9486	127
63.1687	116
63.3888	111
63.6089	118
63.829	112
64.0491	118
64.2692	127
64.4893	100
64.7094	157
64.9295	123
65.1496	114
65.3697	116
65.5898	128
65.8099	124
66.03	121
66.2501	135
66.4702	97
66.6903	136
66.9104	139
67.1305	102
67.3506	148
67.5707	125
67.7908	124
68.0109	130
68.231	134
68.4511	140
68.6712	136
68.8913	151
69.1114	204
69.3315	263
69.5516	249
69.7717	202
69.9918	161
70.2119	159
70.432	158
70.6521	142
70.8722	173
71.0923	259
71.3124	290
71.5325	371
71.7526	362
71.9727	290
72.1928	232
72.4129	172
72.633	144
72.8531	140
73.0732	132
73.2933	124
73.5134	117
73.7335	133
73.9536	126
74.1737	161
74.3938	130
74.6139	135
74.834	140
75.0541	117
75.2742	145
75.4943	163
75.7144	161
75.9345	165
76.1546	167
76.3747	189
76.5948	201
76.8149	204
77.035	191
77.2551	174
77.4752	154
77.6953	142
77.9154	145
78.1355	151
78.3556	162
78.5757	159
78.7958	189
79.0159	168
79.236	188
79.4561	220
79.6762	201
79.8963	223
80.1164	230
80.3365	229
80.5566	262
80.7767	277
80.9968	288
81.2169	311
81.437	342
81.6571	354
81.8772	341
82.0973	298
82.3174	274
82.5375	278
82.7576	232
82.9777	237
83.1978	230
83.4179	238
83.638	219
83.8581	239
84.0782	235
84.2983	260
84.5184	230
84.7385	237
84.9586	216
85.1787	189
85.3988	172
85.6189	190
85.839	201
86.0591	200
86.2792	198
86.4993	190
86.7194	205
86.9395	169
87.1596	203
87.3797	195
87.5998	202
87.8199	173
88.04	195
88.2601	191
88.4802	181
88.7003	176
88.9204	218
89.1405	193
89.3606	176
89.5807	201
89.8008	188
90.0209	194
90.241	184
90.4611	185
90.6812	175
90.9013	178
91.1214	165
91.3415	166
91.5616	181
91.7817	163
92.0018	152
92.2219	154
92.442	171
92.6621	190
92.8822	166
93.1023	169
93.3224	170
93.5425	181
93.7626	164
93.9827	149
94.2028	127
94.4229	160
94.643	159
94.8631	154
95.0832	154
95.3033	160
95.5234	167
95.7435	132
95.9636	163
96.1837	140
96.4038	154
96.6239	138
96.844	152
97.0641	134
97.2842	125
97.5043	146
97.7244	148
97.9445	145
98.1646	153
98.3847	144
98.6048	140
98.8249	141
99.045	142
99.2651	132
99.4852	130
99.7053	139
99.9254	142
100.146	148
100.366	138
100.586	151
100.806	126
101.026	122
101.246	152
101.466	124
101.686	140
101.906	143
102.126	125
102.346	160
102.567	162
102.787	143
103.007	130
103.227	122
103.447	127
103.667	121
103.887	132
104.107	117
104.327	129
104.548	136
104.768	125
104.988	133
105.208	128
105.428	121
105.648	104
105.868	147
106.088	127
106.308	144
106.528	113
106.748	130
106.969	125
107.189	96
107.409	96
107.629	133
107.849	118
108.069	132
108.289	132
108.509	124
108.729	126
108.95	155
109.17	135
109.39	139
109.61	152
109.83	131
110.05	121
110.27	127
110.49	125
110.71	127
110.93	122
111.15	118
111.371	126
111.591	108
111.811	141
112.031	130
112.251	127
112.471	131
112.691	123
112.911	130
113.131	128
113.352	130
113.572	115
113.792	136
114.012	102
114.232	108
114.452	144
114.672	129
114.892	116
115.112	121
115.332	134
115.552	106
115.773	115
115.993	116
116.213	128
116.433	129
116.653	131
116.873	119
117.093	116
117.313	146
117.533	149
117.753	268
117.974	719
118.194	1833
118.414	4244
118.634	6976
118.854	8306
119.074	7135
119.294	4515
119.514	2155
119.734	721
119.955	239
120.175	136
120.395	91
120.615	78
120.835	90
121.055	100
121.275	87
121.495	72
121.715	87
121.935	94
122.155	92
122.376	86
122.596	106
122.816	87
123.036	84
123.256	83
123.476	93
123.696	93
123.916	105
124.136	93
124.357	89
124.577	89
124.797	88
125.017	109
125.237	80
125.457	86
125.677	93
125.897	94
126.117	91
126.337	83
126.557	89
126.778	87
126.998	71
127.218	88
127.438	81
127.658	84
127.878	93
128.098	87
128.318	94
128.538	86
128.759	83
128.979	72
129.199	86
129.419	74
129.639	93
129.859	88
130.079	73
130.299	70
130.519	81
130.739	94
130.959	69
131.18	76
131.4	93
131.62	89
131.84	72
132.06	99
132.28	81
132.5	87
132.72	78
132.94	74
133.16	81
133.381	75
133.601	92
133.821	95
134.041	99
134.261	84
134.481	83
134.701	88
134.921	88
135.141	81
135.362	93
135.582	96
135.802	84
136.022	83
136.242	81
136.462	74
136.682	80
136.902	97
137.122	78
137.342	73
137.563	95
137.783	89
138.003	68
138.223	81
138.443	67
138.663	70
138.883	88
139.103	80
139.323	72
139.543	88
139.763	74
139.984	90
140.204	68
140.424	84
140.644	70
140.864	91
141.084	81
141.304	70
141.524	91
141.744	79
141.964	84
142.185	75
142.405	92
142.625	100
142.845	109
143.065	87
143.285	90
143.505	97
143.725	86
143.945	87
144.165	111
144.386	94
144.606	105
144.826	85
145.046	97
145.266	107
145.486	106
145.706	116
145.926	110
146.146	104
146.367	86
146.587	87
146.807	98
147.027	88
147.247	82
147.467	107
147.687	96
147.907	74
148.127	94
148.347	95
148.568	90
148.788	89
149.008	112
149.228	98
149.448	106
149.668	92
149.888	94
150.108	86
150.328	103
150.548	103
150.768	102
150.989	112
151.209	81
151.429	99
151.649	110
151.869	111
152.089	99
152.309	101
152.529	95
152.749	99
152.969	115
153.19	92
153.41	93
153.63	97
153.85	107
154.07	99
154.29	82
154.51	96
154.73	102
154.95	99
155.171	114
155.391	104
155.611	97
155.831	120
156.051	114
156.271	87
156.491	110
156.711	88
156.931	96
157.151	124
157.372	84
157.592	126
157.812	112
158.032	119
158.252	146
158.472	137
158.692	165
158.912	203
159.132	213
159.352	183
159.572	180
159.793	141
160.013	100
160.233	106
160.453	99
160.673	114
160.893	95
161.113	77
161.333	87
161.553	91
161.773	94
161.994	105
162.214	100
162.434	87
162.654	104
162.874	90
163.094	92
163.314	96
163.534	87
163.754	91
163.975	109
164.195	93
164.415	125
164.635	95
164.855	104
165.075	99
165.295	90
165.515	102
165.735	88
165.955	99
166.176	90
166.396	79
166.616	109
166.836	85
167.056	88
167.276	80
167.496	82
167.716	63
167.936	89
168.156	83
168.376	86
168.597	86
168.817	96
169.037	99
169.257	82
169.477	85
169.697	76
169.917	80
170.137	89
170.357	99
170.577	87
170.798	88
171.018	91
171.238	65
171.458	83
171.678	85
171.898	108
172.118	91
172.338	93
172.558	91
172.778	81
172.999	104
173.219	100
173.439	86
173.659	90
173.879	85
174.099	90
174.319	86
174.539	87
174.759	77
174.98	103
175.2	83
175.42	86
175.64	76
175.86	78
176.08	85
176.3	87
176.52	70
176.74	90
176.96	73
177.18	88
177.401	79
177.621	90
177.841	72
178.061	79
178.281	87
178.501	71
178.721	81
178.941	85
179.161	72
179.381	99
179.602	83
179.822	84
180.042	84
180.262	70
180.482	69
180.702	91
180.922	104
181.142	76
181.362	78
181.582	91
181.803	78
182.023	74
182.243	80
182.463	89
182.683	68
182.903	82
183.123	79
183.343	70
183.563	71
183.784	77
184.004	79
184.224	76
184.444	84
184.664	64
184.884	77
185.104	88
185.324	75
185.544	56
185.764	90
185.985	81
186.205	62
186.425	54
186.645	94
186.865	92
187.085	69
187.305	84
187.525	79
187.745	68
187.965	103
188.185	90
188.406	82
188.626	81
188.846	73
189.066	80
189.286	85
189.506	78
189.726	69
189.946	75
190.166	78
190.386	72
190.607	74
190.827	82
191.047	73
191.267	86
191.487	88
191.707	78
191.927	82
192.147	75
192.367	84
192.587	79
192.808	90
193.028	82
193.248	76
193.468	86
193.688	75
193.908	83
194.128	81
194.348	68
194.568	79
194.789	70
195.009	82
195.229	77
195.449	53
195.669	66
195.889	82
196.109	71
196.329	75
196.549	69
196.769	76
196.989	67
197.21	67
197.43	69
197.65	69
197.87	59
198.09	59
198.31	63
198.53	69
198.75	74
198.97	61
199.19	75
199.411	67
199.631	47
199.851	73
200.071	60
200.291	54
200.511	71
200.731	73
200.951	73
201.171	71
201.391	58
201.612	49
201.832	48
202.052	69
202.272	51
202.492	67
202.712	76
202.932	74
203.152	58
203.372	62
203.593	60
203.813	65
204.033	76
204.253	56
204.473	70
204.693	55
204.913	65
205.133	80
205.353	86
205.573	73
205.793	68
206.014	75
206.234	76
206.454	70
206.674	78
206.894	63
207.114	72
207.334	65
207.554	69
207.774	71
207.994	57
208.215	67
208.435	65
208.655	56
208.875	67
209.095	58
209.315	60
209.535	63
209.755	60
209.975	68
210.195	57
210.416	81
210.636	62
210.856	59
211.076	62
211.296	64
211.516	68
211.736	62
211.956	57
212.176	52
212.397	53
212.617	67
212.837	50
213.057	78
213.277	50
213.497	65
213.717	53
213.937	71
214.157	56
214.377	51
214.598	55
214.818	55
215.038	51
215.258	70
215.478	47
215.698	52
215.918	58
216.138	46
216.358	52
216.578	55
216.798	68
217.019	50
217.239	48
217.459	53
217.679	59
217.899	65
218.119	58
218.339	59
218.559	50
218.779	73
218.999	59
219.22	52
219.44	50
219.66	56
219.88	49
220.1	73
220.32	63
220.54	56
220.76	62
220.98	59
221.2	45
221.421	56
221.641	46
221.861	57
222.081	68
222.301	48
222.521	61
222.741	43
222.961	53
223.181	51
223.402	46
223.622	48
223.842	74
224.062	53
224.282	53
224.502	48
224.722	42
224.942	61
225.162	49
225.382	48
225.602	54
225.823	47
226.043	54
226.263	72
226.483	59
226.703	54
226.923	46
227.143	57
227.363	41
227.583	53
227.803	48
228.024	57
228.244	58
228.464	48
228.684	43
228.904	61
229.124	47
229.344	47
229.564	56
229.784	59
230.004	52
230.225	62
230.445	49
230.665	42
230.885	56
231.105	37
231.325	52
231.545	45
231.765	44
231.985	53
232.206	48
232.426	70
232.646	59
232.866	58
233.086	61
233.306	48
233.526	49
233.746	49
233.966	50
234.186	62
234.406	53
234.627	53
234.847	53
235.067	65
235.287	43
235.507	45
235.727	47
235.947	57
236.167	54
236.387	38
236.607	56
236.828	43
237.048	41
237.268	56
237.488	58
237.708	40
237.928	49
238.148	50
238.368	47
238.588	55
238.808	50
239.029	49
239.249	59
239.469	50
239.689	37
239.909	53
240.129	51
240.349	49
240.569	44
240.789	51
241.01	65
241.23	56
241.45	77
241.67	140
241.89	286
242.11	526
242.33	818
242.55	1075
242.77	1024
242.99	777
243.211	417
243.431	233
243.651	104
243.871	68
244.091	61
244.311	47
244.531	54
244.751	55
244.971	49
245.191	34
245.411	42
245.632	52
245.852	50
246.072	52
246.292	46
246.512	47
246.732	51
246.952	34
247.172	36
247.392	41
247.612	41
247.833	42
248.053	61
248.273	37
248.493	49
248.713	49
248.933	39
249.153	42
249.373	48
249.593	58
249.813	49
250.034	59
250.254	40
250.474	48
250.694	53
250.914	45
251.134	48
251.354	43
251.574	49
251.794	25
252.015	46
252.235	40
252.455	34
252.675	47
252.895	29
253.115	45
253.335	37
253.555	47
253.775	41
253.995	43
254.215	37
254.436	45
254.656	50
254.876	43
255.096	43
255.316	61
255.536	31
255.756	50
255.976	46
256.196	44
256.416	40
256.637	48
256.857	43
257.077	39
257.297	48
257.517	48
257.737	30
257.957	44
258.177	45
258.397	38
258.618	45
258.838	32
259.058	51
259.278	51
259.498	34
259.718	43
259.938	44
260.158	36
260.378	38
260.598	38
260.818	37
261.039	43
261.259	24
261.479	40
261.699	32
261.919	38
262.139	41
262.359	51
262.579	40
262.799	45
263.019	40
263.24	36
263.46	37
263.68	28
263.9	46
264.12	36
264.34	48
264.56	44
264.78	31
265	38
265.221	36
265.441	39
265.661	26
265.881	46
266.101	43
266.321	37
266.541	47
266.761	36
266.981	56
267.201	36
267.421	46
267.642	32
267.862	34
268.082	31
268.302	35
268.522	34
268.742	43
268.962	43
269.182	55
269.402	37
269.623	50
269.843	42
270.063	37
270.283	32
270.503	43
270.723	48
270.943	23
271.163	37
271.383	39
271.603	31
271.823	40
272.044	38
272.264	28
272.484	41
272.704	45
272.924	31
273.144	53
273.364	59
273.584	36
273.804	34
274.024	43
274.245	25
274.465	44
274.685	44
274.905	40
275.125	32
275.345	41
275.565	34
275.785	36
276.005	37
276.226	35
276.446	39
276.666	33
276.886	45
277.106	39
277.326	45
277.546	36
277.766	31
277.986	41
278.206	46
278.426	34
278.647	35
278.867	38
279.087	37
279.307	29
279.527	37
279.747	38
279.967	42
280.187	29
280.407	29
280.628	39
280.848	30
281.068	32
281.288	31
281.508	39
281.728	35
281.948	51
282.168	46
282.388	55
282.608	50
282.828	51
283.049	51
283.269	44
283.489	45
283.709	32
283.929	19
284.149	38
284.369	37
284.589	43
284.809	37
285.029	36
285.25	37
285.47	43
285.69	36
285.91	45
286.13	33
286.35	54
286.57	26
286.79	41
287.01	38
287.231	40
287.451	35
287.671	46
287.891	43
288.111	37
288.331	33
288.551	42
288.771	47
288.991	28
289.211	37
289.431	41
289.652	26
289.872	35
290.092	27
290.312	33
290.532	40
290.752	44
290.972	40
291.192	27
291.412	27
291.632	35
291.853	28
292.073	44
292.293	32
292.513	25
292.733	30
292.953	36
293.173	31
293.393	39
293.613	52
293.834	59
294.054	72
294.274	75
294.494	62
294.714	44
294.934	47
295.154	40
295.374	25
295.594	23
295.814	34
296.034	23
296.255	26
296.475	33
296.695	30
296.915	32
297.135	28
297.355	26
297.575	31
297.795	26
298.015	42
298.236	37
298.456	30
298.676	34
298.896	24
299.116	24
299.336	21
299.556	32
299.776	38
299.996	28
300.216	25
300.436	27
300.657	33
300.877	36
301.097	38
301.317	16
301.537	30
301.757	33
301.977	27
302.197	26
302.417	26
302.637	24
302.858	29
303.078	25
303.298	31
303.518	32
303.738	25
303.958	36
304.178	25
304.398	31
304.618	33
304.839	23
305.059	21
305.279	24
305.499	33
305.719	31
305.939	32
306.159	42
306.379	29
306.599	34
306.819	27
307.039	33
307.26	33
307.48	27
307.7	14
307.92	33
308.14	29
308.36	31
308.58	19
308.8	19
309.02	28
309.241	23
309.461	31
309.681	29
309.901	28
310.121	23
310.341	23
310.561	33
310.781	27
311.001	30
311.221	28
311.441	22
311.662	30
311.882	29
312.102	31
312.322	20
312.542	21
312.762	23
312.982	26
313.202	39
313.422	30
313.642	26
313.863	36
314.083	33
314.303	32
314.523	18
314.743	28
314.963	35
315.183	24
315.403	28
315.623	17
315.844	26
316.064	24
316.284	36
316.504	26
316.724	34
316.944	22
317.164	32
317.384	24
317.604	16
317.824	31
318.044	19
318.265	26
318.485	26
318.705	26
318.925	28
319.145	26
319.365	14
319.585	25
319.805	22
320.025	30
320.245	25
320.466	15
320.686	23
320.906	20
321.126	21
321.346	31
321.566	30
321.786	33
322.006	19
322.226	36
322.446	25
322.667	22
322.887	30
323.107	34
323.327	27
323.547	33
323.767	26
323.987	27
324.207	27
324.427	23
324.647	30
324.868	25
325.088	24
325.308	23
325.528	28
325.748	27
325.968	27
326.188	29
326.408	29
326.628	20
326.849	38
327.069	22
327.289	32
327.509	28
327.729	33
327.949	34
328.169	36
328.389	27
328.609	20
328.829	16
329.049	21
329.27	18
329.49	25
329.71	22
329.93	27
330.15	36
330.37	27
330.59	31
330.81	29
331.03	26
331.25	24
331.471	22
331.691	15
331.911	30
332.131	27
332.351	28
332.571	17
332.791	30
333.011	32
333.231	25
333.452	28
333.672	32
333.892	23
334.112	26
334.332	31
334.552	25
334.772	26
334.992	25
335.212	29
335.432	20
335.652	20
335.873	19
336.093	21
336.313	16
336.533	29
336.753	34
336.973	29
337.193	16
337.413	26
337.633	22
337.854	30
338.074	15
338.294	25
338.514	27
338.734	23
338.954	33
339.174	30
339.394	23
339.614	27
339.834	28
340.054	31
340.275	25
340.495	18
340.715	33
340.935	31
341.155	35
341.375	66
341.595	137
341.815	287
342.035	724
342.255	1256
342.476	1895
342.696	2406
342.916	2284
343.136	1715
343.356	1123
343.576	576
343.796	262
344.016	119
344.236	40
344.457	26
344.677	22
344.897	21
345.117	24
345.337	25
345.557	15
345.777	23
345.997	28
346.217	19
346.437	24
346.657	18
346.878	13
347.098	19
347.318	21
347.538	21
347.758	25
347.978	21
348.198	16
348.418	23
348.638	16
348.858	21
349.079	23
349.299	27
349.519	27
349.739	24
349.959	22
350.179	25
350.399	19
350.619	23
350.839	28
351.059	18
351.28	15
351.5	10
351.72	19
351.94	26
352.16	20
352.38	17
352.6	18
352.82	24
353.04	18
353.26	21
353.481	30
353.701	25
353.921	20
354.141	23
354.361	11
354.581	18
354.801	18
355.021	20
355.241	15
355.462	17
355.682	22
355.902	17
356.122	12
356.342	21
356.562	26
356.782	18
357.002	19
357.222	21
357.442	20
357.662	17
357.883	24
358.103	16
358.323	18
358.543	23
358.763	24
358.983	24
359.203	23
359.423	20
359.643	22
359.863	23
360.084	14
360.304	19
360.524	18
360.744	19
360.964	21
361.184	18
361.404	19
361.624	11
361.844	21
362.065	19
362.285	14
362.505	19
362.725	33
362.945	21
363.165	21
363.385	27
363.605	22
363.825	28
364.045	18
364.265	18
364.486	26
364.706	34
364.926	32
365.146	35
365.366	47
365.586	46
365.806	60
366.026	67
366.246	90
366.467	74
366.687	84
366.907	54
367.127	40
367.347	30
367.567	33
367.787	27
368.007	15
368.227	19
368.447	20
368.667	20
368.888	23
369.108	19
369.328	22
369.548	18
369.768	21
369.988	23
370.208	22
370.428	25
370.648	22
370.868	27
371.089	12
371.309	14
371.529	18
371.749	26
371.969	23
372.189	18
372.409	28
372.629	24
372.849	14
373.07	24
373.29	16
373.51	25
373.73	13
373.95	14
374.17	22
374.39	20
374.61	25
374.83	15
375.05	21
375.27	21
375.491	19
375.711	15
375.931	19
376.151	15
376.371	16
376.591	19
376.811	28
377.031	19
377.251	16
377.471	18
377.692	27
377.912	22
378.132	12
378.352	15
378.572	17
378.792	23
379.012	15
379.232	13
379.452	28
379.672	22
379.893	19
380.113	23
380.333	20
380.553	32
380.773	14
380.993	19
381.213	12
381.433	29
381.653	12
381.873	22
382.094	23
382.314	22
382.534	17
382.754	17
382.974	20
383.194	22
383.414	25
383.634	18
383.854	21
384.075	26
384.295	20
384.515	24
384.735	22
384.955	18
385.175	18
385.395	21
385.615	23
385.835	19
386.055	27
386.275	20
386.496	28
386.716	21
386.936	18
387.156	21
387.376	17
387.596	16
387.816	8
388.036	21
388.256	16
388.476	20
388.697	15
388.917	25
389.137	22
389.357	16
389.577	23
389.797	14
390.017	16
390.237	21
390.457	26
390.678	18
390.898	15
391.118	15
391.338	22
391.558	17
391.778	19
391.998	16
392.218	18
392.438	19
392.658	19
392.878	17
393.099	10
393.319	14
393.539	12
393.759	24
393.979	26
394.199	17
394.419	23
394.639	18
394.859	17
395.08	12
395.3	19
395.52	14
395.74	14
395.96	30
396.18	20
396.4	25
396.62	18
396.84	13
397.06	18
397.28	11
397.501	22
397.721	13
397.941	16
398.161	27
398.381	16
398.601	18
398.821	20
399.041	13
399.261	12
399.481	18
399.702	11
399.922	21
400.142	22
400.362	22
400.582	15
400.802	23
401.022	20
401.242	15
401.462	11
401.683	9
401.903	8
402.123	17
402.343	13
402.563	29
402.783	19
403.003	20
403.223	17
403.443	11
403.663	12
403.883	23
404.104	18
404.324	13
404.544	12
404.764	21
404.984	22
405.204	17
405.424	13
405.644	19
405.864	20
406.084	16
406.305	21
406.525	22
406.745	15
406.965	21
407.185	14
407.405	17
407.625	21
407.845	18
408.065	10
408.285	13
408.506	21
408.726	26
408.946	28
409.166	51
409.386	77
409.606	129
409.826	144
410.046	168
410.266	128
410.486	91
410.707	54
410.927	37
411.147	23
411.367	15
411.587	13
411.807	16
412.027	22
412.247	14
412.467	14
412.688	19
412.908	21
413.128	15
413.348	22
413.568	11
413.788	14
414.008	23
414.228	18
414.448	23
414.668	21
414.888	23
415.109	20
415.329	19
415.549	22
415.769	12
415.989	20
416.209	21
416.429	23
416.649	20
416.869	8
417.089	16
417.31	24
417.53	16
417.75	15
417.97	20
418.19	22
418.41	17
418.63	22
418.85	14
419.07	15
419.291	16
419.511	23
419.731	19
419.951	13
420.171	20
420.391	10
420.611	10
420.831	18
421.051	16
421.271	20
421.491	21
421.712	12
421.932	20
422.152	16
422.372	20
422.592	26
422.812	13
423.032	22
423.252	8
423.472	15
423.693	21
423.913	15
424.133	18
424.353	14
424.573	16
424.793	13
425.013	12
425.233	17
425.453	27
425.673	18
425.893	26
426.114	10
426.334	23
426.554	17
426.774	19
426.994	18
427.214	17
427.434	22
427.654	14
427.874	16
428.094	14
428.315	21
428.535	13
428.755	17
428.975	18
429.195	13
429.415	18
429.635	16
429.855	15
430.075	7
430.296	16
430.516	16
430.736	10
430.956	17
431.176	15
431.396	20
431.616	13
431.836	22
432.056	18
432.276	18
432.496	18
432.717	20
432.937	21
433.157	17
433.377	14
433.597	13
433.817	13
434.037	17
434.257	18
434.477	15
434.697	18
434.918	23
435.138	15
435.358	10
435.578	16
435.798	18
436.018	17
436.238	18
436.458	24
436.678	14
436.898	20
437.119	15
437.339	22
437.559	6
437.779	19
437.999	14
438.219	22
438.439	14
438.659	9
438.879	21
439.099	16
439.32	10
439.54	16
439.76	22
439.98	16
440.2	12
440.42	16
440.64	16
440.86	15
441.08	18
441.301	13
441.521	16
441.741	25
441.961	38
442.181	60
442.401	98
442.621	155
442.841	196
443.061	182
443.281	168
443.501	118
443.722	74
443.942	38
444.162	32
444.382	24
444.602	20
444.822	16
445.042	18
445.262	17
445.482	19
445.702	17
445.923	7
446.143	21
446.363	18
446.583	16
446.803	14
447.023	17
447.243	14
447.463	15
447.683	14
447.904	21
448.124	14
448.344	20
448.564	10
448.784	15
449.004	23
449.224	13
449.444	10
449.664	14
449.884	17
450.104	14
450.325	10
450.545	13
450.765	14
450.985	10
451.205	19
451.425	9
451.645	14
451.865	13
452.085	14
452.305	24
452.526	13
452.746	7
452.966	12
453.186	14
453.406	15
453.626	28
453.846	12
454.066	16
454.286	12
454.506	17
454.727	11
454.947	14
455.167	14
455.387	14
455.607	22
455.827	8
456.047	16
456.267	22
456.487	10
456.707	16
456.928	24
457.148	14
457.368	10
457.588	14
457.808	14
458.028	17
458.248	18
458.468	15
458.688	21
458.909	16
459.129	11
459.349	19
459.569	9
459.789	15
460.009	18
460.229	9
460.449	16
460.669	25
460.889	21
461.109	13
461.33	22
461.55	25
461.77	15
461.99	20
462.21	12
462.43	18
462.65	15
462.87	17
463.09	14
463.31	15
463.531	18
463.751	14
463.971	11
464.191	15
464.411	18
464.631	15
464.851	23
465.071	17
465.291	13
465.511	21
465.732	16
465.952	13
466.172	9
466.392	11
466.612	22
466.832	19
467.052	14
467.272	19
467.492	10
467.712	17
467.933	15
468.153	14
468.373	15
468.593	20
468.813	17
469.033	11
469.253	13
469.473	21
469.693	16
469.914	14
470.134	9
470.354	10
470.574	14
470.794	11
471.014	22
471.234	16
471.454	18
471.674	13
471.894	14
472.114	20
472.335	16
472.555	12
472.775	15
472.995	11
473.215	26
473.435	16
473.655	17
473.875	17
474.095	13
474.315	19
474.536	16
474.756	17
474.976	5
475.196	22
475.416	21
475.636	21
475.856	12
476.076	12
476.296	13
476.516	20
476.737	17
476.957	16
477.177	13
477.397	28
477.617	15
477.837	21
478.057	19
478.277	14
478.497	17
478.717	16
478.938	18
479.158	17
479.378	23
479.598	20
479.818	18
480.038	21
480.258	13
480.478	15
480.698	17
480.918	24
481.139	20
481.359	14
481.579	17
481.799	17
482.019	19
482.239	11
482.459	17
482.679	14
482.899	17
483.119	24
483.34	13
483.56	23
483.78	13
484	16
484.22	11
484.44	16
484.66	16
484.88	18
485.1	15
485.32	23
485.541	19
485.761	9
485.981	9
486.201	18
486.421	18
486.641	17
486.861	25
487.081	19
487.301	21
487.522	31
487.742	45
487.962	38
488.182	35
488.402	31
488.622	21
488.842	19
489.062	20
489.282	30
489.502	12
489.722	17
489.943	16
490.163	16
490.383	17
490.603	6
490.823	13
491.043	19
491.263	10
491.483	13
491.703	18
491.923	14
492.144	13
492.364	16
492.584	14
492.804	9
493.024	18
493.244	16
493.464	13
493.684	16
493.904	16
494.124	20
494.345	22
494.565	14
494.785	16
495.005	17
495.225	17
495.445	25
495.665	16
495.885	10
496.105	15
496.325	18
496.546	22
496.766	12
496.986	15
497.206	11
497.426	16
497.646	17
497.866	16
498.086	16
498.306	14
498.527	15
498.747	13
498.967	12
499.187	16
499.407	19
499.627	12
499.847	15
500.067	12
500.287	16
500.507	23
500.727	15
500.948	14
501.168	17
501.388	19
501.608	17
501.828	23
502.048	14
502.268	13
502.488	16
502.708	21
502.928	16
503.149	20
503.369	22
503.589	18
503.809	20
504.029	18
504.249	11
504.469	13
504.689	20
504.909	16
505.129	16
505.35	10
505.57	14
505.79	13
506.01	9
506.23	15
506.45	17
506.67	15
506.89	14
507.11	16
507.33	19
507.551	11
507.771	16
507.991	13
508.211	15
508.431	21
508.651	17
508.871	11
509.091	13
509.311	11
509.531	14
509.752	21
509.972	22
510.192	12
510.412	10
510.632	14
510.852	19
511.072	23
511.292	16
511.512	23
511.732	17
511.953	24
512.173	19
512.393	19
512.613	16
512.833	12
513.053	17
513.273	17
513.493	12
513.713	15
513.933	14
514.154	13
514.374	15
514.594	20
514.814	13
515.034	22
515.254	14
515.474	20
515.694	13
515.914	15
516.135	12
516.355	6
516.575	21
516.795	17
517.015	19
517.235	23
517.455	25
517.675	16
517.895	15
518.115	17
518.336	12
518.556	14
518.776	17
518.996	15
519.216	19
519.436	20
519.656	12
519.876	26
520.096	27
520.316	12
520.536	15
520.757	14
520.977	16
521.197	15
521.417	14
521.637	10
521.857	15
522.077	16
522.297	16
522.517	19
522.737	18
522.958	13
523.178	14
523.398	19
523.618	16
523.838	13
524.058	15
524.278	20
524.498	24
524.718	18
524.938	16
525.159	13
525.379	16
525.599	15
525.819	16
526.039	17
526.259	14
526.479	14
526.699	15
526.919	12
527.14	15
527.36	19
527.58	16
527.8	14
528.02	17
528.24	14
528.46	19
528.68	14
528.9	23
529.12	17
529.341	15
529.561	17
529.781	19
530.001	16
530.221	14
530.441	18
530.661	19
530.881	14
531.101	16
531.321	15
531.541	17
531.762	21
531.982	13
532.202	14
532.422	22
532.642	23
532.862	20
533.082	23
533.302	15
533.522	27
533.742	18
533.963	22
534.183	20
534.403	17
534.623	18
534.843	15
535.063	14
535.283	17
535.503	22
535.723	14
535.943	17
536.164	16
536.384	12
536.604	15
536.824	17
537.044	22
537.264	6
537.484	23
537.704	17
537.924	19
538.144	12
538.365	10
538.585	14
538.805	11
539.025	15
539.245	11
539.465	18
539.685	13
539.905	12
540.125	15
540.346	17
540.566	20
540.786	22
541.006	11
541.226	17
541.446	20
541.666	21
541.886	15
542.106	17
542.326	20
542.546	22
542.767	15
542.987	14
543.207	9
543.427	25
543.647	18
543.867	17
544.087	13
544.307	11
544.527	22
544.747	9
544.968	17
545.188	12
545.408	16
545.628	22
545.848	18
546.068	18
546.288	18
546.508	17
546.728	16
546.948	15
547.169	20
547.389	12
547.609	16
547.829	17
548.049	20
548.269	17
548.489	17
548.709	13
548.929	17
549.149	13
549.37	19
549.59	17
549.81	13
550.03	20
550.25	17
550.47	17
550.69	13
550.91	20
551.13	17
551.351	13
551.571	24
551.791	20
552.011	20
552.231	14
552.451	16
552.671	19
552.891	21
553.111	17
553.331	19
553.551	16
553.772	12
553.992	20
554.212	20
554.432	20
554.652	18
554.872	13
555.092	21
555.312	15
555.532	22
555.752	20
555.973	22
556.193	18
556.413	16
556.633	19
556.853	23
557.073	24
557.293	15
557.513	18
557.733	16
557.953	16
558.174	12
558.394	27
558.614	18
558.834	25
559.054	16
559.274	23
559.494	17
559.714	11
559.934	18
560.154	24
560.375	17
560.595	15
560.815	21
561.035	20
561.255	20
561.475	24
561.695	15
561.915	27
562.135	8
562.356	23
562.576	25
562.796	16
563.016	28
563.236	43
563.456	31
563.676	40
563.896	37
564.116	30
564.336	30
564.557	14
564.777	28
564.997	18
565.217	24
565.437	23
565.657	27
565.877	22
566.097	14
566.317	24
566.537	23
566.757	19
566.978	18
567.198	16
567.418	14
567.638	15
567.858	21
568.078	10
568.298	11
568.518	17
568.738	17
568.958	25
569.179	8
569.399	23
569.619	17
569.839	21
570.059	12
570.279	15
570.499	10
570.719	16
570.939	20
571.159	17
571.38	19
571.6	18
571.82	18
572.04	22
572.26	21
572.48	22
572.7	17
572.92	17
573.14	15
573.361	18
573.581	20
573.801	18
574.021	15
574.241	17
574.461	21
574.681	12
574.901	23
575.121	14
575.341	15
575.562	25
575.782	19
576.002	18
576.222	18
576.442	18
576.662	14
576.882	15
577.102	19
577.322	13
577.542	24
577.762	11
577.983	13
578.203	17
578.423	15
578.643	32
578.863	5
579.083	19
579.303	20
579.523	22
579.743	7
579.963	11
580.184	15
580.404	16
580.624	14
580.844	22
581.064	19
581.284	20
581.504	18
581.724	15
581.944	16
582.164	15
582.385	18
582.605	14
582.825	13
583.045	16
583.265	19
583.485	15
583.705	19
583.925	19
584.145	16
584.366	14
584.586	23
584.806	21
585.026	20
585.246	30
585.466	21
585.686	33
585.906	42
586.126	27
586.346	39
586.567	35
586.787	18
587.007	20
587.227	20
587.447	16
587.667	14
587.887	16
588.107	22
588.327	19
588.547	17
588.767	11
588.988	16
589.208	21
589.428	17
589.648	19
589.868	12
590.088	8
590.308	18
590.528	12
590.748	17
590.968	16
591.189	17
591.409	15
591.629	13
591.849	8
592.069	12
592.289	19
592.509	18
592.729	8
592.949	16
593.169	18
593.39	17
593.61	14
593.83	15
594.05	15
594.27	16
594.49	18
594.71	12
594.93	20
595.15	11
595.37	7
595.591	12
595.811	11
596.031	14
596.251	16
596.471	14
596.691	11
596.911	14
597.131	17
597.351	14
597.572	9
597.792	17
598.012	11
598.232	11
598.452	20
598.672	20
598.892	19
599.112	14
599.332	10
599.552	8
599.772	12
599.993	20
600.213	26
600.433	10
600.653	17
600.873	14
601.093	20
601.313	9
601.533	13
601.753	14
601.973	9
602.194	19
602.414	13
602.634	12
602.854	13
603.074	18
603.294	22
603.514	14
603.734	10
603.954	15
604.174	13
604.395	20
604.615	23
604.835	12
605.055	18
605.275	12
605.495	15
605.715	13
605.935	11
606.155	16
606.375	18
606.596	19
606.816	20
607.036	18
607.256	11
607.476	17
607.696	10
607.916	17
608.136	11
608.356	18
608.577	14
608.797	11
609.017	19
609.237	20
609.457	19
609.677	15
609.897	13
610.117	15
610.337	12
610.557	20
610.777	11
610.998	17
611.218	12
611.438	13
611.658	18
611.878	17
612.098	13
612.318	12
612.538	19
612.758	13
612.978	14
613.199	16
613.419	14
613.639	21
613.859	16
614.079	14
614.299	16
614.519	19
614.739	9
614.959	12
615.179	9
615.4	22
615.62	15
615.84	15
616.06	20
616.28	16
616.5	15
616.72	13
616.94	13
617.16	13
617.38	9
617.601	14
617.821	22
618.041	12
618.261	8
618.481	13
618.701	16
618.921	7
619.141	22
619.361	15
619.582	16
619.802	9
620.022	12
620.242	13
620.462	16
620.682	12
620.902	15
621.122	12
621.342	16
621.562	18
621.783	8
622.003	16
622.223	18
622.443	12
622.663	15
622.883	11
623.103	19
623.323	9
623.543	21
623.763	15
623.983	11
624.204	18
624.424	17
624.644	16
624.864	20
625.084	13
625.304	15
625.524	14
625.744	21
625.964	16
626.184	10
626.405	11
626.625	14
626.845	19
627.065	14
627.285	9
627.505	14
627.725	22
627.945	23
628.165	14
628.385	13
628.606	16
628.826	16
629.046	15
629.266	11
629.486	16
629.706	13
629.926	14
630.146	17
630.366	25
630.587	13
630.807	8
631.027	17
631.247	13
631.467	14
631.687	13
631.907	14
632.127	19
632.347	17
632.567	14
632.788	12
633.008	15
633.228	13
633.448	14
633.668	15
633.888	17
634.108	13
634.328	5
634.548	10
634.768	6
634.988	22
635.209	12
635.429	10
635.649	16
635.869	14
636.089	6
636.309	20
636.529	14
636.749	16
636.969	9
637.189	17
637.41	16
637.63	12
637.85	12
638.07	7
638.29	11
638.51	16
638.73	12
638.95	14
639.17	17
639.39	20
639.611	9
639.831	10
640.051	17
640.271	14
640.491	16
640.711	20
640.931	12
641.151	12
641.371	14
641.592	13
641.812	7
642.032	19
642.252	9
642.472	14
642.692	13
642.912	16
643.132	13
643.352	16
643.572	13
643.793	14
644.013	16
644.233	14
644.453	15
644.673	17
644.893	16
645.113	9
645.333	11
645.553	22
645.773	10
645.993	17
646.214	13
646.434	14
646.654	14
646.874	17
647.094	14
647.314	16
647.534	14
647.754	15
647.974	13
648.194	16
648.415	10
648.635	24
648.855	20
649.075	19
649.295	17
649.515	13
649.735	12
649.955	16
650.175	18
650.395	10
650.616	15
650.836	17
651.056	14
651.276	12
651.496	11
651.716	13
651.936	11
652.156	23
652.376	12
652.596	13
652.817	18
653.037	10
653.257	11
653.477	15
653.697	18
653.917	19
654.137	13
654.357	18
654.577	20
654.798	14
655.018	23
655.238	10
655.458	15
655.678	20
655.898	11
656.118	15
656.338	18
656.558	15
656.778	20
656.998	27
657.219	25
657.439	18
657.659	17
657.879	16
658.099	4
658.319	14
658.539	11
658.759	9
658.979	10
659.199	12
659.42	17
659.64	17
659.86	16
660.08	18
660.3	13
660.52	13
660.74	13
660.96	16
661.18	15
661.4	13
661.621	7
661.841	12
662.061	18
662.281	18
662.501	12
662.721	20
662.941	15
663.161	8
663.381	12
663.601	12
663.822	10
664.042	16
664.262	16
664.482	10
664.702	15
664.922	7
665.142	13
665.362	11
665.582	11
665.803	13
666.023	14
666.243	11
666.463	9
666.683	16
666.903	12
667.123	12
667.343	19
667.563	10
667.783	15
668.003	14
668.224	15
668.444	7
668.664	17
668.884	12
669.104	19
669.324	17
669.544	8
669.764	16
669.984	6
670.204	13
670.425	16
670.645	14
670.865	11
671.085	11
671.305	12
671.525	11
671.745	15
671.965	14
672.185	10
672.405	9
672.626	11
672.846	20
673.066	16
673.286	17
673.506	13
673.726	12
673.946	15
674.166	13
674.386	14
674.606	11
674.827	11
675.047	12
675.267	19
675.487	19
675.707	22
675.927	12
676.147	13
676.367	13
676.587	17
676.808	14
677.028	14
677.248	13
677.468	15
677.688	19
677.908	18
678.128	22
678.348	29
678.568	35
678.788	26
679.008	30
679.229	29
679.449	27
679.669	24
679.889	13
680.109	13
680.329	25
680.549	10
680.769	14
680.989	10
681.209	11
681.43	8
681.65	8
681.87	8
682.09	18
682.31	13
682.53	16
682.75	9
682.97	13
683.19	14
683.41	10
683.631	14
683.851	11
684.071	16
684.291	18
684.511	15
684.731	10
684.951	11
685.171	16
685.391	21
685.611	11
685.832	11
686.052	9
686.272	11
686.492	9
686.712	17
686.932	14
687.152	17
687.372	10
687.592	15
687.813	15
688.033	14
688.253	35
688.473	29
688.693	47
688.913	40
689.133	43
689.353	28
689.573	33
689.793	24
690.014	16
690.234	24
690.454	15
690.674	13
690.894	22
691.114	6
691.334	7
691.554	14
691.774	9
691.994	16
692.214	10
692.435	10
692.655	18
692.875	18
693.095	17
693.315	12
693.535	9
693.755	16
693.975	12
694.195	16
694.415	14
694.636	16
694.856	9
695.076	12
695.296	20
695.516	8
695.736	12
695.956	14
696.176	14
696.396	13
696.616	13
696.837	16
697.057	7
697.277	9
697.497	7
697.717	20
697.937	24
698.157	16
698.377	9
698.597	10
698.818	11
699.038	7
699.258	12
699.478	10
699.698	13
699.918	10
700.138	14
700.358	11
700.578	13
700.798	8
701.019	15
701.239	19
701.459	16
701.679	7
701.899	12
702.119	9
702.339	15
702.559	7
702.779	13
702.999	14
703.219	17
703.44	12
703.66	7
703.88	20
704.1	11
704.32	13
704.54	14
704.76	8
704.98	7
705.2	16
705.42	13
705.641	14
705.861	6
706.081	16
706.301	13
706.521	10
706.741	13
706.961	10
707.181	8
707.401	10
707.621	10
707.842	13
708.062	12
708.282	17
708.502	15
708.722	10
708.942	16
709.162	16
709.382	11
709.602	12
709.822	7
710.043	19
710.263	13
710.483	14
710.703	13
710.923	12
711.143	11
711.363	14
711.583	9
711.803	18
712.024	10
712.244	18
712.464	19
712.684	16
712.904	20
713.124	15
713.344	13
713.564	17
713.784	17
714.004	14
714.224	17
714.445	14
714.665	8
714.885	15
715.105	22
715.325	17
715.545	13
715.765	16
715.985	13
716.205	14
716.425	12
716.646	15
716.866	18
717.086	16
717.306	11
717.526	12
717.746	11
717.966	12
718.186	6
718.406	20
718.626	16
718.847	21
719.067	17
719.287	28
719.507	22
719.727	29
719.947	24
720.167	25
720.387	19
720.607	14
720.827	18
721.048	19
721.268	16
721.488	10
721.708	20
721.928	17
722.148	18
722.368	15
722.588	10
722.808	13
723.029	15
723.249	20
723.469	18
723.689	10
723.909	11
724.129	15
724.349	14
724.569	13
724.789	11
725.009	18
725.229	10
725.45	12
725.67	14
725.89	10
726.11	9
726.33	11
726.55	12
726.77	19
726.99	12
727.21	11
727.43	14
727.651	17
727.871	12
728.091	18
728.311	13
728.531	17
728.751	10
728.971	17
729.191	18
729.411	13
729.631	20
729.852	8
730.072	11
730.292	8
730.512	10
730.732	14
730.952	15
731.172	13
731.392	17
731.612	9
731.832	13
732.053	12
732.273	21
732.493	19
732.713	13
732.933	12
733.153	14
733.373	14
733.593	15
733.813	8
734.034	12
734.254	12
734.474	21
734.694	15
734.914	13
735.134	12
735.354	12
735.574	13
735.794	14
736.014	10
736.234	12
736.455	22
736.675	11
736.895	17
737.115	16
737.335	15
737.555	8
737.775	22
737.995	13
738.215	19
738.435	13
738.656	14
738.876	22
739.096	12
739.316	9
739.536	12
739.756	12
739.976	15
740.196	9
740.416	10
740.636	10
740.857	12
741.077	23
741.297	12
741.517	15
741.737	13
741.957	12
742.177	17
742.397	15
742.617	16
742.837	15
743.058	6
743.278	14
743.498	6
743.718	16
743.938	13
744.158	14
744.378	20
744.598	11
744.818	8
745.039	11
745.259	17
745.479	11
745.699	14
745.919	12
746.139	10
746.359	11
746.579	13
746.799	11
747.019	16
747.24	10
747.46	12
747.68	15
747.9	10
748.12	15
748.34	16
748.56	12
748.78	18
749	12
749.22	6
749.44	11
749.661	13
749.881	17
750.101	8
750.321	14
750.541	15
750.761	15
750.981	14
751.201	24
751.421	17
751.641	14
751.862	17
752.082	13
752.302	10
752.522	14
752.742	14
752.962	17
753.182	16
753.402	18
753.622	16
753.842	12
754.063	20
754.283	9
754.503	12
754.723	15
754.943	14
755.163	9
755.383	13
755.603	9
755.823	21
756.043	16
756.264	17
756.484	22
756.704	10
756.924	16
757.144	15
757.364	9
757.584	16
757.804	12
758.024	16
758.245	9
758.465	15
758.685	9
758.905	15
759.125	20
759.345	9
759.565	14
759.785	17
760.005	11
760.225	15
760.445	17
760.666	7
760.886	9
761.106	14
761.326	19
761.546	16
761.766	6
761.986	8
762.206	21
762.426	16
762.646	12
762.867	17
763.087	12
763.307	15
763.527	20
763.747	14
763.967	7
764.187	10
764.407	7
764.627	17
764.847	13
765.068	15
765.288	9
765.508	13
765.728	16
765.948	11
766.168	16
766.388	14
766.608	19
766.828	10
767.048	11
767.269	8
767.489	13
767.709	13
767.929	11
768.149	7
768.369	18
768.589	10
768.809	15
769.029	20
769.25	12
769.47	15
769.69	14
769.91	15
770.13	17
770.35	9
770.57	24
770.79	8
771.01	12
771.23	13
771.45	20
771.671	15
771.891	13
772.111	10
772.331	14
772.551	11
772.771	19
772.991	10
773.211	9
773.431	8
773.651	6
773.872	17
774.092	4
774.312	10
774.532	18
774.752	9
774.972	8
775.192	19
775.412	19
775.632	14
775.852	15
776.073	16
776.293	9
776.513	17
776.733	8
776.953	9
777.173	11
777.393	11
777.613	18
777.833	22
778.053	23
778.274	33
778.494	51
778.714	64
778.934	142
779.154	187
779.374	261
779.594	316
779.814	344
780.034	360
780.255	235
780.475	219
780.695	154
780.915	100
781.135	54
781.355	23
781.575	23
781.795	13
782.015	6
782.235	11
782.455	12
782.676	11
782.896	10
783.116	11
783.336	13
783.556	8
783.776	12
783.996	12
784.216	11
784.436	10
784.656	14
784.877	11
785.097	8
785.317	11
785.537	7
785.757	13
785.977	14
786.197	15
786.417	14
786.637	10
786.857	12
787.078	8
787.298	10
787.518	15
787.738	16
787.958	7
788.178	8
788.398	9
788.618	8
788.838	14
789.058	12
789.279	16
789.499	9
789.719	9
789.939	21
790.159	11
790.379	12
790.599	10
790.819	15
791.039	13
791.26	11
791.48	9
791.7	8
791.92	15
792.14	8
792.36	10
792.58	6
792.8	5
793.02	15
793.24	10
793.46	11
793.681	8
793.901	17
794.121	12
794.341	11
794.561	17
794.781	11
795.001	14
795.221	9
795.441	11
795.661	14
795.882	11
796.102	10
796.322	15
796.542	8
796.762	9
796.982	11
797.202	11
797.422	8
797.642	13
797.862	14
798.083	18
798.303	8
798.523	12
798.743	17
798.963	19
799.183	13
799.403	17
799.623	7
799.843	11
800.063	14
800.284	5
800.504	14
800.724	7
800.944	4
801.164	14
801.384	8
801.604	9
801.824	9
802.044	11
802.265	9
802.485	7
802.705	15
802.925	15
803.145	13
803.365	11
803.585	8
803.805	6
804.025	14
804.245	6
804.466	13
804.686	15
804.906	9
805.126	2
805.346	13
805.566	15
805.786	13
806.006	5
806.226	12
806.446	7
806.666	10
806.887	8
807.107	14
807.327	15
807.547	7
807.767	17
807.987	10
808.207	14
808.427	12
808.647	12
808.867	12
809.088	12
809.308	10
809.528	8
809.748	18
809.968	7
810.188	14
810.408	12
810.628	12
810.848	19
811.068	19
811.289	15
811.509	12
811.729	25
811.949	16
812.169	18
812.389	11
812.609	11
812.829	10
813.049	8
813.269	13
813.49	10
813.71	11
813.93	10
814.15	15
814.37	5
814.59	13
814.81	12
815.03	7
815.25	13
815.471	7
815.691	10
815.911	12
816.131	10
816.351	11
816.571	3
816.791	13
817.011	17
817.231	10
817.451	8
817.671	10
817.892	10
818.112	7
818.332	14
818.552	11
818.772	13
818.992	12
819.212	9
819.432	13
819.652	14
819.872	10
820.093	10
820.313	10
820.533	7
820.753	4
820.973	15
821.193	7
821.413	10
821.633	14
821.853	15
822.073	10
822.294	13
822.514	11
822.734	13
822.954	18
823.174	5
823.394	16
823.614	9
823.834	16
824.054	13
824.274	14
824.495	9
824.715	9
824.935	13
825.155	9
825.375	9
825.595	12
825.815	11
826.035	12
826.255	9
826.476	9
826.696	15
826.916	16
827.136	8
827.356	7
827.576	13
827.796	9
828.016	7
828.236	15
828.456	16
828.676	20
828.897	16
829.117	7
829.337	14
829.557	11
829.777	12
829.997	12
830.217	13
830.437	10
830.657	15
830.877	14
831.098	8
831.318	11
831.538	13
831.758	11
831.978	13
832.198	12
832.418	14
832.638	8
832.858	8
833.078	9
833.299	6
833.519	18
833.739	17
833.959	7
834.179	15
834.399	14
834.619	11
834.839	8
835.059	8
835.279	15
835.5	12
835.72	13
835.94	7
836.16	5
836.38	14
836.6	11
836.82	10
837.04	14
837.26	8
837.481	5
837.701	11
837.921	14
838.141	16
838.361	19
838.581	11
838.801	13
839.021	13
839.241	14
839.461	15
839.681	15
839.902	20
840.122	9
840.342	11
840.562	15
840.782	16
841.002	10
841.222	11
841.442	20
841.662	11
841.882	16
842.103	8
842.323	15
842.543	22
842.763	12
842.983	16
843.203	17
843.423	17
843.643	16
843.863	9
844.083	15
844.304	14
844.524	12
844.744	12
844.964	18
845.184	10
845.404	13
845.624	7
845.844	13
846.064	13
846.284	8
846.505	6
846.725	12
846.945	9
847.165	15
847.385	15
847.605	10
847.825	12
848.045	14
848.265	14
848.486	7
848.706	13
848.926	13
849.146	9
849.366	9
849.586	12
849.806	11
850.026	14
850.246	12
850.466	18
850.686	9
850.907	15
851.127	6
851.347	13
851.567	9
851.787	11
852.007	19
852.227	8
852.447	11
852.667	17
852.887	14
853.108	14
853.328	13
853.548	13
853.768	15
853.988	11
854.208	8
854.428	5
854.648	16
854.868	7
855.088	13
855.309	12
855.529	13
855.749	10
855.969	15
856.189	9
856.409	12
856.629	11
856.849	16
857.069	14
857.289	13
857.51	8
857.73	6
857.95	12
858.17	12
858.39	19
858.61	10
858.83	11
859.05	15
859.27	9
859.491	10
859.711	17
859.931	11
860.151	13
860.371	13
860.591	9
860.811	8
861.031	12
861.251	12
861.471	10
861.691	9
861.912	17
862.132	13
862.352	7
862.572	10
862.792	11
863.012	6
863.232	14
863.452	14
863.672	21
863.892	14
864.113	17
864.333	10
864.553	12
864.773	13
864.993	12
865.213	15
865.433	17
865.653	18
865.873	10
866.093	16
866.314	14
866.534	9
866.754	8
866.974	16
867.194	11
867.414	23
867.634	25
867.854	55
868.074	57
868.294	70
868.515	69
868.735	93
868.955	97
869.175	88
869.395	77
869.615	54
869.835	43
870.055	29
870.275	19
870.495	14
870.716	22
870.936	7
871.156	10
871.376	8
871.596	6
871.816	6
872.036	12
872.256	9
872.476	10
872.697	15
872.917	14
873.137	12
873.357	10
873.577	6
873.797	11
874.017	13
874.237	20
874.457	16
874.677	15
874.897	16
875.118	17
875.338	18
875.558	9
875.778	16
875.998	14
876.218	11
876.438	10
876.658	14
876.878	13
877.098	16
877.319	14
877.539	17
877.759	25
877.979	3
878.199	15
878.419	17
878.639	16
878.859	9
879.079	12
879.299	15
879.52	13
879.74	11
879.96	14
880.18	12
880.4	13
880.62	15
880.84	10
881.06	13
881.28	11
881.5	9
881.721	14
881.941	7
882.161	16
882.381	15
882.601	6
882.821	15
883.041	14
883.261	11
883.481	16
883.702	9
883.922	11
884.142	15
884.362	4
884.582	10
884.802	19
885.022	7
885.242	13
885.462	11
885.682	7
885.902	13
886.123	6
886.343	8
886.563	9
886.783	14
887.003	16
887.223	17
887.443	11
887.663	13
887.883	9
888.103	10
888.324	15
888.544	10
888.764	13
888.984	7
889.204	16
889.424	8
889.644	20
889.864	7
890.084	10
890.304	9
890.525	7
890.745	10
890.965	11
891.185	12
891.405	6
891.625	10
891.845	13
892.065	13
892.285	9
892.505	7
892.726	10
892.946	7
893.166	12
893.386	9
893.606	17
893.826	12
894.046	11
894.266	16
894.486	7
894.707	7
894.927	6
895.147	13
895.367	13
895.587	6
895.807	11
896.027	14
896.247	9
896.467	8
896.687	17
896.907	14
897.128	13
897.348	11
897.568	14
897.788	12
898.008	12
898.228	20
898.448	13
898.668	8
898.888	9
899.108	16
899.329	9
899.549	11
899.769	17
899.989	11
900.209	10
900.429	9
900.649	12
900.869	9
901.089	14
901.309	9
901.53	12
901.75	5
901.97	10
902.19	14
902.41	6
902.63	10
902.85	9
903.07	16
903.29	10
903.51	12
903.731	15
903.951	10
904.171	6
904.391	6
904.611	8
904.831	11
905.051	11
905.271	8
905.491	9
905.712	9
905.932	7
906.152	6
906.372	10
906.592	8
906.812	11
907.032	7
907.252	5
907.472	7
907.692	8
907.912	11
908.133	11
908.353	12
908.573	11
908.793	9
909.013	21
909.233	14
909.453	13
909.673	15
909.893	14
910.113	8
910.334	13
910.554	13
910.774	3
910.994	9
911.214	6
911.434	7
911.654	8
911.874	7
912.094	6
912.314	8
912.535	7
912.755	3
912.975	6
913.195	10
913.415	9
913.635	7
913.855	8
914.075	8
914.295	12
914.515	8
914.736	5
914.956	10
915.176	19
915.396	4
915.616	7
915.836	10
916.056	5
916.276	8
916.496	3
916.717	9
916.937	7
917.157	11
917.377	3
917.597	11
917.817	8
918.037	7
918.257	7
918.477	8
918.697	13
918.917	12
919.138	9
919.358	12
919.578	9
919.798	8
920.018	15
920.238	11
920.458	18
920.678	16
920.898	18
921.118	16
921.339	20
921.559	8
921.779	13
921.999	18
922.219	9
922.439	8
922.659	6
922.879	6
923.099	3
923.319	9
923.54	4
923.76	4
923.98	6
924.2	14
924.42	8
924.64	10
924.86	11
925.08	14
925.3	11
925.52	8
925.741	4
925.961	8
926.181	9
926.401	9
926.621	4
926.841	9
927.061	16
927.281	10
927.501	9
927.721	16
927.942	8
928.162	11
928.382	15
928.602	7
928.822	11
929.042	14
929.262	10
929.482	9
929.702	4
929.923	9
930.143	12
930.363	5
930.583	7
930.803	9
931.023	11
931.243	8
931.463	8
931.683	8
931.903	10
932.123	9
932.344	7
932.564	8
932.784	15
933.004	8
933.224	11
933.444	9
933.664	10
933.884	4
934.104	7
934.324	12
934.545	10
934.765	9
934.985	7
935.205	8
935.425	7
935.645	8
935.865	7
936.085	8
936.305	7
936.525	8
936.746	7
936.966	2
937.186	6
937.406	10
937.626	9
937.846	8
938.066	3
938.286	11
938.506	7
938.726	4
938.947	10
939.167	9
939.387	8
939.607	5
939.827	8
940.047	7
940.267	5
940.487	6
940.707	10
940.928	7
941.148	10
941.368	6
941.588	6
941.808	6
942.028	5
942.248	5
942.468	7
942.688	8
942.908	8
943.128	8
943.349	4
943.569	6
943.789	4
944.009	4
944.229	10
944.449	6
944.669	6
944.889	1
945.109	5
945.329	12
945.55	4
945.77	5
945.99	9
946.21	6
946.43	9
946.65	8
946.87	11
947.09	6
947.31	3
947.53	8
947.751	5
947.971	9
948.191	5
948.411	10
948.631	8
948.851	5
949.071	6
949.291	11
949.511	6
949.731	5
949.952	1
950.172	7
950.392	7
950.612	9
950.832	6
951.052	6
951.272	3
951.492	6
951.712	9
951.933	3
952.153	8
952.373	8
952.593	7
952.813	8
953.033	10
953.253	7
953.473	8
953.693	5
953.913	8
954.133	9
954.354	9
954.574	6
954.794	8
955.014	7
955.234	6
955.454	6
955.674	7
955.894	10
956.114	7
956.334	6
956.555	7
956.775	6
956.995	8
957.215	3
957.435	1
957.655	7
957.875	5
958.095	9
958.315	5
958.535	6
958.756	2
958.976	11
959.196	3
959.416	8
959.636	3
959.856	7
960.076	8
960.296	3
960.516	8
960.736	6
960.957	6
961.177	8
961.397	4
961.617	7
961.837	3
962.057	5
962.277	7
962.497	5
962.717	3
962.938	5
963.158	5
963.378	11
963.598	14
963.818	8
964.038	11
964.258	16
964.478	28
964.698	61
964.918	69
965.138	146
965.359	185
965.579	208
965.799	236
966.019	277
966.239	267
966.459	213
966.679	177
966.899	100
967.119	91
967.339	46
967.56	33
967.78	25
968	7
968.22	5
968.44	4
968.66	6
968.88	4
969.1	8
969.32	6
969.54	10
969.761	3
969.981	3
970.201	8
970.421	9
970.641	12
970.861	8
971.081	9
971.301	9
971.521	7
971.741	2
971.962	9
972.182	5
972.402	2
972.622	9
972.842	7
973.062	4
973.282	11
973.502	3
973.722	5
973.943	9
974.163	5
974.383	5
974.603	6
974.823	5
975.043	6
975.263	5
975.483	7
975.703	4
975.923	4
976.143	5
976.364	8
976.584	9
976.804	7
977.024	7
977.244	8
977.464	11
977.684	8
977.904	3
978.124	5
978.344	5
978.565	4
978.785	4
979.005	8
979.225	5
979.445	5
979.665	3
979.885	5
980.105	4
980.325	7
980.545	11
980.766	5
980.986	9
981.206	6
981.426	5
981.646	7
981.866	7
982.086	4
982.306	6
982.526	3
982.746	5
982.967	6
983.187	9
983.407	6
983.627	0
983.847	8
984.067	12
984.287	7
984.507	8
984.727	5
984.947	11
985.168	3
985.388	5
985.608	4
985.828	6
986.048	3
986.268	7
986.488	8
986.708	8
986.928	8
987.148	5
987.369	3
987.589	6
987.809	3
988.029	4
988.249	5
988.469	5
988.689	6
988.909	9
989.129	6
989.349	10
989.57	3
989.79	5
990.01	4
990.23	4
990.45	4
990.67	8
990.89	4
991.11	10
991.33	9
991.55	10
991.771	7
991.991	7
992.211	7
992.431	7
992.651	8
992.871	13
993.091	10
993.311	9
993.531	3
993.751	6
993.972	4
994.192	7
994.412	0
994.632	6
994.852	4
995.072	3
995.292	4
995.512	5
995.732	11
995.952	3
996.173	7
996.393	4
996.613	5
996.833	2
997.053	7
997.273	6
997.493	3
997.713	5
997.933	6
998.154	4
998.374	11
998.594	7
998.814	6
999.034	10
999.254	7
999.474	7
999.694	2
999.914	5
1000.13	1
1000.35	3
1000.57	5
1000.79	5
1001.01	8
1001.23	6
1001.45	7
1001.68	9
1001.9	9
1002.12	7
1002.34	5
1002.56	4
1002.78	7
1003	4
1003.22	8
1003.44	8
1003.66	8
1003.88	4
1004.1	11
1004.32	8
1004.54	7
1004.76	7
1004.98	6
1005.2	5
1005.42	3
1005.64	11
1005.86	18
1006.08	8
1006.3	25
1006.52	22
1006.74	21
1006.96	14
1007.18	23
1007.4	16
1007.62	11
1007.84	16
1008.06	13
1008.28	12
1008.5	13
1008.72	4
1008.94	1
1009.16	8
1009.38	2
1009.6	4
1009.82	2
1010.04	7
1010.26	4
1010.48	4
1010.7	4
1010.92	4
1011.14	9
1011.36	8
1011.58	5
1011.8	8
1012.02	4
1012.24	3
1012.46	4
1012.68	4
1012.9	7
1013.12	2
1013.34	2
1013.56	4
1013.78	5
1014	7
1014.22	5
1014.44	3
1014.66	3
1014.88	3
1015.1	3
1015.32	6
1015.54	7
1015.76	6
1015.98	4
1016.2	3
1016.42	3
1016.64	6
1016.86	8
1017.08	5
1017.3	7
1017.52	6
1017.74	5
1017.96	8
1018.18	7
1018.4	2
1018.62	7
1018.84	10
1019.06	3
1019.28	10
1019.5	3
1019.72	2
1019.94	2
1020.16	6
1020.38	3
1020.6	4
1020.82	1
1021.04	5
1021.26	2
1021.48	3
1021.7	7
1021.92	4
1022.14	5
1022.36	5
1022.58	1
1022.8	3
1023.02	7
1023.24	7
1023.46	3
1023.69	8
1023.91	7
1024.13	1
1024.35	5
1024.57	4
1024.79	7
1025.01	5
1025.23	10
1025.45	8
1025.67	0
1025.89	7
1026.11	5
1026.33	3
1026.55	3
1026.77	8
1026.99	4
1027.21	5
1027.43	4
1027.65	3
1027.87	1
1028.09	4
1028.31	3
1028.53	8
1028.75	2
1028.97	7
1029.19	4
1029.41	3
1029.63	4
1029.85	10
1030.07	5
1030.29	2
1030.51	7
1030.73	5
1030.95	5
1031.17	10
1031.39	4
1031.61	6
1031.83	2
1032.05	5
1032.27	4
1032.49	8
1032.71	7
1032.93	3
1033.15	3
1033.37	9
1033.59	6
1033.81	7
1034.03	4
1034.25	3
1034.47	5
1034.69	6
1034.91	8
1035.13	1
1035.35	5
1035.57	1
1035.79	4
1036.01	6
1036.23	6
1036.45	6
1036.67	3
1036.89	7
1037.11	7
1037.33	2
1037.55	3
1037.77	4
1037.99	3
1038.21	2
1038.43	4
1038.65	4
1038.87	6
1039.09	1
1039.31	3
1039.53	1
1039.75	3
1039.97	7
1040.19	5
1040.41	1
1040.63	5
1040.85	3
1041.07	0
1041.29	6
1041.51	4
1041.73	4
1041.95	2
1042.17	10
1042.39	6
1042.61	3
1042.83	4
1043.05	6
1043.27	4
1043.49	7
1043.71	10
1043.93	2
1044.15	1
1044.37	4
1044.59	3
1044.81	2
1045.03	2
1045.25	1
1045.47	4
1045.7	4
1045.92	4
1046.14	6
1046.36	7
1046.58	1
1046.8	3
1047.02	7
1047.24	5
1047.46	3
1047.68	5
1047.9	6
1048.12	6
1048.34	9
1048.56	7
1048.78	5
1049	1
1049.22	2
1049.44	7
1049.66	5
1049.88	6
1050.1	3
1050.32	3
1050.54	3
1050.76	6
1050.98	4
1051.2	1
1051.42	8
1051.64	7
1051.86	3
1052.08	10
1052.3	7
1052.52	7
1052.74	3
1052.96	3
1053.18	5
1053.4	3
1053.62	6
1053.84	4
1054.06	5
1054.28	6
1054.5	5
1054.72	8
1054.94	4
1055.16	6
1055.38	0
1055.6	5
1055.82	3
1056.04	5
1056.26	8
1056.48	3
1056.7	4
1056.92	5
1057.14	6
1057.36	6
1057.58	4
1057.8	11
1058.02	7
1058.24	2
1058.46	8
1058.68	4
1058.9	3
1059.12	2
1059.34	7
1059.56	2
1059.78	2
1060	10
1060.22	4
1060.44	6
1060.66	5
1060.88	3
1061.1	3
1061.32	2
1061.54	5
1061.76	5
1061.98	2
1062.2	3
1062.42	3
1062.64	4
1062.86	3
1063.08	4
1063.3	10
1063.52	3
1063.74	3
1063.96	4
1064.18	7
1064.4	5
1064.62	5
1064.84	5
1065.06	1
1065.28	6
1065.5	2
1065.72	5
1065.94	3
1066.16	4
1066.38	7
1066.6	6
1066.82	4
1067.04	5
1067.26	5
1067.48	7
1067.71	3
1067.93	3
1068.15	5
1068.37	5
1068.59	4
1068.81	6
1069.03	5
1069.25	5
1069.47	4
1069.69	5
1069.91	3
1070.13	6
1070.35	4
1070.57	5
1070.79	4
1071.01	3
1071.23	5
1071.45	5
1071.67	0
1071.89	4
1072.11	8
1072.33	5
1072.55	4
1072.77	6
1072.99	6
1073.21	5
1073.43	2
1073.65	3
1073.87	7
1074.09	4
1074.31	4
1074.53	3
1074.75	3
1074.97	4
1075.19	1
1075.41	4
1075.63	4
1075.85	4
1076.07	8
1076.29	2
1076.51	3
1076.73	5
1076.95	3
1077.17	9
1077.39	6
1077.61	9
1077.83	6
1078.05	5
1078.27	2
1078.49	3
1078.71	8
1078.93	4
1079.15	7
1079.37	3
1079.59	4
1079.81	7
1080.03	3
1080.25	8
1080.47	8
1080.69	5
1080.91	2
1081.13	9
1081.35	4
1081.57	6
1081.79	5
1082.01	7
1082.23	10
1082.45	5
1082.67	5
1082.89	3
1083.11	2
1083.33	4
1083.55	3
1083.77	7
1083.99	6
1084.21	2
1084.43	5
1084.65	4
1084.87	6
1085.09	2
1085.31	5
1085.53	1
1085.75	8
1085.97	7
1086.19	11
1086.41	8
1086.63	12
1086.85	26
1087.07	26
1087.29	58
1087.51	75
1087.73	104
1087.95	148
1088.17	169
1088.39	181
1088.61	145
1088.83	154
1089.05	130
1089.27	104
1089.49	66
1089.72	33
1089.94	37
1090.16	21
1090.38	10
1090.6	8
1090.82	12
1091.04	9
1091.26	15
1091.48	15
1091.7	22
1091.92	25
1092.14	38
1092.36	27
1092.58	32
1092.8	27
1093.02	26
1093.24	23
1093.46	11
1093.68	8
1093.9	5
1094.12	10
1094.34	8
1094.56	7
1094.78	4
1095	3
1095.22	9
1095.44	4
1095.66	6
1095.88	4
1096.1	7
1096.32	9
1096.54	4
1096.76	6
1096.98	4
1097.2	3
1097.42	5
1097.64	2
1097.86	6
1098.08	8
1098.3	9
1098.52	5
1098.74	3
1098.96	7
1099.18	0
1099.4	5
1099.62	3
1099.84	0
1100.06	6
1100.28	6
1100.5	7
1100.72	7
1100.94	9
1101.16	5
1101.38	4
1101.6	0
1101.82	7
1102.04	4
1102.26	9
1102.48	5
1102.7	4
1102.92	5
1103.14	3
1103.36	3
1103.58	6
1103.8	7
1104.02	2
1104.24	6
1104.46	7
1104.68	10
1104.9	5
1105.12	4
1105.34	3
1105.56	6
1105.78	11
1106	3
1106.22	2
1106.44	6
1106.66	7
1106.88	4
1107.1	3
1107.32	3
1107.54	7
1107.76	5
1107.98	4
1108.2	7
1108.42	6
1108.64	5
1108.86	5
1109.08	3
1109.3	5
1109.52	4
1109.74	6
1109.96	8
1110.18	5
1110.4	5
1110.62	9
1110.84	11
1111.06	11
1111.28	3
1111.5	8
1111.73	11
1111.95	5
1112.17	6
1112.39	15
1112.61	5
1112.83	12
1113.05	16
1113.27	28
1113.49	29
1113.71	89
1113.93	103
1114.15	131
1114.37	173
1114.59	187
1114.81	178
1115.03	191
1115.25	181
1115.47	147
1115.69	117
1115.91	68
1116.13	43
1116.35	33
1116.57	19
1116.79	10
1117.01	3
1117.23	2
1117.45	5
1117.67	4
1117.89	5
1118.11	4
1118.33	7
1118.55	7
1118.77	2
1118.99	3
1119.21	5
1119.43	5
1119.65	5
1119.87	9
1120.09	3
1120.31	6
1120.53	9
1120.75	3
1120.97	4
1121.19	4
1121.41	4
1121.63	5
1121.85	2
1122.07	5
1122.29	4
1122.51	5
1122.73	7
1122.95	7
1123.17	6
1123.39	8
1123.61	4
1123.83	8
1124.05	6
1124.27	10
1124.49	6
1124.71	5
1124.93	7
1125.15	7
1125.37	12
1125.59	6
1125.81	11
1126.03	10
1126.25	9
1126.47	5
1126.69	8
1126.91	7
1127.13	7
1127.35	8
1127.57	6
1127.79	6
1128.01	5
1128.23	8
1128.45	9
1128.67	9
1128.89	7
1129.11	5
1129.33	7
1129.55	3
1129.77	5
1129.99	3
1130.21	7
1130.43	7
1130.65	4
1130.87	4
1131.09	7
1131.31	6
1131.53	5
1131.75	5
1131.97	7
1132.19	4
1132.41	7
1132.63	5
1132.85	10
1133.07	3
1133.29	6
1133.51	6
1133.74	6
1133.96	5
1134.18	4
1134.4	4
1134.62	7
1134.84	8
1135.06	3
1135.28	3
1135.5	5
1135.72	6
1135.94	7
1136.16	5
1136.38	9
1136.6	7
1136.82	6
1137.04	3
1137.26	5
1137.48	9
1137.7	12
1137.92	2
1138.14	4
1138.36	4
1138.58	1
1138.8	4
1139.02	2
1139.24	1
1139.46	5
1139.68	5
1139.9	6
1140.12	6
1140.34	4
1140.56	5
1140.78	5
1141	4
1141.22	5
1141.44	4
1141.66	4
1141.88	6
1142.1	3
1142.32	4
1142.54	9
1142.76	3
1142.98	2
1143.2	6
1143.42	4
1143.64	4
1143.86	3
1144.08	0
1144.3	4
1144.52	3
1144.74	5
1144.96	6
1145.18	6
1145.4	2
1145.62	8
1145.84	8
1146.06	2
1146.28	4
1146.5	1
1146.72	6
1146.94	5
1147.16	6
1147.38	3
1147.6	4
1147.82	6
1148.04	6
1148.26	4
1148.48	7
1148.7	2
1148.92	3
1149.14	9
1149.36	5
1149.58	4
1149.8	7
1150.02	8
1150.24	6
1150.46	7
1150.68	4
1150.9	5
1151.12	3
1151.34	7
1151.56	10
1151.78	6
1152	7
1152.22	6
1152.44	10
1152.66	5
1152.88	6
1153.1	6
1153.32	4
1153.54	9
1153.76	6
1153.98	6
1154.2	6
1154.42	11
1154.64	7
1154.86	11
1155.08	9
1155.3	6
1155.52	11
1155.75	13
1155.97	8
1156.19	5
1156.41	11
1156.63	7
1156.85	6
1157.07	7
1157.29	6
1157.51	7
1157.73	3
1157.95	6
1158.17	4
1158.39	3
1158.61	4
1158.83	10
1159.05	2
1159.27	9
1159.49	2
1159.71	3
1159.93	14
1160.15	6
1160.37	10
1160.59	3
1160.81	7
1161.03	9
1161.25	8
1161.47	9
1161.69	4
1161.91	8
1162.13	4
1162.35	4
1162.57	8
1162.79	3
1163.01	5
1163.23	3
1163.45	1
1163.67	6
1163.89	3
1164.11	6
1164.33	1
1164.55	5
1164.77	6
1164.99	4
1165.21	4
1165.43	4
1165.65	6
1165.87	1
1166.09	8
1166.31	3
1166.53	13
1166.75	7
1166.97	2
1167.19	4
1167.41	5
1167.63	7
1167.85	6
1168.07	3
1168.29	2
1168.51	7
1168.73	6
1168.95	4
1169.17	7
1169.39	8
1169.61	12
1169.83	6
1170.05	6
1170.27	7
1170.49	6
1170.71	6
1170.93	2
1171.15	4
1171.37	2
1171.59	6
1171.81	9
1172.03	5
1172.25	6
1172.47	11
1172.69	5
1172.91	9
1173.13	10
1173.35	9
1173.57	8
1173.79	7
1174.01	12
1174.23	7
1174.45	6
1174.67	3
1174.89	6
1175.11	8
1175.33	8
1175.55	7
1175.77	6
1175.99	14
1176.21	6
1176.43	7
1176.65	5
1176.87	7
1177.09	5
1177.31	7
1177.53	3
1177.76	8
1177.98	8
1178.2	7
1178.42	5
1178.64	2
1178.86	2
1179.08	5
1179.3	6
1179.52	6
1179.74	7
1179.96	7
1180.18	9
1180.4	8
1180.62	4
1180.84	6
1181.06	10
1181.28	13
1181.5	7
1181.72	10
1181.94	6
1182.16	3
1182.38	8
1182.6	6
1182.82	6
1183.04	8
1183.26	6
1183.48	4
1183.7	5
1183.92	8
1184.14	6
1184.36	4
1184.58	4
1184.8	2
1185.02	5
1185.24	11
1185.46	4
1185.68	7
1185.9	10
1186.12	6
1186.34	6
1186.56	3
1186.78	9
1187	8
1187.22	8
1187.44	12
1187.66	7
1187.88	6
1188.1	8
1188.32	2
1188.54	5
1188.76	2
1188.98	7
1189.2	7
1189.42	10
1189.64	10
1189.86	3
1190.08	7
1190.3	8
1190.52	8
1190.74	2
1190.96	5
1191.18	6
1191.4	7
1191.62	4
1191.84	4
1192.06	2
1192.28	6
1192.5	3
1192.72	5
1192.94	6
1193.16	5
1193.38	5
1193.6	6
1193.82	6
1194.04	5
1194.26	5
1194.48	6
1194.7	7
1194.92	10
1195.14	5
1195.36	0
1195.58	4
1195.8	5
1196.02	4
1196.24	2
1196.46	6
1196.68	7
1196.9	3
1197.12	4
1197.34	6
1197.56	7
1197.78	11
1198	4
1198.22	5
1198.44	2
1198.66	8
1198.88	4
1199.1	3
1199.32	3
1199.54	6
1199.77	3
1199.99	1
1200.21	7
1200.43	5
1200.65	4
1200.87	3
1201.09	5
1201.31	7
1201.53	1
1201.75	5
1201.97	2
1202.19	3
1202.41	5
1202.63	4
1202.85	0
1203.07	3
1203.29	2
1203.51	3
1203.73	3
1203.95	2
1204.17	3
1204.39	5
1204.61	3
1204.83	2
1205.05	1
1205.27	1
1205.49	4
1205.71	4
1205.93	2
1206.15	3
1206.37	2
1206.59	2
1206.81	5
1207.03	2
1207.25	1
1207.47	8
1207.69	4
1207.91	4
1208.13	5
1208.35	7
1208.57	4
1208.79	0
1209.01	2
1209.23	3
1209.45	4
1209.67	2
1209.89	3
1210.11	6
1210.33	4
1210.55	2
1210.77	4
1210.99	5
1211.21	5
1211.43	3
1211.65	1
1211.87	4
1212.09	4
1212.31	3
1212.53	0
1212.75	4
1212.97	1
1213.19	3
1213.41	4
1213.63	4
1213.85	6
1214.07	2
1214.29	6
1214.51	7
1214.73	5
1214.95	8
1215.17	9
1215.39	14
1215.61	19
1215.83	28
1216.05	15
1216.27	18
1216.49	18
1216.71	24
1216.93	30
1217.15	16
1217.37	8
1217.59	8
1217.81	5
1218.03	5
1218.25	7
1218.47	3
1218.69	3
1218.91	3
1219.13	3
1219.35	6
1219.57	2
1219.79	4
1220.01	2
1220.23	3
1220.45	1
1220.67	3
1220.89	7
1221.11	1
1221.33	8
1221.55	6
1221.78	6
1222	2
1222.22	1
1222.44	3
1222.66	6
1222.88	0
1223.1	3
1223.32	4
1223.54	4
1223.76	3
1223.98	2
1224.2	2
1224.42	2
1224.64	6
1224.86	1
1225.08	4
1225.3	1
1225.52	5
1225.74	6
1225.96	5
1226.18	0
1226.4	5
1226.62	1
1226.84	4
1227.06	2
1227.28	5
1227.5	4
1227.72	3
1227.94	6
1228.16	8
1228.38	4
1228.6	4
1228.82	6
1229.04	6
1229.26	2
1229.48	3
1229.7	8
1229.92	4
1230.14	4
1230.36	2
1230.58	4
1230.8	3
1231.02	1
1231.24	2
1231.46	1
1231.68	4
1231.9	2
1232.12	2
1232.34	6
1232.56	5
1232.78	1
1233	3
1233.22	1
1233.44	3
1233.66	1
1233.88	4
1234.1	2
1234.32	2
1234.54	4
1234.76	5
1234.98	1
1235.2	2
1235.42	3
1235.64	3
1235.86	4
1236.08	2
1236.3	2
1236.52	2
1236.74	2
1236.96	2
1237.18	2
1237.4	3
1237.62	8
1237.84	4
1238.06	3
1238.28	9
1238.5	2
1238.72	2
1238.94	2
1239.16	5
1239.38	1
1239.6	2
1239.82	4
1240.04	1
1240.26	0
1240.48	2
1240.7	1
1240.92	4
1241.14	3
1241.36	1
1241.58	4
1241.8	4
1242.02	2
1242.24	2
1242.46	4
1242.68	0
1242.9	2
1243.12	4
1243.34	2
1243.57	1
1243.79	1
1244.01	1
1244.23	2
1244.45	4
1244.67	1
1244.89	1
1245.11	2
1245.33	4
1245.55	2
1245.77	2
1245.99	1
1246.21	4
1246.43	3
1246.65	3
1246.87	4
1247.09	3
1247.31	2
1247.53	2
1247.75	4
1247.97	2
1248.19	5
1248.41	2
1248.63	1
1248.85	5
1249.07	1
1249.29	2
1249.51	2
1249.73	4
1249.95	3
1250.17	1
1250.39	1
1250.61	3
1250.83	3
1251.05	2
1251.27	2
1251.49	3
1251.71	3
1251.93	5
1252.15	4
1252.37	4
1252.59	3
1252.81	6
1253.03	3
1253.25	2
1253.47	7
1253.69	5
1253.91	2
1254.13	5
1254.35	4
1254.57	3
1254.79	2
1255.01	4
1255.23	2
1255.45	2
1255.67	6
1255.89	5
1256.11	4
1256.33	4
1256.55	1
1256.77	4
1256.99	3
1257.21	5
1257.43	2
1257.65	4
1257.87	0
1258.09	2
1258.31	1
1258.53	1
1258.75	0
1258.97	0
1259.19	6
1259.41	3
1259.63	6
1259.85	2
1260.07	3
1260.29	1
1260.51	1
1260.73	0
1260.95	6
1261.17	2
1261.39	4
1261.61	2
1261.83	3
1262.05	4
1262.27	3
1262.49	4
1262.71	1
1262.93	1
1263.15	2
1263.37	2
1263.59	4
1263.81	2
1264.03	0
1264.25	4
1264.47	3
1264.69	5
1264.91	3
1265.13	1
1265.35	1
1265.58	1
1265.8	1
1266.02	3
1266.24	2
1266.46	4
1266.68	2
1266.9	1
1267.12	4
1267.34	3
1267.56	1
1267.78	3
1268	2
1268.22	1
1268.44	4
1268.66	2
1268.88	1
1269.1	1
1269.32	0
1269.54	2
1269.76	3
1269.98	1
1270.2	0
1270.42	1
1270.64	3
1270.86	3
1271.08	4
1271.3	1
1271.52	3
1271.74	1
1271.96	2
1272.18	0
1272.4	1
1272.62	1
1272.84	0
1273.06	4
1273.28	1
1273.5	1
1273.72	3
1273.94	2
1274.16	2
1274.38	1
1274.6	2
1274.82	2
1275.04	2
1275.26	3
1275.48	1
1275.7	3
1275.92	1
1276.14	2
1276.36	0
1276.58	0
1276.8	2
1277.02	2
1277.24	1
1277.46	5
1277.68	0
1277.9	5
1278.12	0
1278.34	0
1278.56	1
1278.78	1
1279	1
1279.22	2
1279.44	3
1279.66	0
1279.88	0
1280.1	1
1280.32	2
1280.54	0
1280.76	1
1280.98	2
1281.2	3
1281.42	1
1281.64	2
1281.86	2
1282.08	1
1282.3	3
1282.52	2
1282.74	1
1282.96	1
1283.18	1
1283.4	3
1283.62	2
1283.84	1
1284.06	1
1284.28	2
1284.5	2
1284.72	3
1284.94	6
1285.16	2
1285.38	0
1285.6	3
1285.82	1
1286.04	2
1286.26	3
1286.48	2
1286.7	1
1286.92	3
1287.14	1
1287.36	3
1287.59	3
1287.81	2
1288.03	4
1288.25	4
1288.47	2
1288.69	3
1288.91	0
1289.13	3
1289.35	4
1289.57	0
1289.79	0
1290.01	1
1290.23	1
1290.45	2
1290.67	0
1290.89	1
1291.11	1
1291.33	2
1291.55	2
1291.77	3
1291.99	0
1292.21	2
1292.43	0
1292.65	3
1292.87	5
1293.09	2
1293.31	1
1293.53	2
1293.75	1
1293.97	2
1294.19	5
1294.41	3
1294.63	2
1294.85	0
1295.07	2
1295.29	2
1295.51	2
1295.73	0
1295.95	1
1296.17	3
1296.39	1
1296.61	8
1296.83	0
1297.05	1
1297.27	2
1297.49	6
1297.71	0
1297.93	1
1298.15	1
1298.37	1
1298.59	1
1298.81	0
1299.03	1
1299.25	1
1299.47	0
1299.69	0
1299.91	3
1300.13	3
1300.35	2
1300.57	3
1300.79	3
1301.01	5
1301.23	1
1301.45	5
1301.67	10
1301.89	5
1302.11	17
1302.33	22
1302.55	14
1302.77	21
1302.99	31
1303.21	27
1303.43	20
1303.65	13
1303.87	5
1304.09	4
1304.31	9
1304.53	7
1304.75	2
1304.97	3
1305.19	0
1305.41	2
1305.63	1
1305.85	1
1306.07	1
1306.29	2
1306.51	2
1306.73	0
1306.95	0
1307.17	0
1307.39	3
1307.61	0
1307.83	1
1308.05	1
1308.27	0
1308.49	1
1308.71	1
1308.93	0
1309.15	3
1309.37	0
1309.6	0
1309.82	1
1310.04	0
1310.26	3
1310.48	1
1310.7	2
1310.92	0
1311.14	2
1311.36	0
1311.58	3
1311.8	3
1312.02	1
1312.24	0
1312.46	0
1312.68	1
1312.9	2
1313.12	0
1313.34	0
1313.56	0
1313.78	0
1314	0
1314.22	1
1314.44	1
1314.66	2
1314.88	1
1315.1	1
1315.32	1
1315.54	0
1315.76	0
1315.98	0
1316.2	0
1316.42	1
1316.64	0
1316.86	0
1317.08	1
1317.3	1
1317.52	0
1317.74	3
1317.96	2
1318.18	1
1318.4	1
1318.62	0
1318.84	2
1319.06	0
1319.28	0
1319.5	2
1319.72	0
1319.94	1
1320.16	1
1320.38	0
1320.6	0
1320.82	0
1321.04	1
1321.26	1
1321.48	0
1321.7	1
1321.92	0
1322.14	0
1322.36	0
1322.58	2
1322.8	1
1323.02	2
1323.24	1
1323.46	0
1323.68	0
1323.9	1
1324.12	1
1324.34	1
1324.56	0
1324.78	1
1325	0
1325.22	1
1325.44	1
1325.66	0
1325.88	0
1326.1	1
1326.32	2
1326.54	0
1326.76	0
1326.98	0
1327.2	1
1327.42	1
1327.64	0
1327.86	1
1328.08	1
1328.3	1
1328.52	0
1328.74	1
1328.96	1
1329.18	1
1329.4	0
1329.62	1
1329.84	0
1330.06	0
1330.28	0
1330.5	1
1330.72	0
1330.94	0
1331.16	0
1331.38	0
1331.61	1
1331.83	0
1332.05	3
1332.27	1
1332.49	0
1332.71	2
1332.93	0
1333.15	0
1333.37	2
1333.59	0
1333.81	0
1334.03	0
1334.25	0
1334.47	2
1334.69	1
1334.91	0
1335.13	0
1335.35	0
1335.57	0
1335.79	1
1336.01	1
1336.23	0
1336.45	0
1336.67	0
1336.89	0
1337.11	1
1337.33	1
1337.55	1
1337.77	1
1337.99	0
1338.21	1
1338.43	0
1338.65	1
1338.87	1
1339.09	0
1339.31	2
1339.53	1
1339.75	1
1339.97	0
1340.19	2
1340.41	1
1340.63	0
1340.85	1
1341.07	0
1341.29	0
1341.51	0
1341.73	0
1341.95	0
1342.17	0
1342.39	1
1342.61	1
1342.83	1
1343.05	2
1343.27	1
1343.49	0
1343.71	0
1343.93	0
1344.15	0
1344.37	1
1344.59	2
1344.81	1
1345.03	0
1345.25	0
1345.47	1
1345.69	0
1345.91	0
1346.13	1
1346.35	0
1346.57	2
1346.79	0
1347.01	0
1347.23	0
1347.45	1
1347.67	0
1347.89	0
1348.11	1
1348.33	1
1348.55	1
1348.77	1
1348.99	1
1349.21	1
1349.43	1
1349.65	0
1349.87	2
1350.09	2
1350.31	0
1350.53	0
1350.75	0
1350.97	2
1351.19	0
1351.41	0
1351.63	1
1351.85	0
1352.07	0
1352.29	0
1352.51	0
1352.73	0
1352.95	1
1353.17	0
1353.39	0
1353.62	0
1353.84	1
1354.06	2
1354.28	0
1354.5	1
1354.72	0
1354.94	0
1355.16	0
1355.38	1
1355.6	0
1355.82	1
1356.04	0
1356.26	0
1356.48	0
1356.7	1
1356.92	0
1357.14	1
1357.36	0
1357.58	0
1357.8	0
1358.02	1
1358.24	0
1358.46	0
1358.68	0
1358.9	0
1359.12	3
1359.34	0
1359.56	0
1359.78	1
1360	0
1360.22	0
1360.44	1
1360.66	0
1360.88	0
1361.1	0
1361.32	1
1361.54	0
1361.76	2
1361.98	1
1362.2	0
1362.42	1
1362.64	0
1362.86	1
1363.08	1
1363.3	0
1363.52	0
1363.74	1
1363.96	0
1364.18	0
1364.4	0
1364.62	1
1364.84	0
1365.06	1
1365.28	0
1365.5	1
1365.72	1
1365.94	1
1366.16	0
1366.38	0
1366.6	0
1366.82	0
1367.04	0
1367.26	0
1367.48	1
1367.7	0
1367.92	1
1368.14	0
1368.36	0
1368.58	2
1368.8	2
1369.02	0
1369.24	0
1369.46	1
1369.68	1
1369.9	0
1370.12	1
1370.34	1
1370.56	0
1370.78	2
1371	0
1371.22	0
1371.44	0
1371.66	0
1371.88	0
1372.1	0
1372.32	0
1372.54	0
1372.76	0
1372.98	0
1373.2	0
1373.42	0
1373.64	1
1373.86	0
1374.08	0
1374.3	0
1374.52	2
1374.74	1
1374.96	1
1375.18	1
1375.4	0
1375.63	0
1375.85	0
1376.07	0
1376.29	0
1376.51	0
1376.73	0
1376.95	0
1377.17	0
1377.39	1
1377.61	0
1377.83	0
1378.05	0
1378.27	0
1378.49	1
1378.71	1
1378.93	1
1379.15	0
1379.37	1
1379.59	0
1379.81	2
1380.03	1
1380.25	0
1380.47	0
1380.69	0
1380.91	1
1381.13	0
1381.35	2
1381.57	1
1381.79	0
1382.01	0
1382.23	0
1382.45	0
1382.67	0
1382.89	1
1383.11	1
1383.33	0
1383.55	0
1383.77	0
1383.99	0
1384.21	1
1384.43	0
1384.65	0
1384.87	1
1385.09	1
1385.31	0
1385.53	0
1385.75	0
1385.97	0
1386.19	0
1386.41	1
1386.63	0
1386.85	0
1387.07	1
1387.29	0
1387.51	0
1387.73	0
1387.95	2
1388.17	0
1388.39	0
1388.61	0
1388.83	0
1389.05	0
1389.27	0
1389.49	0
1389.71	0
1389.93	0
1390.15	0
1390.37	1
1390.59	2
1390.81	0
1391.03	0
1391.25	1
1391.47	0
1391.69	0
1391.91	1
1392.13	1
1392.35	1
1392.57	1
1392.79	2
1393.01	0
1393.23	0
1393.45	1
1393.67	0
1393.89	0
1394.11	0
1394.33	0
1394.55	0
1394.77	0
1394.99	0
1395.21	1
1395.43	0
1395.65	0
1395.87	0
1396.09	0
1396.31	0
1396.53	0
1396.75	2
1396.97	0
1397.19	0
1397.41	2
1397.64	0
1397.86	0
1398.08	0
1398.3	0
1398.52	0
1398.74	1
1398.96	0
1399.18	0
1399.4	0
1399.62	0
1399.84	1
1400.06	0
1400.28	0
1400.5	1
1400.72	1
1400.94	0
1401.16	0
1401.38	0
1401.6	0
1401.82	0
1402.04	1
1402.26	2
1402.48	0
1402.7	1
1402.92	1
1403.14	2
1403.36	1
1403.58	0
1403.8	0
1404.02	0
1404.24	1
1404.46	0
1404.68	0
1404.9	0
1405.12	0
1405.34	0
1405.56	2
1405.78	0
1406	0
1406.22	0
1406.44	1
1406.66	0
1406.88	1
1407.1	0
1407.32	1
1407.54	2
1407.76	0
1407.98	0
1408.2	1
1408.42	2
1408.64	1
1408.86	0
1409.08	1
1409.3	1
1409.52	1
1409.74	2
1409.96	5
1410.18	1
1410.4	12
1410.62	12
1410.84	23
1411.06	46
1411.28	64
1411.5	107
1411.72	128
1411.94	165
1412.16	203
1412.38	213
1412.6	214
1412.82	214
1413.04	190
1413.26	153
1413.48	124
1413.7	87
1413.92	66
1414.14	40
1414.36	23
1414.58	11
1414.8	5
1415.02	2
1415.24	2
1415.46	1
1415.68	0
1415.9	0
1416.12	0
1416.34	0
1416.56	0
1416.78	0
1417	0
1417.22	0
1417.44	1
1417.66	1
1417.88	1
1418.1	0
1418.32	0
1418.54	0
1418.76	0
1418.98	0
1419.2	0
1419.42	0
1419.65	0
1419.87	0
1420.09	1
1420.31	0
1420.53	1
1420.75	1
1420.97	0
1421.19	0
1421.41	0
1421.63	0
1421.85	1
1422.07	0
1422.29	0
1422.51	0
1422.73	0
1422.95	0
1423.17	0
1423.39	0
1423.61	0
1423.83	1
1424.05	0
1424.27	1
1424.49	1
1424.71	0
1424.93	0
1425.15	0
1425.37	0
1425.59	0
1425.81	0
1426.03	0
1426.25	0
1426.47	0
1426.69	0
1426.91	0
1427.13	0
1427.35	0
1427.57	1
1427.79	0
1428.01	0
1428.23	0
1428.45	0
1428.67	0
1428.89	0
1429.11	0
1429.33	1
1429.55	0
1429.77	0
1429.99	1
1430.21	0
1430.43	0
1430.65	0
1430.87	1
1431.09	0
1431.31	0
1431.53	1
1431.75	0
1431.97	0
1432.19	0
1432.41	1
1432.63	1
1432.85	1
1433.07	1
1433.29	0
1433.51	1
1433.73	0
1433.95	0
1434.17	0
1434.39	0
1434.61	0
1434.83	0
1435.05	0
1435.27	0
1435.49	0
1435.71	0
1435.93	0
1436.15	0
1436.37	1
1436.59	0
1436.81	0
1437.03	0
1437.25	1
1437.47	2
1437.69	0
1437.91	0
1438.13	1
1438.35	1
1438.57	0
1438.79	1
1439.01	0
1439.23	0
1439.45	1
1439.67	0
1439.89	0
1440.11	0
1440.33	0
1440.55	0
1440.77	1
1440.99	0
1441.21	0
1441.43	0
1441.66	0
1441.88	0
1442.1	1
1442.32	1
1442.54	0
1442.76	0
1442.98	0
1443.2	0
1443.42	0
1443.64	1
1443.86	2
1444.08	1
1444.3	0
1444.52	0
1444.74	0
1444.96	0
1445.18	0
1445.4	0
1445.62	0
1445.84	0
1446.06	0
1446.28	1
1446.5	0
1446.72	1
1446.94	0
1447.16	1
1447.38	1
1447.6	3
1447.82	2
1448.04	1
1448.26	1
1448.48	1
1448.7	0
1448.92	1
1449.14	0
1449.36	1
1449.58	2
1449.8	0
1450.02	0
1450.24	0
1450.46	0
1450.68	0
1450.9	3
1451.12	3
1451.34	2
1451.56	5
1451.78	4
1452	4
1452.22	6
1452.44	4
1452.66	6
1452.88	6
1453.1	2
1453.32	2
1453.54	6
1453.76	4
1453.98	1
1454.2	3
1454.42	1
1454.64	0
1454.86	1
1455.08	0
1455.3	1
1455.52	0
1455.74	0
1455.96	0
1456.18	2
1456.4	0
1456.62	0
1456.84	2
1457.06	2
1457.28	2
1457.5	1
1457.72	2
1457.94	4
1458.16	1
1458.38	3
1458.6	1
1458.82	2
1459.04	0
1459.26	0
1459.48	0
1459.7	0
1459.92	0
1460.14	0
1460.36	0
1460.58	1
1460.8	0
1461.02	2
1461.24	2
1461.46	1
1461.68	5
1461.9	4
1462.12	2
1462.34	6
1462.56	5
1462.78	4
1463	8
1463.22	6
1463.44	5
1463.67	0
1463.89	1
1464.11	2
1464.33	0
1464.55	4
1464.77	1
1464.99	2
1465.21	2
1465.43	1
1465.65	0
1465.87	3
1466.09	0
1466.31	1
1466.53	1
1466.75	0
1466.97	0
1467.19	0
1467.41	0
1467.63	0
1467.85	1
1468.07	1
1468.29	0
1468.51	0
1468.73	1
1468.95	1
1469.17	0
1469.39	1
1469.61	0
1469.83	0
1470.05	0
1470.27	0
1470.49	0
1470.71	0
1470.93	0
1471.15	1
1471.37	0
1471.59	1
1471.81	2
1472.03	0
1472.25	1
1472.47	0
1472.69	0
1472.91	0
1473.13	0
1473.35	1
1473.57	0
1473.79	0
1474.01	0
1474.23	0
1474.45	0
1474.67	0
1474.89	0
1475.11	0
1475.33	0
1475.55	0
1475.77	0
1475.99	0
1476.21	0
1476.43	0
1476.65	0
1476.87	0
1477.09	0
1477.31	0
1477.53	0
1477.75	0
1477.97	1
1478.19	0
1478.41	0
1478.63	0
1478.85	0
1479.07	0
1479.29	0
1479.51	0
1479.73	0
1479.95	0
1480.17	0
1480.39	0
1480.61	0
1480.83	0
1481.05	0
1481.27	0
1481.49	0
1481.71	1
1481.93	0
1482.15	0
1482.37	0
1482.59	0
1482.81	0
1483.03	0
1483.25	0
1483.47	1
1483.69	0
1483.91	1
1484.13	0
1484.35	0
1484.57	0
1484.79	1
1485.01	1
1485.23	0
1485.45	0
1485.68	1
1485.9	1
1486.12	0
1486.34	0
1486.56	0
1486.78	0
1487	1
1487.22	0
1487.44	0
1487.66	0
1487.88	0
1488.1	0
1488.32	1
1488.54	0
1488.76	0
1488.98	0
1489.2	0
1489.42	2
1489.64	0
1489.86	0
1490.08	0
1490.3	0
1490.52	1
1490.74	0
1490.96	0
1491.18	1
1491.4	0
1491.62	0
1491.84	1
1492.06	2
1492.28	0
1492.5	0
1492.72	0
1492.94	0
1493.16	0
1493.38	1
1493.6	0
1493.82	0
1494.04	0
1494.26	0
1494.48	0
1494.7	1
1494.92	0
1495.14	0
1495.36	0
1495.58	0
1495.8	0
1496.02	0
1496.24	0
1496.46	0
1496.68	0
1496.9	0
1497.12	0
1497.34	1
1497.56	1
1497.78	0
1498	0
1498.22	1
1498.44	0
1498.66	0
1498.88	0
1499.1	0
1499.32	1
1499.54	0
1499.76	0
1499.98	0
1500.2	0
1500.42	0
1500.64	0
1500.86	0
1501.08	0
1501.3	0
1501.52	0
1501.74	0
1501.96	0
1502.18	1
1502.4	1
1502.62	0
1502.84	0
1503.06	0
1503.28	0
1503.5	0
1503.72	0
1503.94	1
1504.16	0
1504.38	0
1504.6	1
1504.82	1
1505.04	0
1505.26	0
1505.48	0
1505.7	1
1505.92	0
1506.14	0
1506.36	0
1506.58	1
1506.8	0
1507.02	0
1507.24	1
1507.46	0
1507.68	1
1507.91	0
1508.13	1
1508.35	0
1508.57	0
1508.79	2
1509.01	0
1509.23	1
1509.45	0
1509.67	0
1509.89	0
1510.11	0
1510.33	0
1510.55	0
1510.77	0
1510.99	1
1511.21	0
1511.43	0
1511.65	0
1511.87	0
1512.09	0
1512.31	1
1512.53	0
1512.75	0
1512.97	0
1513.19	0
1513.41	0
1513.63	0
1513.85	0
1514.07	0
1514.29	0
1514.51	0
1514.73	0
1514.95	0
1515.17	0
1515.39	0
1515.61	0
1515.83	0
1516.05	0
1516.27	0
1516.49	0
1516.71	0
1516.93	0
1517.15	0
1517.37	0
1517.59	1
1517.81	0
1518.03	0
1518.25	0
1518.47	0
1518.69	0
1518.91	0
1519.13	0
1519.35	0
1519.57	0
1519.79	0
1520.01	0
1520.23	0
1520.45	0
1520.67	0
1520.89	1
1521.11	0
1521.33	1
1521.55	0
1521.77	0
1521.99	0
1522.21	0
1522.43	0
1522.65	0
1522.87	0
1523.09	0
1523.31	1
1523.53	0
1523.75	0
1523.97	0
1524.19	0
1524.41	0
1524.63	0
1524.85	0
1525.07	0
1525.29	0
1525.51	0
1525.73	0
1525.95	0
1526.17	0
1526.39	0
1526.61	0
1526.83	0
1527.05	0
1527.27	0
1527.49	0
1527.71	1
1527.93	0
1528.15	0
1528.37	0
1528.59	0
1528.81	0
1529.03	0
1529.25	0
1529.47	0
1529.69	0
1529.92	0
1530.14	0
1530.36	1
1530.58	0
1530.8	0
1531.02	0
1531.24	0
1531.46	1
1531.68	0
1531.9	0
1532.12	6
1532.34	2
1532.56	1
1532.78	2
1533	2
1533.22	2
1533.44	3
1533.66	4
1533.88	5
1534.1	1
1534.32	5
1534.54	3
1534.76	3
1534.98	2
1535.2	4
1535.42	1
1535.64	2
1535.86	2
1536.08	1
1536.3	1
1536.52	0
1536.74	0
1536.96	1
1537.18	0
1537.4	0
1537.62	0
1537.84	0
1538.06	0
1538.28	0
1538.5	0
1538.72	0
1538.94	0
1539.16	0
1539.38	0
1539.6	0
1539.82	0
1540.04	0
1540.26	0
1540.48	1
1540.7	0
1540.92	0
1541.14	0
1541.36	0
1541.58	0
1541.8	0
1542.02	0
1542.24	0
1542.46	0
1542.68	0
1542.9	0
1543.12	0
1543.34	0
1543.56	0
1543.78	0
1544	2
1544.22	0
1544.44	0
1544.66	0
1544.88	0
1545.1	0
1545.32	0
1545.54	0
1545.76	0
1545.98	0
1546.2	0
1546.42	0
1546.64	0
1546.86	0
1547.08	0
1547.3	0
1547.52	1
1547.74	0
1547.96	1
1548.18	0
1548.4	0
1548.62	0
1548.84	0
1549.06	0
1549.28	0
1549.5	0
1549.72	0
1549.94	0
1550.16	0
1550.38	0
1550.6	0
1550.82	0
1551.04	0
1551.26	0
1551.48	0
1551.7	0
1551.93	0
1552.15	0
1552.37	0
1552.59	0
1552.81	0
1553.03	0
1553.25	0
1553.47	0
1553.69	0
1553.91	0
1554.13	0
1554.35	1
1554.57	0
1554.79	0
1555.01	0
1555.23	0
1555.45	0
1555.67	0
1555.89	0
1556.11	0
1556.33	0
1556.55	0
1556.77	0
1556.99	0
1557.21	0
1557.43	0
1557.65	0
1557.87	0
1558.09	0
1558.31	0
1558.53	0
1558.75	1
1558.97	0
1559.19	0
1559.41	0
1559.63	0
1559.85	0
1560.07	0
1560.29	1
1560.51	0
1560.73	0
1560.95	0
1561.17	0
1561.39	0
1561.61	0
1561.83	0
1562.05	0
1562.27	0
1562.49	0
1562.71	0
1562.93	0
1563.15	0
1563.37	0
1563.59	0
1563.81	0
1564.03	0
1564.25	0
1564.47	0
1564.69	0
1564.91	0
1565.13	0
1565.35	0
1565.57	0
1565.79	0
1566.01	0
1566.23	0
1566.45	0
1566.67	0
1566.89	1
1567.11	0
1567.33	0
1567.55	0
1567.77	0
1567.99	0
1568.21	0
1568.43	0
1568.65	0
1568.87	0
1569.09	0
1569.31	0
1569.53	0
1569.75	0
1569.97	0
1570.19	0
1570.41	0
1570.63	0
1570.85	0
1571.07	0
1571.29	0
1571.51	0
1571.73	0
1571.95	0
1572.17	0
1572.39	0
1572.61	1
1572.83	0
1573.05	0
1573.27	0
1573.49	0
1573.71	0
1573.94	0
1574.16	0
1574.38	0
1574.6	0
1574.82	0
1575.04	0
1575.26	1
1575.48	0
1575.7	0
1575.92	0
1576.14	0
1576.36	0
1576.58	0
1576.8	0
1577.02	0
1577.24	0
1577.46	0
1577.68	0
1577.9	0
1578.12	0
1578.34	0
1578.56	0
1578.78	0
1579	0
1579.22	0
1579.44	0
1579.66	0
1579.88	0
1580.1	0
1580.32	0
1580.54	0
1580.76	0
1580.98	0
1581.2	0
1581.42	0
1581.64	0
1581.86	0
1582.08	0
1582.3	0
1582.52	0
1582.74	0
1582.96	0
1583.18	0
1583.4	0
1583.62	0
1583.84	0
1584.06	0
1584.28	0
1584.5	1
1584.72	0
1584.94	0
1585.16	0
1585.38	0
1585.6	0
1585.82	0
1586.04	0
1586.26	0
1586.48	1
1586.7	0
1586.92	0
1587.14	0
1587.36	0
1587.58	0
1587.8	0
1588.02	0
1588.24	0
1588.46	0
1588.68	0
1588.9	0
1589.12	1
1589.34	0
1589.56	0
1589.78	0
1590	1
1590.22	1
1590.44	0
1590.66	0
1590.88	0
1591.1	0
1591.32	0
1591.54	0
1591.76	0
1591.98	0
1592.2	0
1592.42	0
1592.64	0
1592.86	1
1593.08	0
1593.3	0
1593.52	0
1593.74	0
1593.96	0
1594.18	0
1594.4	0
1594.62	0
1594.84	1
1595.06	0
1595.28	0
1595.5	0
1595.72	0
1595.95	0
1596.17	0
1596.39	1
1596.61	0
1596.83	0
1597.05	0
1597.27	0
1597.49	0
1597.71	0
1597.93	0
1598.15	0
1598.37	0
1598.59	0
1598.81	0
1599.03	0
1599.25	0
1599.47	0
1599.69	0
1599.91	0
1600.13	0
1600.35	0
1600.57	0
1600.79	0
1601.01	0
1601.23	0
1601.45	0
1601.67	0
1601.89	0
1602.11	0
1602.33	0
1602.55	0
1602.77	0
1602.99	0
1603.21	0
1603.43	0
1603.65	0
1603.87	0
1604.09	0
1604.31	0
1604.53	0
1604.75	0
1604.97	0
1605.19	0
1605.41	0
1605.63	0
1605.85	0
1606.07	0
1606.29	0
1606.51	0
1606.73	0
1606.95	0
1607.17	0
1607.39	1
1607.61	0
1607.83	0
1608.05	0
1608.27	0
1608.49	0
1608.71	0
1608.93	0
1609.15	0
1609.37	0
1609.59	0
1609.81	0
1610.03	0
1610.25	0
1610.47	1
1610.69	1
1610.91	0
1611.13	0
1611.35	0
1611.57	0
1611.79	0
1612.01	0
1612.23	0
1612.45	0
1612.67	0
1612.89	0
1613.11	0
1613.33	0
1613.55	0
1613.77	0
1613.99	0
1614.21	0
1614.43	0
1614.65	0
1614.87	0
1615.09	0
1615.31	0
1615.53	0
1615.75	0
1615.97	0
1616.19	0
1616.41	0
1616.63	0
1616.85	0
1617.07	0
1617.29	0
1617.51	0
1617.73	0
1617.96	0
1618.18	0
1618.4	0
1618.62	0
1618.84	0
1619.06	0
1619.28	0
1619.5	0
1619.72	0
1619.94	0
1620.16	0
1620.38	0
1620.6	0
1620.82	0
1621.04	0
1621.26	0
1621.48	0
1621.7	0
1621.92	0
1622.14	0
1622.36	0
1622.58	0
1622.8	0
1623.02	0
1623.24	0
1623.46	0
1623.68	0
1623.9	0
1624.12	0
1624.34	0
1624.56	0
1624.78	0
1625	0
1625.22	0
1625.44	0
1625.66	0
1625.88	0
1626.1	0
1626.32	0
1626.54	0
1626.76	0
1626.98	0
1627.2	0
1627.42	0
1627.64	0
1627.86	0
1628.08	0
1628.3	1
1628.52	0
1628.74	0
1628.96	0
1629.18	0
1629.4	0
1629.62	0
1629.84	0
1630.06	0
1630.28	0
1630.5	0
1630.72	0
1630.94	0
1631.16	0
1631.38	0
1631.6	0
1631.82	0
1632.04	0
1632.26	0
1632.48	0
1632.7	0
1632.92	0
1633.14	0
1633.36	1
1633.58	0
1633.8	0
1634.02	0
1634.24	0
1634.46	0
1634.68	0
1634.9	0
1635.12	0
1635.34	0
1635.56	0
1635.78	0
1636	0
1636.22	0
1636.44	0
1636.66	0
1636.88	0
1637.1	0
1637.32	0
1637.54	0
1637.76	0
1637.98	0
1638.2	0
1638.42	0
1638.64	0
1638.86	0
1639.08	0
1639.3	0
1639.52	0
1639.74	0
1639.97	0
1640.19	0
1640.41	0
1640.63	0
1640.85	0
1641.07	0
1641.29	0
1641.51	0
1641.73	0
1641.95	0
1642.17	0
1642.39	0
1642.61	0
1642.83	0
1643.05	0
1643.27	0
1643.49	0
1643.71	0
1643.93	0
1644.15	0
1644.37	0
1644.59	0
1644.81	0
1645.03	0
1645.25	0
1645.47	0
1645.69	0
1645.91	0
1646.13	0
1646.35	0
1646.57	0
1646.79	0
1647.01	0
1647.23	0
1647.45	0
1647.67	0
1647.89	0
1648.11	0
1648.33	0
1648.55	0
1648.77	0
1648.99	0
1649.21	0
1649.43	0
1649.65	0
1649.87	0
1650.09	0
1650.31	0
1650.53	1
1650.75	0
1650.97	0
1651.19	0
1651.41	0
1651.63	0
1651.85	0
1652.07	0
1652.29	0
1652.51	0
1652.73	0
1652.95	1
1653.17	0
1653.39	0
1653.61	0
1653.83	0
1654.05	0
1654.27	0
1654.49	0
1654.71	0
1654.93	0
1655.15	0
1655.37	0
1655.59	0
1655.81	0
1656.03	0
1656.25	0
1656.47	0
1656.69	0
1656.91	0
1657.13	0
1657.35	0
1657.57	0
1657.79	0
1658.01	0
1658.23	0
1658.45	0
1658.67	0
1658.89	0
1659.11	0
1659.33	0
1659.55	0
1659.77	0
1659.99	0
1660.21	0
1660.43	0
1660.65	0
1660.87	0
1661.09	0
1661.31	0
1661.53	0
1661.75	0
1661.98	0
1662.2	0
1662.42	1
1662.64	0
1662.86	0
1663.08	1
1663.3	0
1663.52	0
1663.74	0
1663.96	0
1664.18	0
1664.4	0
1664.62	0
1664.84	0
1665.06	0
1665.28	0
1665.5	0
1665.72	0
1665.94	0
1666.16	0
1666.38	0
1666.6	0
1666.82	0
1667.04	0
1667.26	0
1667.48	0
1667.7	1
1667.92	0
1668.14	0
1668.36	0
1668.58	0
1668.8	0
1669.02	0
1669.24	0
1669.46	0
1669.68	0
1669.9	0
1670.12	0
1670.34	0
1670.56	1
1670.78	0
1671	1
1671.22	0
1671.44	0
1671.66	0
1671.88	0
1672.1	0
1672.32	0
1672.54	0
1672.76	0
1672.98	0
1673.2	0
1673.42	0
1673.64	0
1673.86	0
1674.08	0
1674.3	0
1674.52	0
1674.74	0
1674.96	0
1675.18	0
1675.4	0
1675.62	0
1675.84	0
1676.06	0
1676.28	0
1676.5	0
1676.72	0
1676.94	0
1677.16	0
1677.38	0
1677.6	0
1677.82	0
1678.04	0
1678.26	0
1678.48	0
1678.7	0
1678.92	0
1679.14	0
1679.36	0
1679.58	0
1679.8	0
1680.02	0
1680.24	0
1680.46	0
1680.68	0
1680.9	0
1681.12	0
1681.34	0
1681.56	0
1681.78	0
1682	0
1682.22	0
1682.44	0
1682.66	0
1682.88	0
1683.1	0
1683.32	0
1683.54	0
1683.76	0
1683.99	0
1684.21	0
1684.43	0
1684.65	0
1684.87	0
1685.09	0
1685.31	0
1685.53	0
1685.75	0
1685.97	0
1686.19	0
1686.41	0
1686.63	0
1686.85	0
1687.07	0
1687.29	0
1687.51	0
1687.73	0
1687.95	0
1688.17	0
1688.39	0
1688.61	0
1688.83	0
1689.05	0
1689.27	0
1689.49	0
1689.71	0
1689.93	0
1690.15	0
1690.37	0
1690.59	0
1690.81	0
1691.03	0
1691.25	0
1691.47	0
1691.69	0
1691.91	0
1692.13	0
1692.35	0
1692.57	0
1692.79	0
1693.01	0
1693.23	0
1693.45	0
1693.67	0
1693.89	0
1694.11	0
1694.33	0
1694.55	0
1694.77	0
1694.99	1
1695.21	1
1695.43	0
1695.65	0
1695.87	0
1696.09	0
1696.31	0
1696.53	0
1696.75	0
1696.97	0
1697.19	0
1697.41	0
1697.63	0
1697.85	0
1698.07	0
1698.29	0
1698.51	0
1698.73	0
1698.95	0
1699.17	0
1699.39	0
1699.61	0
1699.83	1
1700.05	0
1700.27	0
1700.49	0
1700.71	0
1700.93	0
1701.15	0
1701.37	0
1701.59	0
1701.81	1
1702.03	0
1702.25	0
1702.47	0
1702.69	0
1702.91	0
1703.13	0
1703.35	0
1703.57	0
1703.79	0
1704.01	0
1704.23	0
1704.45	0
1704.67	0
1704.89	0
1705.11	0
1705.33	0
1705.55	0
1705.77	0
1706	0
1706.22	0
1706.44	0
1706.66	0
1706.88	0
1707.1	0
1707.32	0
1707.54	0
1707.76	0
1707.98	0
1708.2	0
1708.42	0
1708.64	0
1708.86	0
1709.08	0
1709.3	0
1709.52	0
1709.74	0
1709.96	0
1710.18	0
1710.4	0
1710.62	0
1710.84	0
1711.06	0
1711.28	0
1711.5	0
1711.72	0
1711.94	0
1712.16	0
1712.38	0
1712.6	0
1712.82	0
1713.04	0
1713.26	0
1713.48	0
1713.7	0
1713.92	0
1714.14	0
1714.36	0
1714.58	0
1714.8	0
1715.02	0
1715.24	0
1715.46	0
1715.68	0
1715.9	0
1716.12	0
1716.34	0
1716.56	0
1716.78	0
1717	0
1717.22	0
1717.44	0
1717.66	0
1717.88	0
1718.1	0
1718.32	0
1718.54	0
1718.76	0
1718.98	0
1719.2	0
1719.42	0
1719.64	0
1719.86	0
1720.08	0
1720.3	0
1720.52	0
1720.74	0
1720.96	0
1721.18	0
1721.4	0
1721.62	0
1721.84	0
1722.06	0
1722.28	0
1722.5	0
1722.72	0
1722.94	0
1723.16	0
1723.38	0
1723.6	0
1723.82	0
1724.04	0
1724.26	0
1724.48	0
1724.7	1
1724.92	0
1725.14	0
1725.36	0
1725.58	0
1725.8	0
1726.02	0
1726.24	0
1726.46	0
1726.68	0
1726.9	0
1727.12	0
1727.34	0
1727.56	0
1727.78	0
1728.01	0
1728.23	0
1728.45	0
1728.67	0
1728.89	0
1729.11	0
1729.33	0
1729.55	0
1729.77	0
1729.99	0
1730.21	0
1730.43	0
1730.65	0
1730.87	0
1731.09	0
1731.31	0
1731.53	0
1731.75	0
1731.97	0
1732.19	0
1732.41	0
1732.63	0
1732.85	0
1733.07	0
1733.29	0
1733.51	0
1733.73	0
1733.95	0
1734.17	0
1734.39	0
1734.61	0
1734.83	1
1735.05	0
1735.27	0
1735.49	0
1735.71	0
1735.93	0
1736.15	0
1736.37	0
1736.59	0
1736.81	0
1737.03	0
1737.25	0
1737.47	0
1737.69	0
1737.91	0
1738.13	0
1738.35	0
1738.57	0
1738.79	0
1739.01	0
1739.23	0
1739.45	0
1739.67	0
1739.89	0
1740.11	0
1740.33	0
1740.55	0
1740.77	1
1740.99	0
1741.21	0
1741.43	0
1741.65	0
1741.87	0
1742.09	0
1742.31	0
1742.53	0
1742.75	0
1742.97	0
1743.19	0
1743.41	0
1743.63	0
1743.85	0
1744.07	0
1744.29	0
1744.51	0
1744.73	0
1744.95	0
1745.17	0
1745.39	0
1745.61	0
1745.83	0
1746.05	0
1746.27	0
1746.49	0
1746.71	0
1746.93	0
1747.15	0
1747.37	0
1747.59	0
1747.81	0
1748.03	0
1748.25	0
1748.47	0
1748.69	0
1748.91	0
1749.13	0
1749.35	0
1749.57	0
1749.79	0
1750.02	0
1750.24	0
1750.46	0
1750.68	0
1750.9	0
1751.12	0
1751.34	0
1751.56	0
1751.78	0
1752	0
1752.22	0
1752.44	0
1752.66	0
1752.88	0
1753.1	0
1753.32	0
1753.54	0
1753.76	0
1753.98	0
1754.2	0
1754.42	1
1754.64	0
1754.86	0
1755.08	0
1755.3	0
1755.52	0
1755.74	0
1755.96	0
1756.18	0
1756.4	0
1756.62	0
1756.84	0
1757.06	0
1757.28	0
1757.5	0
1757.72	0
1757.94	0
1758.16	0
1758.38	0
1758.6	0
1758.82	0
1759.04	0
1759.26	0
1759.48	0
1759.7	0
1759.92	0
1760.14	0
1760.36	0
1760.58	0
1760.8	0
1761.02	1
1761.24	0
1761.46	0
1761.68	0
1761.9	0
1762.12	0
1762.34	0
1762.56	0
1762.78	0
1763	0
1763.22	0
1763.44	0
1763.66	0
1763.88	0
1764.1	0
1764.32	0
1764.54	0
1764.76	0
1764.98	0
1765.2	0
1765.42	0
1765.64	0
1765.86	0
1766.08	0
1766.3	0
1766.52	0
1766.74	0
1766.96	0
1767.18	0
1767.4	0
1767.62	0
1767.84	0
1768.06	0
1768.28	0
1768.5	0
1768.72	0
1768.94	0
1769.16	0
1769.38	0
1769.6	0
1769.82	0
1770.04	0
1770.26	1
1770.48	0
1770.7	0
1770.92	0
1771.14	0
1771.36	0
1771.58	0
1771.8	0
1772.03	0
1772.25	0
1772.47	0
1772.69	1
1772.91	0
1773.13	0
1773.35	0
1773.57	0
1773.79	0
1774.01	0
1774.23	0
1774.45	0
1774.67	0
1774.89	0
1775.11	0
1775.33	0
1775.55	0
1775.77	0
1775.99	0
1776.21	0
1776.43	0
1776.65	0
1776.87	0
1777.09	0
1777.31	0
1777.53	0
1777.75	1
1777.97	0
1778.19	0
1778.41	0
1778.63	0
1778.85	0
1779.07	0
1779.29	0
1779.51	0
1779.73	0
1779.95	0
1780.17	0
1780.39	0
1780.61	1
1780.83	0
1781.05	0
1781.27	0
1781.49	0
1781.71	0
1781.93	0
1782.15	0
1782.37	0
1782.59	0
1782.81	0
1783.03	0
1783.25	0
1783.47	0
1783.69	0
1783.91	0
1784.13	0
1784.35	0
1784.57	0
1784.79	0
1785.01	0
1785.23	0
1785.45	0
1785.67	0
1785.89	0
1786.11	0
1786.33	0
1786.55	0
1786.77	0
1786.99	0
1787.21	0
1787.43	0
1787.65	0
1787.87	0
1788.09	0
1788.31	0
1788.53	0
1788.75	0
1788.97	0
1789.19	0
1789.41	0
1789.63	0
1789.85	0
1790.07	0
1790.29	0
1790.51	0
1790.73	0
1790.95	0
1791.17	0
1791.39	0
1791.61	0
1791.83	0
1792.05	0
1792.27	0
1792.49	0
1792.71	0
1792.93	0
1793.15	0
1793.37	0
1793.59	0
1793.81	0
1794.04	0
1794.26	0
1794.48	0
1794.7	0
1794.92	0
1795.14	0
1795.36	0
1795.58	0
1795.8	0
1796.02	0
1796.24	0
1796.46	0
1796.68	0
1796.9	0
1797.12	0
1797.34	0
1797.56	0
1797.78	0
1798	0
1798.22	0
1798.44	0
1798.66	0
1798.88	0
1799.1	0
1799.32	0
1799.54	0
1799.76	0
1799.98	0
1800.2	0
1800.42	0
1800.64	0
1800.86	0
1801.08	0
1801.3	0
1801.52	0
1801.74	0
1801.96	0
1802.18	0
1802.4	0
1802.62	0
1802.84	0
