-5.15587e-020	0
0.2201	0
0.4402	0
0.6603	0
0.8804	0
1.1005	0
1.3206	0
1.5407	0
1.7608	0
1.9809	0
2.201	0
2.4211	0
2.6412	0
2.8613	0
3.0814	0
3.3015	0
3.5216	0
3.7417	0
3.9618	0
4.1819	0
4.402	0
4.6221	0
4.8422	0
5.0623	0
5.2824	0
5.5025	0
5.7226	0
5.9427	0
6.1628	0
6.3829	0
6.603	0
6.8231	0
7.0432	0
7.2633	0
7.4834	9
7.7035	43
7.9236	147
8.1437	279
8.3638	312
8.5839	277
8.804	302
9.0241	316
9.2442	289
9.4643	289
9.6844	276
9.9045	289
10.1246	284
10.3447	334
10.5648	293
10.7849	288
11.005	314
11.2251	285
11.4452	285
11.6653	281
11.8854	276
12.1055	292
12.3256	294
12.5457	280
12.7658	294
12.9859	288
13.206	251
13.4261	277
13.6462	254
13.8663	292
14.0864	264
14.3065	278
14.5266	278
14.7467	269
14.9668	224
15.1869	271
15.407	286
15.6271	280
15.8472	287
16.0673	256
16.2874	316
16.5075	299
16.7276	294
16.9477	268
17.1678	279
17.3879	304
17.608	281
17.8281	306
18.0482	313
18.2683	284
18.4884	293
18.7085	292
18.9286	270
19.1487	290
19.3688	282
19.5889	320
19.809	312
20.0291	286
20.2492	302
20.4693	360
20.6894	322
20.9095	366
21.1296	377
21.3497	340
21.5698	334
21.7899	393
22.01	373
22.2301	369
22.4502	383
22.6703	325
22.8904	407
23.1105	374
23.3306	374
23.5507	390
23.7708	376
23.9909	429
24.211	406
24.4311	434
24.6512	472
24.8713	526
25.0914	571
25.3115	620
25.5316	723
25.7517	843
25.9718	954
26.1919	1049
26.412	1151
26.6321	1104
26.8522	942
27.0723	803
27.2924	680
27.5125	696
27.7326	691
27.9527	793
28.1728	762
28.3929	832
28.613	923
28.8331	924
29.0532	995
29.2733	1067
29.4934	1123
29.7135	1268
29.9336	1293
30.1537	1497
30.3738	1663
30.5939	2076
30.814	2360
31.0341	2811
31.2542	3029
31.4743	3388
31.6944	3195
31.9145	3241
32.1346	3137
32.3547	2875
32.5748	2826
32.7949	2728
33.015	2532
33.2351	2482
33.4552	2473
33.6753	2544
33.8954	2488
34.1155	2560
34.3356	2457
34.5557	2783
34.7758	2866
34.9959	3433
35.216	5512
35.4361	9803
35.6562	17191
35.8763	25773
36.0964	33246
36.3165	38157
36.5366	38160
36.7567	29603
36.9768	16913
37.1969	7317
37.417	2673
37.6371	1261
37.8572	939
38.0773	873
38.2974	868
38.5175	898
38.7376	1023
38.9577	1040
39.1778	1187
39.3979	1172
39.618	1056
39.8381	956
40.0582	754
40.2783	727
40.4984	766
40.7185	852
40.9386	1259
41.1587	2444
41.3788	5128
41.5989	8372
41.819	10369
42.0391	9041
42.2592	5837
42.4793	3321
42.6994	2648
42.9195	2980
43.1396	2872
43.3597	2256
43.5798	1268
43.7999	688
44.02	345
44.2401	246
44.4602	240
44.6803	274
44.9004	321
45.1205	323
45.3406	316
45.5607	280
45.7808	221
46.0009	230
46.221	239
46.4411	251
46.6612	244
46.8813	211
47.1014	222
47.3215	202
47.5416	189
47.7617	216
47.9818	196
48.2019	202
48.422	180
48.6421	196
48.8622	211
49.0823	231
49.3024	194
49.5225	222
49.7426	223
49.9627	190
50.1828	165
50.4029	208
50.623	194
50.8431	177
51.0632	211
51.2833	208
51.5034	181
51.7235	198
51.9436	180
52.1637	168
52.3838	209
52.6039	187
52.824	194
53.0441	202
53.2642	204
53.4843	181
53.7044	207
53.9245	216
54.1446	185
54.3647	179
54.5848	203
54.8049	194
55.025	224
55.2451	210
55.4652	205
55.6853	185
55.9054	208
56.1255	234
56.3456	195
56.5657	199
56.7858	197
57.0059	201
57.226	190
57.4461	202
57.6662	223
57.8863	208
58.1064	197
58.3265	224
58.5466	220
58.7667	203
58.9868	222
59.2069	182
59.427	209
59.6471	230
59.8672	208
60.0873	215
60.3074	236
60.5275	181
60.7476	229
60.9677	250
61.1878	245
61.4079	234
61.628	214
61.8481	250
62.0682	230
62.2883	221
62.5084	254
62.7285	228
62.9486	239
63.1687	230
63.3888	262
63.6089	229
63.829	224
64.0491	244
64.2692	247
64.4893	220
64.7094	221
64.9295	225
65.1496	215
65.3697	248
65.5898	292
65.8099	278
66.03	282
66.2501	277
66.4702	300
66.6903	268
66.9104	283
67.1305	274
67.3506	274
67.5707	260
67.7908	246
68.0109	285
68.231	246
68.4511	270
68.6712	307
68.8913	300
69.1114	356
69.3315	375
69.5516	429
69.7717	406
69.9918	321
70.2119	319
70.432	335
70.6521	328
70.8722	372
71.0923	430
71.3124	504
71.5325	579
71.7526	630
71.9727	561
72.1928	486
72.4129	383
72.633	333
72.8531	364
73.0732	337
73.2933	353
73.5134	391
73.7335	358
73.9536	343
74.1737	311
74.3938	343
74.6139	316
74.834	373
75.0541	342
75.2742	412
75.4943	435
75.7144	516
75.9345	574
76.1546	686
76.3747	719
76.5948	768
76.8149	787
77.035	670
77.2551	544
77.4752	436
77.6953	404
77.9154	321
78.1355	336
78.3556	376
78.5757	394
78.7958	402
79.0159	408
79.236	436
79.4561	461
79.6762	452
79.8963	475
80.1164	529
80.3365	493
80.5566	500
80.7767	576
80.9968	613
81.2169	680
81.437	772
81.6571	756
81.8772	807
82.0973	817
82.3174	713
82.5375	634
82.7576	588
82.9777	586
83.1978	546
83.4179	515
83.638	504
83.8581	482
84.0782	501
84.2983	453
84.5184	453
84.7385	402
84.9586	474
85.1787	418
85.3988	400
85.6189	413
85.839	430
86.0591	352
86.2792	398
86.4993	365
86.7194	386
86.9395	343
87.1596	403
87.3797	387
87.5998	383
87.8199	400
88.04	411
88.2601	327
88.4802	370
88.7003	390
88.9204	354
89.1405	325
89.3606	353
89.5807	320
89.8008	334
90.0209	332
90.241	342
90.4611	316
90.6812	317
90.9013	300
91.1214	323
91.3415	325
91.5616	310
91.7817	361
92.0018	340
92.2219	296
92.442	292
92.6621	320
92.8822	312
93.1023	319
93.3224	285
93.5425	313
93.7626	279
93.9827	326
94.2028	274
94.4229	284
94.643	294
94.8631	304
95.0832	283
95.3033	273
95.5234	272
95.7435	319
95.9636	321
96.1837	273
96.4038	275
96.6239	293
96.844	279
97.0641	287
97.2842	320
97.5043	281
97.7244	271
97.9445	265
98.1646	266
98.3847	284
98.6048	282
98.8249	237
99.045	306
99.2651	264
99.4852	282
99.7053	286
99.9254	264
100.146	275
100.366	302
100.586	287
100.806	282
101.026	258
101.246	272
101.466	279
101.686	263
101.906	275
102.126	259
102.346	238
102.567	302
102.787	264
103.007	269
103.227	268
103.447	280
103.667	265
103.887	259
104.107	300
104.327	260
104.548	276
104.768	285
104.988	278
105.208	259
105.428	243
105.648	287
105.868	261
106.088	252
106.308	236
106.528	264
106.748	279
106.969	278
107.189	252
107.409	288
107.629	305
107.849	259
108.069	260
108.289	284
108.509	274
108.729	251
108.95	326
109.17	285
109.39	315
109.61	283
109.83	250
110.05	289
110.27	289
110.49	280
110.71	297
110.93	276
111.15	290
111.371	286
111.591	279
111.811	298
112.031	245
112.251	271
112.471	297
112.691	255
112.911	260
113.131	287
113.352	263
113.572	299
113.792	278
114.012	284
114.232	258
114.452	282
114.672	310
114.892	323
115.112	284
115.332	288
115.552	294
115.773	292
115.993	268
116.213	303
116.433	302
116.653	347
116.873	361
117.093	360
117.313	366
117.533	447
117.753	718
117.974	1777
118.194	4796
118.414	10120
118.634	16513
118.854	19868
119.074	17303
119.294	11090
119.514	5220
119.734	1935
119.955	692
120.175	329
120.395	286
120.615	236
120.835	245
121.055	229
121.275	216
121.495	203
121.715	199
121.935	228
122.155	215
122.376	224
122.596	223
122.816	217
123.036	218
123.256	227
123.476	231
123.696	187
123.916	216
124.136	205
124.357	193
124.577	203
124.797	199
125.017	212
125.237	227
125.457	236
125.677	245
125.897	231
126.117	237
126.337	217
126.557	204
126.778	211
126.998	212
127.218	185
127.438	167
127.658	181
127.878	212
128.098	203
128.318	197
128.538	190
128.759	194
128.979	181
129.199	187
129.419	220
129.639	205
129.859	176
130.079	205
130.299	215
130.519	200
130.739	184
130.959	210
131.18	203
131.4	207
131.62	184
131.84	188
132.06	190
132.28	181
132.5	190
132.72	218
132.94	209
133.16	178
133.381	191
133.601	221
133.821	172
134.041	188
134.261	176
134.481	204
134.701	169
134.921	200
135.141	179
135.362	208
135.582	182
135.802	189
136.022	198
136.242	162
136.462	175
136.682	185
136.902	211
137.122	196
137.342	194
137.563	189
137.783	190
138.003	176
138.223	185
138.443	209
138.663	197
138.883	206
139.103	170
139.323	185
139.543	220
139.763	192
139.984	160
140.204	199
140.424	154
140.644	175
140.864	184
141.084	173
141.304	183
141.524	221
141.744	197
141.964	194
142.185	210
142.405	189
142.625	183
142.845	178
143.065	198
143.285	213
143.505	201
143.725	222
143.945	201
144.165	215
144.386	231
144.606	210
144.826	233
145.046	260
145.266	245
145.486	243
145.706	234
145.926	229
146.146	200
146.367	214
146.587	237
146.807	232
147.027	221
147.247	209
147.467	213
147.687	219
147.907	215
148.127	222
148.347	239
148.568	236
148.788	239
149.008	222
149.228	243
149.448	238
149.668	212
149.888	229
150.108	253
150.328	248
150.548	247
150.768	252
150.989	242
151.209	240
151.429	248
151.649	239
151.869	251
152.089	228
152.309	249
152.529	256
152.749	227
152.969	256
153.19	243
153.41	307
153.63	265
153.85	282
154.07	293
154.29	305
154.51	316
154.73	296
154.95	281
155.171	262
155.391	277
155.611	245
155.831	296
156.051	280
156.271	243
156.491	267
156.711	275
156.931	258
157.151	298
157.372	267
157.592	288
157.812	296
158.032	353
158.252	533
158.472	672
158.692	923
158.912	985
159.132	1106
159.352	994
159.572	778
159.793	497
160.013	363
160.233	248
160.453	230
160.673	207
160.893	199
161.113	224
161.333	230
161.553	217
161.773	199
161.994	204
162.214	196
162.434	191
162.654	214
162.874	219
163.094	183
163.314	202
163.534	208
163.754	235
163.975	311
164.195	362
164.415	394
164.635	445
164.855	365
165.075	303
165.295	273
165.515	253
165.735	262
165.955	229
166.176	235
166.396	188
166.616	210
166.836	174
167.056	196
167.276	186
167.496	168
167.716	184
167.936	191
168.156	180
168.376	190
168.597	179
168.817	200
169.037	181
169.257	179
169.477	187
169.697	198
169.917	147
170.137	174
170.357	168
170.577	177
170.798	180
171.018	173
171.238	180
171.458	206
171.678	181
171.898	180
172.118	162
172.338	187
172.558	170
172.778	176
172.999	177
173.219	189
173.439	195
173.659	177
173.879	198
174.099	175
174.319	167
174.539	175
174.759	157
174.98	167
175.2	175
175.42	184
175.64	160
175.86	174
176.08	193
176.3	185
176.52	186
176.74	175
176.96	167
177.18	188
177.401	206
177.621	192
177.841	178
178.061	204
178.281	173
178.501	167
178.721	167
178.941	172
179.161	187
179.381	160
179.602	173
179.822	175
180.042	173
180.262	167
180.482	156
180.702	161
180.922	179
181.142	172
181.362	166
181.582	169
181.803	188
182.023	199
182.243	184
182.463	177
182.683	160
182.903	152
183.123	180
183.343	163
183.563	155
183.784	181
184.004	187
184.224	180
184.444	177
184.664	185
184.884	160
185.104	160
185.324	168
185.544	167
185.764	171
185.985	195
186.205	180
186.425	193
186.645	164
186.865	157
187.085	163
187.305	171
187.525	172
187.745	178
187.965	190
188.185	160
188.406	184
188.626	166
188.846	168
189.066	168
189.286	181
189.506	182
189.726	143
189.946	198
190.166	186
190.386	167
190.607	169
190.827	176
191.047	203
191.267	178
191.487	154
191.707	179
191.927	177
192.147	182
192.367	168
192.587	178
192.808	171
193.028	175
193.248	179
193.468	154
193.688	183
193.908	175
194.128	180
194.348	176
194.568	194
194.789	148
195.009	164
195.229	163
195.449	180
195.669	140
195.889	155
196.109	141
196.329	169
196.549	151
196.769	158
196.989	148
197.21	156
197.43	146
197.65	145
197.87	171
198.09	145
198.31	155
198.53	128
198.75	158
198.97	141
199.19	154
199.411	148
199.631	149
199.851	151
200.071	153
200.291	153
200.511	149
200.731	160
200.951	143
201.171	132
201.391	134
201.612	151
201.832	148
202.052	152
202.272	134
202.492	166
202.712	137
202.932	146
203.152	138
203.372	148
203.593	152
203.813	129
204.033	138
204.253	143
204.473	159
204.693	145
204.913	131
205.133	163
205.353	136
205.573	139
205.793	128
206.014	145
206.234	144
206.454	130
206.674	130
206.894	142
207.114	144
207.334	137
207.554	159
207.774	123
207.994	129
208.215	120
208.435	141
208.655	141
208.875	141
209.095	151
209.315	143
209.535	140
209.755	141
209.975	149
210.195	147
210.416	132
210.636	125
210.856	129
211.076	133
211.296	122
211.516	138
211.736	162
211.956	128
212.176	125
212.397	140
212.617	130
212.837	132
213.057	134
213.277	151
213.497	155
213.717	136
213.937	144
214.157	132
214.377	109
214.598	139
214.818	150
215.038	119
215.258	137
215.478	155
215.698	140
215.918	135
216.138	144
216.358	130
216.578	110
216.798	133
217.019	126
217.239	129
217.459	103
217.679	118
217.899	142
218.119	124
218.339	136
218.559	107
218.779	139
218.999	107
219.22	117
219.44	131
219.66	122
219.88	141
220.1	141
220.32	137
220.54	125
220.76	123
220.98	110
221.2	113
221.421	149
221.641	132
221.861	120
222.081	129
222.301	132
222.521	126
222.741	144
222.961	125
223.181	127
223.402	122
223.622	124
223.842	107
224.062	103
224.282	119
224.502	125
224.722	122
224.942	133
225.162	117
225.382	127
225.602	105
225.823	121
226.043	124
226.263	110
226.483	125
226.703	108
226.923	113
227.143	125
227.363	108
227.583	100
227.803	115
228.024	110
228.244	133
228.464	119
228.684	101
228.904	124
229.124	113
229.344	97
229.564	108
229.784	104
230.004	123
230.225	109
230.445	122
230.665	117
230.885	111
231.105	120
231.325	120
231.545	126
231.765	112
231.985	112
232.206	123
232.426	108
232.646	105
232.866	122
233.086	96
233.306	94
233.526	112
233.746	94
233.966	109
234.186	92
234.406	104
234.627	115
234.847	113
235.067	112
235.287	130
235.507	115
235.727	131
235.947	96
236.167	106
236.387	133
236.607	112
236.828	126
237.048	99
237.268	93
237.488	111
237.708	111
237.928	104
238.148	102
238.368	101
238.588	138
238.808	128
239.029	110
239.249	122
239.469	96
239.689	101
239.909	118
240.129	120
240.349	107
240.569	110
240.789	113
241.01	127
241.23	129
241.45	160
241.67	289
241.89	640
242.11	1194
242.33	1798
242.55	2273
242.77	2134
242.99	1761
243.211	1009
243.431	531
243.651	295
243.871	146
244.091	102
244.311	115
244.531	98
244.751	103
244.971	102
245.191	82
245.411	111
245.632	107
245.852	73
246.072	116
246.292	108
246.512	101
246.732	100
246.952	101
247.172	93
247.392	94
247.612	98
247.833	100
248.053	90
248.273	117
248.493	98
248.713	117
248.933	122
249.153	103
249.373	124
249.593	146
249.813	126
250.034	112
250.254	108
250.474	107
250.694	104
250.914	101
251.134	89
251.354	100
251.574	103
251.794	114
252.015	93
252.235	105
252.455	96
252.675	112
252.895	106
253.115	88
253.335	112
253.555	82
253.775	111
253.995	93
254.215	86
254.436	103
254.656	103
254.876	92
255.096	81
255.316	93
255.536	110
255.756	93
255.976	97
256.196	80
256.416	92
256.637	80
256.857	91
257.077	74
257.297	97
257.517	85
257.737	74
257.957	90
258.177	84
258.397	93
258.618	89
258.838	92
259.058	93
259.278	98
259.498	69
259.718	84
259.938	100
260.158	85
260.378	101
260.598	87
260.818	75
261.039	92
261.259	87
261.479	79
261.699	88
261.919	79
262.139	87
262.359	85
262.579	90
262.799	81
263.019	85
263.24	90
263.46	97
263.68	86
263.9	89
264.12	71
264.34	65
264.56	99
264.78	80
265	84
265.221	79
265.441	95
265.661	85
265.881	99
266.101	86
266.321	81
266.541	61
266.761	88
266.981	73
267.201	99
267.421	80
267.642	89
267.862	102
268.082	91
268.302	74
268.522	97
268.742	109
268.962	105
269.182	115
269.402	93
269.623	92
269.843	101
270.063	100
270.283	90
270.503	91
270.723	86
270.943	79
271.163	76
271.383	98
271.603	78
271.823	83
272.044	103
272.264	78
272.484	72
272.704	90
272.924	73
273.144	90
273.364	106
273.584	86
273.804	97
274.024	97
274.245	82
274.465	72
274.685	79
274.905	74
275.125	96
275.345	81
275.565	96
275.785	85
276.005	77
276.226	96
276.446	102
276.666	85
276.886	89
277.106	88
277.326	89
277.546	79
277.766	85
277.986	85
278.206	100
278.426	86
278.647	101
278.867	82
279.087	87
279.307	85
279.527	83
279.747	88
279.967	92
280.187	103
280.407	99
280.628	79
280.848	97
281.068	93
281.288	109
281.508	88
281.728	99
281.948	133
282.168	182
282.388	196
282.608	239
282.828	218
283.049	183
283.269	174
283.489	131
283.709	98
283.929	97
284.149	72
284.369	81
284.589	70
284.809	80
285.029	78
285.25	67
285.47	75
285.69	79
285.91	75
286.13	57
286.35	62
286.57	73
286.79	79
287.01	76
287.231	99
287.451	83
287.671	82
287.891	95
288.111	107
288.331	101
288.551	94
288.771	94
288.991	64
289.211	76
289.431	73
289.652	78
289.872	70
290.092	68
290.312	80
290.532	69
290.752	66
290.972	79
291.192	76
291.412	58
291.632	54
291.853	73
292.073	71
292.293	70
292.513	74
292.733	67
292.953	70
293.173	86
293.393	84
293.613	117
293.834	133
294.054	175
294.274	186
294.494	150
294.714	123
294.934	104
295.154	91
295.374	67
295.594	77
295.814	82
296.034	58
296.255	80
296.475	59
296.695	69
296.915	71
297.135	70
297.355	61
297.575	69
297.795	63
298.015	72
298.236	72
298.456	71
298.676	58
298.896	71
299.116	67
299.336	69
299.556	78
299.776	53
299.996	68
300.216	69
300.436	66
300.657	69
300.877	62
301.097	89
301.317	85
301.537	80
301.757	68
301.977	69
302.197	66
302.417	63
302.637	71
302.858	68
303.078	43
303.298	59
303.518	53
303.738	66
303.958	59
304.178	65
304.398	68
304.618	54
304.839	55
305.059	57
305.279	61
305.499	55
305.719	89
305.939	60
306.159	63
306.379	61
306.599	71
306.819	70
307.039	58
307.26	69
307.48	79
307.7	74
307.92	58
308.14	66
308.36	71
308.58	88
308.8	59
309.02	65
309.241	76
309.461	53
309.681	57
309.901	53
310.121	69
310.341	68
310.561	66
310.781	66
311.001	60
311.221	76
311.441	55
311.662	68
311.882	60
312.102	49
312.322	73
312.542	60
312.762	80
312.982	70
313.202	69
313.422	74
313.642	84
313.863	79
314.083	67
314.303	67
314.523	74
314.743	71
314.963	68
315.183	74
315.403	69
315.623	74
315.844	66
316.064	49
316.284	86
316.504	49
316.724	61
316.944	69
317.164	59
317.384	60
317.604	64
317.824	59
318.044	60
318.265	63
318.485	77
318.705	64
318.925	57
319.145	58
319.365	57
319.585	66
319.805	62
320.025	56
320.245	62
320.466	63
320.686	69
320.906	52
321.126	58
321.346	55
321.566	49
321.786	60
322.006	65
322.226	71
322.446	79
322.667	84
322.887	97
323.107	85
323.327	85
323.547	71
323.767	81
323.987	68
324.207	63
324.427	76
324.647	60
324.868	53
325.088	57
325.308	69
325.528	58
325.748	64
325.968	69
326.188	63
326.408	60
326.628	49
326.849	67
327.069	86
327.289	76
327.509	84
327.729	81
327.949	84
328.169	90
328.389	75
328.609	63
328.829	67
329.049	68
329.27	73
329.49	49
329.71	54
329.93	57
330.15	61
330.37	50
330.59	52
330.81	51
331.03	49
331.25	54
331.471	61
331.691	62
331.911	59
332.131	63
332.351	70
332.571	57
332.791	62
333.011	65
333.231	70
333.452	58
333.672	59
333.892	67
334.112	68
334.332	44
334.552	72
334.772	62
334.992	64
335.212	65
335.432	73
335.652	61
335.873	56
336.093	62
336.313	46
336.533	57
336.753	72
336.973	63
337.193	67
337.413	53
337.633	50
337.854	64
338.074	54
338.294	65
338.514	60
338.734	62
338.954	73
339.174	65
339.394	82
339.614	64
339.834	60
340.054	74
340.275	77
340.495	72
340.715	63
340.935	81
341.155	113
341.375	161
341.595	361
341.815	862
342.035	1794
342.255	3166
342.476	4804
342.696	5803
342.916	5577
343.136	4425
343.356	2817
343.576	1512
343.796	653
344.016	246
344.236	102
344.457	74
344.677	69
344.897	65
345.117	53
345.337	65
345.557	48
345.777	51
345.997	59
346.217	47
346.437	62
346.657	62
346.878	45
347.098	54
347.318	44
347.538	39
347.758	40
347.978	56
348.198	54
348.418	49
348.638	60
348.858	55
349.079	53
349.299	68
349.519	44
349.739	52
349.959	49
350.179	61
350.399	59
350.619	66
350.839	53
351.059	46
351.28	57
351.5	55
351.72	62
351.94	44
352.16	68
352.38	54
352.6	49
352.82	62
353.04	46
353.26	50
353.481	52
353.701	59
353.921	46
354.141	38
354.361	54
354.581	47
354.801	50
355.021	68
355.241	46
355.462	41
355.682	47
355.902	60
356.122	54
356.342	50
356.562	51
356.782	43
357.002	53
357.222	56
357.442	59
357.662	57
357.883	51
358.103	56
358.323	46
358.543	58
358.763	46
358.983	50
359.203	51
359.423	46
359.643	57
359.863	46
360.084	50
360.304	49
360.524	45
360.744	45
360.964	51
361.184	58
361.404	47
361.624	52
361.844	42
362.065	46
362.285	38
362.505	44
362.725	39
362.945	55
363.165	55
363.385	55
363.605	63
363.825	68
364.045	48
364.265	73
364.486	91
364.706	130
364.926	129
365.146	128
365.366	150
365.586	122
365.806	135
366.026	167
366.246	218
366.467	194
366.687	171
366.907	141
367.127	103
367.347	81
367.567	50
367.787	61
368.007	62
368.227	67
368.447	48
368.667	47
368.888	42
369.108	58
369.328	55
369.548	37
369.768	52
369.988	55
370.208	43
370.428	56
370.648	40
370.868	61
371.089	47
371.309	55
371.529	60
371.749	41
371.969	45
372.189	53
372.409	45
372.629	41
372.849	36
373.07	46
373.29	32
373.51	58
373.73	53
373.95	47
374.17	49
374.39	49
374.61	51
374.83	45
375.05	55
375.27	52
375.491	60
375.711	42
375.931	45
376.151	43
376.371	59
376.591	45
376.811	66
377.031	43
377.251	59
377.471	52
377.692	56
377.912	61
378.132	50
378.352	51
378.572	50
378.792	47
379.012	43
379.232	59
379.452	38
379.672	45
379.893	56
380.113	55
380.333	53
380.553	44
380.773	50
380.993	53
381.213	43
381.433	51
381.653	51
381.873	52
382.094	41
382.314	46
382.534	54
382.754	50
382.974	55
383.194	47
383.414	65
383.634	58
383.854	59
384.075	48
384.295	46
384.515	67
384.735	47
384.955	53
385.175	57
385.395	40
385.615	55
385.835	46
386.055	54
386.275	46
386.496	44
386.716	44
386.936	49
387.156	58
387.376	37
387.596	46
387.816	58
388.036	48
388.256	42
388.476	41
388.697	48
388.917	43
389.137	44
389.357	51
389.577	44
389.797	38
390.017	49
390.237	46
390.457	40
390.678	39
390.898	40
391.118	52
391.338	51
391.558	42
391.778	45
391.998	47
392.218	56
392.438	39
392.658	44
392.878	50
393.099	45
393.319	51
393.539	41
393.759	49
393.979	35
394.199	55
394.419	47
394.639	44
394.859	50
395.08	41
395.3	50
395.52	46
395.74	44
395.96	43
396.18	51
396.4	48
396.62	48
396.84	55
397.06	48
397.28	55
397.501	40
397.721	38
397.941	39
398.161	46
398.381	49
398.601	51
398.821	48
399.041	50
399.261	41
399.481	47
399.702	40
399.922	37
400.142	46
400.362	43
400.582	46
400.802	37
401.022	42
401.242	37
401.462	36
401.683	35
401.903	46
402.123	44
402.343	32
402.563	43
402.783	44
403.003	42
403.223	34
403.443	45
403.663	44
403.883	42
404.104	36
404.324	49
404.544	53
404.764	52
404.984	49
405.204	51
405.424	54
405.644	50
405.864	44
406.084	55
406.305	38
406.525	43
406.745	38
406.965	32
407.185	49
407.405	39
407.625	38
407.845	38
408.065	44
408.285	51
408.506	54
408.726	55
408.946	75
409.166	137
409.386	231
409.606	294
409.826	335
410.046	420
410.266	330
410.486	277
410.707	169
410.927	94
411.147	67
411.367	47
411.587	48
411.807	53
412.027	40
412.247	44
412.467	49
412.688	41
412.908	53
413.128	39
413.348	37
413.568	51
413.788	46
414.008	43
414.228	51
414.448	52
414.668	58
414.888	61
415.109	62
415.329	50
415.549	50
415.769	53
415.989	42
416.209	33
416.429	48
416.649	39
416.869	45
417.089	40
417.31	45
417.53	53
417.75	46
417.97	36
418.19	46
418.41	50
418.63	40
418.85	39
419.07	38
419.291	50
419.511	31
419.731	43
419.951	48
420.171	40
420.391	47
420.611	38
420.831	51
421.051	33
421.271	38
421.491	40
421.712	51
421.932	36
422.152	29
422.372	29
422.592	43
422.812	46
423.032	42
423.252	37
423.472	46
423.693	44
423.913	35
424.133	39
424.353	42
424.573	42
424.793	56
425.013	36
425.233	35
425.453	50
425.673	59
425.893	44
426.114	47
426.334	40
426.554	26
426.774	41
426.994	42
427.214	47
427.434	40
427.654	38
427.874	49
428.094	38
428.315	45
428.535	53
428.755	52
428.975	39
429.195	35
429.415	40
429.635	38
429.855	38
430.075	38
430.296	49
430.516	28
430.736	49
430.956	40
431.176	31
431.396	35
431.616	35
431.836	46
432.056	34
432.276	37
432.496	46
432.717	44
432.937	42
433.157	45
433.377	45
433.597	34
433.817	48
434.037	50
434.257	41
434.477	42
434.697	42
434.918	48
435.138	50
435.358	59
435.578	47
435.798	43
436.018	52
436.238	34
436.458	44
436.678	34
436.898	47
437.119	43
437.339	38
437.559	39
437.779	49
437.999	45
438.219	34
438.439	39
438.659	44
438.879	32
439.099	50
439.32	53
439.54	30
439.76	47
439.98	36
440.2	36
440.42	55
440.64	39
440.86	51
441.08	56
441.301	52
441.521	50
441.741	62
441.961	101
442.181	166
442.401	234
442.621	344
442.841	420
443.061	456
443.281	359
443.501	320
443.722	205
443.942	127
444.162	96
444.382	65
444.602	33
444.822	50
445.042	33
445.262	44
445.482	34
445.702	44
445.923	35
446.143	44
446.363	41
446.583	47
446.803	26
447.023	34
447.243	43
447.463	45
447.683	37
447.904	39
448.124	47
448.344	48
448.564	32
448.784	38
449.004	41
449.224	36
449.444	44
449.664	36
449.884	35
450.104	48
450.325	41
450.545	39
450.765	33
450.985	38
451.205	41
451.425	28
451.645	46
451.865	36
452.085	40
452.305	50
452.526	38
452.746	39
452.966	43
453.186	47
453.406	47
453.626	38
453.846	38
454.066	47
454.286	43
454.506	41
454.727	39
454.947	48
455.167	41
455.387	52
455.607	49
455.827	37
456.047	38
456.267	38
456.487	42
456.707	47
456.928	39
457.148	48
457.368	53
457.588	42
457.808	41
458.028	54
458.248	45
458.468	39
458.688	40
458.909	45
459.129	35
459.349	44
459.569	44
459.789	45
460.009	30
460.229	47
460.449	41
460.669	53
460.889	47
461.109	46
461.33	39
461.55	39
461.77	38
461.99	36
462.21	45
462.43	35
462.65	33
462.87	33
463.09	48
463.31	47
463.531	46
463.751	41
463.971	31
464.191	46
464.411	49
464.631	38
464.851	55
465.071	57
465.291	48
465.511	56
465.732	47
465.952	38
466.172	38
466.392	47
466.612	40
466.832	46
467.052	45
467.272	41
467.492	31
467.712	41
467.933	30
468.153	40
468.373	36
468.593	30
468.813	37
469.033	42
469.253	43
469.473	36
469.693	39
469.914	37
470.134	38
470.354	42
470.574	43
470.794	50
471.014	39
471.234	45
471.454	37
471.674	42
471.894	48
472.114	48
472.335	40
472.555	38
472.775	44
472.995	48
473.215	45
473.435	49
473.655	35
473.875	35
474.095	36
474.315	39
474.536	36
474.756	38
474.976	42
475.196	33
475.416	45
475.636	51
475.856	45
476.076	44
476.296	39
476.516	39
476.737	38
476.957	39
477.177	51
477.397	46
477.617	45
477.837	36
478.057	55
478.277	54
478.497	54
478.717	46
478.938	41
479.158	39
479.378	50
479.598	36
479.818	44
480.038	40
480.258	40
480.478	50
480.698	45
480.918	43
481.139	43
481.359	46
481.579	41
481.799	50
482.019	59
482.239	46
482.459	55
482.679	50
482.899	70
483.119	65
483.34	68
483.56	62
483.78	57
484	46
484.22	62
484.44	36
484.66	59
484.88	38
485.1	40
485.32	53
485.541	62
485.761	47
485.981	46
486.201	37
486.421	46
486.641	40
486.861	48
487.081	48
487.301	50
487.522	73
487.742	81
487.962	88
488.182	67
488.402	94
488.622	54
488.842	54
489.062	49
489.282	39
489.502	50
489.722	46
489.943	53
490.163	43
490.383	48
490.603	44
490.823	44
491.043	49
491.263	40
491.483	39
491.703	29
491.923	42
492.144	36
492.364	47
492.584	57
492.804	50
493.024	56
493.244	42
493.464	58
493.684	45
493.904	29
494.124	54
494.345	37
494.565	41
494.785	44
495.005	45
495.225	43
495.445	51
495.665	42
495.885	43
496.105	47
496.325	36
496.546	47
496.766	33
496.986	36
497.206	46
497.426	43
497.646	34
497.866	54
498.086	41
498.306	39
498.527	40
498.747	49
498.967	40
499.187	45
499.407	39
499.627	40
499.847	43
500.067	48
500.287	46
500.507	39
500.727	49
500.948	46
501.168	51
501.388	29
501.608	34
501.828	52
502.048	51
502.268	68
502.488	47
502.708	62
502.928	58
503.149	38
503.369	68
503.589	44
503.809	40
504.029	37
504.249	41
504.469	39
504.689	40
504.909	40
505.129	47
505.35	29
505.57	41
505.79	43
506.01	34
506.23	48
506.45	29
506.67	58
506.89	47
507.11	42
507.33	42
507.551	37
507.771	34
507.991	34
508.211	44
508.431	37
508.651	40
508.871	41
509.091	57
509.311	37
509.531	52
509.752	43
509.972	45
510.192	47
510.412	35
510.632	51
510.852	49
511.072	47
511.292	51
511.512	46
511.732	48
511.953	35
512.173	49
512.393	42
512.613	40
512.833	40
513.053	28
513.273	49
513.493	56
513.713	51
513.933	35
514.154	44
514.374	43
514.594	29
514.814	49
515.034	28
515.254	41
515.474	43
515.694	30
515.914	45
516.135	41
516.355	46
516.575	34
516.795	32
517.015	46
517.235	32
517.455	47
517.675	42
517.895	41
518.115	47
518.336	39
518.556	47
518.776	38
518.996	46
519.216	57
519.436	47
519.656	55
519.876	50
520.096	41
520.316	48
520.536	29
520.757	46
520.977	42
521.197	30
521.417	39
521.637	51
521.857	44
522.077	40
522.297	43
522.517	47
522.737	46
522.958	44
523.178	45
523.398	31
523.618	42
523.838	39
524.058	33
524.278	50
524.498	44
524.718	37
524.938	34
525.159	62
525.379	41
525.599	31
525.819	46
526.039	49
526.259	43
526.479	43
526.699	55
526.919	39
527.14	36
527.36	42
527.58	36
527.8	44
528.02	51
528.24	47
528.46	48
528.68	39
528.9	36
529.12	33
529.341	43
529.561	45
529.781	40
530.001	50
530.221	38
530.441	35
530.661	36
530.881	47
531.101	45
531.321	31
531.541	36
531.762	36
531.982	31
532.202	39
532.422	50
532.642	39
532.862	54
533.082	49
533.302	53
533.522	55
533.742	43
533.963	41
534.183	37
534.403	36
534.623	44
534.843	40
535.063	53
535.283	37
535.503	46
535.723	49
535.943	47
536.164	37
536.384	45
536.604	42
536.824	47
537.044	39
537.264	50
537.484	44
537.704	42
537.924	46
538.144	37
538.365	46
538.585	39
538.805	42
539.025	33
539.245	50
539.465	46
539.685	39
539.905	38
540.125	38
540.346	44
540.566	49
540.786	41
541.006	31
541.226	58
541.446	40
541.666	40
541.886	31
542.106	43
542.326	35
542.546	38
542.767	51
542.987	48
543.207	35
543.427	51
543.647	48
543.867	51
544.087	31
544.307	52
544.527	47
544.747	38
544.968	48
545.188	54
545.408	37
545.628	45
545.848	37
546.068	39
546.288	44
546.508	32
546.728	42
546.948	42
547.169	40
547.389	42
547.609	47
547.829	42
548.049	38
548.269	56
548.489	45
548.709	41
548.929	43
549.149	46
549.37	62
549.59	46
549.81	32
550.03	39
550.25	41
550.47	41
550.69	38
550.91	44
551.13	46
551.351	57
551.571	48
551.791	45
552.011	44
552.231	56
552.451	53
552.671	55
552.891	46
553.111	35
553.331	53
553.551	52
553.772	40
553.992	44
554.212	51
554.432	37
554.652	40
554.872	56
555.092	42
555.312	46
555.532	49
555.752	55
555.973	35
556.193	33
556.413	57
556.633	46
556.853	45
557.073	52
557.293	52
557.513	49
557.733	42
557.953	41
558.174	37
558.394	52
558.614	47
558.834	41
559.054	44
559.274	56
559.494	42
559.714	55
559.934	42
560.154	42
560.375	44
560.595	44
560.815	47
561.035	39
561.255	41
561.475	45
561.695	43
561.915	62
562.135	58
562.356	44
562.576	56
562.796	67
563.016	76
563.236	63
563.456	95
563.676	97
563.896	77
564.116	67
564.336	80
564.557	65
564.777	60
564.997	64
565.217	54
565.437	55
565.657	60
565.877	76
566.097	60
566.317	45
566.537	54
566.757	50
566.978	43
567.198	44
567.418	33
567.638	48
567.858	51
568.078	50
568.298	43
568.518	51
568.738	50
568.958	52
569.179	38
569.399	36
569.619	42
569.839	47
570.059	47
570.279	54
570.499	37
570.719	42
570.939	37
571.159	30
571.38	50
571.6	35
571.82	36
572.04	40
572.26	50
572.48	52
572.7	53
572.92	38
573.14	34
573.361	53
573.581	53
573.801	56
574.021	69
574.241	47
574.461	46
574.681	53
574.901	65
575.121	48
575.341	47
575.562	34
575.782	44
576.002	46
576.222	47
576.442	58
576.662	43
576.882	45
577.102	42
577.322	52
577.542	38
577.762	46
577.983	47
578.203	30
578.423	36
578.643	43
578.863	51
579.083	55
579.303	44
579.523	47
579.743	33
579.963	44
580.184	53
580.404	40
580.624	42
580.844	43
581.064	39
581.284	49
581.504	59
581.724	39
581.944	40
582.164	54
582.385	47
582.605	41
582.825	49
583.045	35
583.265	51
583.485	54
583.705	53
583.925	42
584.145	46
584.366	44
584.586	40
584.806	56
585.026	37
585.246	50
585.466	67
585.686	71
585.906	78
586.126	87
586.346	65
586.567	84
586.787	61
587.007	38
587.227	54
587.447	45
587.667	44
587.887	33
588.107	43
588.327	40
588.547	37
588.767	40
588.988	43
589.208	41
589.428	40
589.648	54
589.868	33
590.088	31
590.308	31
590.528	67
590.748	35
590.968	38
591.189	36
591.409	41
591.629	40
591.849	38
592.069	36
592.289	26
592.509	38
592.729	24
592.949	50
593.169	37
593.39	31
593.61	39
593.83	27
594.05	46
594.27	38
594.49	34
594.71	43
594.93	48
595.15	30
595.37	30
595.591	31
595.811	37
596.031	41
596.251	42
596.471	40
596.691	37
596.911	53
597.131	41
597.351	31
597.572	42
597.792	31
598.012	37
598.232	38
598.452	32
598.672	33
598.892	38
599.112	38
599.332	36
599.552	29
599.772	42
599.993	46
600.213	41
600.433	49
600.653	45
600.873	24
601.093	30
601.313	43
601.533	46
601.753	43
601.973	40
602.194	35
602.414	46
602.634	45
602.854	33
603.074	33
603.294	33
603.514	40
603.734	27
603.954	43
604.174	43
604.395	46
604.615	40
604.835	53
605.055	41
605.275	40
605.495	42
605.715	44
605.935	39
606.155	47
606.375	34
606.596	44
606.816	43
607.036	30
607.256	40
607.476	35
607.696	38
607.916	39
608.136	35
608.356	39
608.577	40
608.797	26
609.017	35
609.237	31
609.457	50
609.677	31
609.897	30
610.117	42
610.337	33
610.557	34
610.777	43
610.998	40
611.218	41
611.438	29
611.658	36
611.878	38
612.098	33
612.318	34
612.538	43
612.758	42
612.978	36
613.199	35
613.419	51
613.639	33
613.859	37
614.079	31
614.299	44
614.519	45
614.739	32
614.959	25
615.179	43
615.4	33
615.62	32
615.84	35
616.06	46
616.28	38
616.5	46
616.72	31
616.94	37
617.16	32
617.38	42
617.601	33
617.821	42
618.041	34
618.261	38
618.481	35
618.701	47
618.921	31
619.141	46
619.361	29
619.582	37
619.802	32
620.022	22
620.242	36
620.462	41
620.682	34
620.902	49
621.122	50
621.342	35
621.562	45
621.783	28
622.003	22
622.223	34
622.443	35
622.663	49
622.883	35
623.103	32
623.323	25
623.543	42
623.763	29
623.983	41
624.204	50
624.424	46
624.644	38
624.864	34
625.084	36
625.304	31
625.524	43
625.744	50
625.964	32
626.184	31
626.405	33
626.625	38
626.845	44
627.065	31
627.285	31
627.505	33
627.725	39
627.945	51
628.165	35
628.385	43
628.606	35
628.826	31
629.046	35
629.266	39
629.486	26
629.706	48
629.926	37
630.146	33
630.366	36
630.587	37
630.807	30
631.027	39
631.247	33
631.467	43
631.687	40
631.907	41
632.127	23
632.347	43
632.567	37
632.788	30
633.008	40
633.228	40
633.448	32
633.668	33
633.888	36
634.108	33
634.328	42
634.548	36
634.768	29
634.988	38
635.209	27
635.429	39
635.649	43
635.869	38
636.089	34
636.309	39
636.529	43
636.749	49
636.969	38
637.189	32
637.41	37
637.63	35
637.85	31
638.07	52
638.29	41
638.51	31
638.73	33
638.95	45
639.17	39
639.39	26
639.611	32
639.831	34
640.051	29
640.271	38
640.491	35
640.711	34
640.931	43
641.151	33
641.371	24
641.592	29
641.812	35
642.032	39
642.252	36
642.472	28
642.692	33
642.912	35
643.132	37
643.352	41
643.572	42
643.793	48
644.013	47
644.233	34
644.453	40
644.673	31
644.893	40
645.113	34
645.333	31
645.553	36
645.773	30
645.993	30
646.214	29
646.434	36
646.654	39
646.874	41
647.094	40
647.314	35
647.534	25
647.754	45
647.974	33
648.194	31
648.415	33
648.635	29
648.855	33
649.075	37
649.295	39
649.515	33
649.735	37
649.955	35
650.175	32
650.395	42
650.616	32
650.836	45
651.056	41
651.276	38
651.496	35
651.716	35
651.936	36
652.156	51
652.376	29
652.596	32
652.817	41
653.037	28
653.257	32
653.477	41
653.697	31
653.917	30
654.137	29
654.357	39
654.577	26
654.798	31
655.018	43
655.238	30
655.458	31
655.678	38
655.898	38
656.118	41
656.338	38
656.558	37
656.778	40
656.998	45
657.219	56
657.439	46
657.659	38
657.879	28
658.099	34
658.319	35
658.539	33
658.759	33
658.979	48
659.199	36
659.42	30
659.64	29
659.86	33
660.08	31
660.3	36
660.52	28
660.74	38
660.96	34
661.18	34
661.4	35
661.621	47
661.841	44
662.061	41
662.281	30
662.501	33
662.721	25
662.941	43
663.161	45
663.381	33
663.601	49
663.822	36
664.042	29
664.262	32
664.482	35
664.702	34
664.922	33
665.142	36
665.362	35
665.582	32
665.803	51
666.023	37
666.243	27
666.463	32
666.683	40
666.903	35
667.123	31
667.343	40
667.563	39
667.783	27
668.003	29
668.224	41
668.444	31
668.664	36
668.884	34
669.104	35
669.324	40
669.544	37
669.764	39
669.984	31
670.204	40
670.425	40
670.645	42
670.865	34
671.085	33
671.305	31
671.525	32
671.745	42
671.965	33
672.185	38
672.405	29
672.626	31
672.846	36
673.066	40
673.286	32
673.506	39
673.726	34
673.946	27
674.166	50
674.386	45
674.606	52
674.827	43
675.047	38
675.267	50
675.487	54
675.707	41
675.927	59
676.147	35
676.367	32
676.587	33
676.808	28
677.028	40
677.248	43
677.468	38
677.688	39
677.908	46
678.128	52
678.348	53
678.568	54
678.788	60
679.008	72
679.229	79
679.449	56
679.669	62
679.889	51
680.109	30
680.329	28
680.549	39
680.769	41
680.989	30
681.209	33
681.43	40
681.65	30
681.87	30
682.09	32
682.31	34
682.53	24
682.75	33
682.97	33
683.19	38
683.41	23
683.631	34
683.851	25
684.071	32
684.291	30
684.511	35
684.731	41
684.951	31
685.171	35
685.391	34
685.611	34
685.832	44
686.052	23
686.272	32
686.492	31
686.712	42
686.932	36
687.152	44
687.372	37
687.592	23
687.813	35
688.033	61
688.253	47
688.473	75
688.693	88
688.913	87
689.133	120
689.353	88
689.573	75
689.793	75
690.014	48
690.234	38
690.454	28
690.674	43
690.894	38
691.114	34
691.334	38
691.554	42
691.774	34
691.994	26
692.214	34
692.435	32
692.655	40
692.875	33
693.095	37
693.315	38
693.535	26
693.755	35
693.975	28
694.195	32
694.415	30
694.636	27
694.856	32
695.076	36
695.296	26
695.516	26
695.736	39
695.956	23
696.176	34
696.396	33
696.616	37
696.837	42
697.057	36
697.277	45
697.497	37
697.717	30
697.937	40
698.157	43
698.377	44
698.597	33
698.818	44
699.038	47
699.258	33
699.478	37
699.698	32
699.918	32
700.138	34
700.358	29
700.578	33
700.798	43
701.019	33
701.239	37
701.459	46
701.679	33
701.899	37
702.119	35
702.339	27
702.559	46
702.779	26
702.999	30
703.219	25
703.44	46
703.66	39
703.88	32
704.1	44
704.32	41
704.54	39
704.76	30
704.98	37
705.2	32
705.42	40
705.641	21
705.861	36
706.081	28
706.301	31
706.521	34
706.741	42
706.961	34
707.181	40
707.401	35
707.621	39
707.842	32
708.062	31
708.282	30
708.502	35
708.722	24
708.942	32
709.162	38
709.382	35
709.602	44
709.822	39
710.043	42
710.263	33
710.483	27
710.703	35
710.923	34
711.143	33
711.363	37
711.583	33
711.803	44
712.024	45
712.244	43
712.464	38
712.684	27
712.904	40
713.124	41
713.344	46
713.564	25
713.784	52
714.004	35
714.224	38
714.445	34
714.665	30
714.885	43
715.105	37
715.325	30
715.545	31
715.765	34
715.985	49
716.205	35
716.425	32
716.646	32
716.866	25
717.086	36
717.306	31
717.526	33
717.746	34
717.966	46
718.186	45
718.406	48
718.626	42
718.847	44
719.067	44
719.287	59
719.507	64
719.727	44
719.947	59
720.167	56
720.387	48
720.607	50
720.827	35
721.048	45
721.268	45
721.488	40
721.708	37
721.928	36
722.148	30
722.368	33
722.588	51
722.808	36
723.029	38
723.249	28
723.469	44
723.689	37
723.909	37
724.129	42
724.349	48
724.569	51
724.789	31
725.009	36
725.229	43
725.45	27
725.67	26
725.89	32
726.11	24
726.33	29
726.55	30
726.77	47
726.99	43
727.21	48
727.43	33
727.651	33
727.871	41
728.091	29
728.311	38
728.531	47
728.751	49
728.971	37
729.191	60
729.411	43
729.631	48
729.852	30
730.072	34
730.292	35
730.512	49
730.732	37
730.952	43
731.172	41
731.392	56
731.612	31
731.832	26
732.053	41
732.273	30
732.493	40
732.713	30
732.933	42
733.153	43
733.373	43
733.593	34
733.813	40
734.034	38
734.254	38
734.474	44
734.694	31
734.914	43
735.134	39
735.354	32
735.574	28
735.794	32
736.014	46
736.234	31
736.455	29
736.675	39
736.895	31
737.115	31
737.335	31
737.555	36
737.775	39
737.995	40
738.215	34
738.435	35
738.656	29
738.876	39
739.096	32
739.316	32
739.536	37
739.756	32
739.976	31
740.196	38
740.416	37
740.636	35
740.857	46
741.077	35
741.297	29
741.517	41
741.737	39
741.957	36
742.177	40
742.397	22
742.617	37
742.837	43
743.058	37
743.278	31
743.498	38
743.718	35
743.938	29
744.158	40
744.378	40
744.598	32
744.818	41
745.039	24
745.259	49
745.479	39
745.699	26
745.919	33
746.139	39
746.359	39
746.579	31
746.799	43
747.019	33
747.24	50
747.46	28
747.68	25
747.9	37
748.12	30
748.34	31
748.56	48
748.78	40
749	43
749.22	35
749.44	39
749.661	27
749.881	37
750.101	31
750.321	30
750.541	37
750.761	26
750.981	36
751.201	28
751.421	38
751.641	37
751.862	46
752.082	35
752.302	40
752.522	29
752.742	37
752.962	44
753.182	40
753.402	43
753.622	49
753.842	37
754.063	34
754.283	37
754.503	35
754.723	31
754.943	35
755.163	33
755.383	49
755.603	43
755.823	49
756.043	44
756.264	52
756.484	49
756.704	44
756.924	45
757.144	34
757.364	44
757.584	37
757.804	45
758.024	38
758.245	39
758.465	35
758.685	40
758.905	46
759.125	36
759.345	41
759.565	29
759.785	44
760.005	30
760.225	47
760.445	31
760.666	41
760.886	33
761.106	28
761.326	46
761.546	32
761.766	44
761.986	45
762.206	37
762.426	34
762.646	24
762.867	31
763.087	25
763.307	29
763.527	30
763.747	39
763.967	39
764.187	34
764.407	39
764.627	39
764.847	41
765.068	39
765.288	42
765.508	40
765.728	50
765.948	42
766.168	41
766.388	47
766.608	32
766.828	36
767.048	38
767.269	28
767.489	37
767.709	22
767.929	35
768.149	30
768.369	38
768.589	24
768.809	40
769.029	32
769.25	33
769.47	37
769.69	43
769.91	39
770.13	31
770.35	41
770.57	25
770.79	31
771.01	29
771.23	29
771.45	37
771.671	33
771.891	35
772.111	27
772.331	35
772.551	36
772.771	25
772.991	24
773.211	24
773.431	43
773.651	35
773.872	42
774.092	32
774.312	27
774.532	25
774.752	37
774.972	35
775.192	36
775.412	29
775.632	31
775.852	32
776.073	31
776.293	23
776.513	31
776.733	35
776.953	44
777.173	31
777.393	39
777.613	32
777.833	39
778.053	62
778.274	76
778.494	128
778.714	214
778.934	368
779.154	499
779.374	651
779.594	796
779.814	873
780.034	842
780.255	689
780.475	521
780.695	361
780.915	211
781.135	130
781.355	88
781.575	61
781.795	46
782.015	42
782.235	35
782.455	28
782.676	40
782.896	40
783.116	29
783.336	36
783.556	34
783.776	35
783.996	29
784.216	29
784.436	32
784.656	45
784.877	40
785.097	29
785.317	30
785.537	26
785.757	31
785.977	31
786.197	24
786.417	37
786.637	28
786.857	35
787.078	40
787.298	34
787.518	21
787.738	40
787.958	32
788.178	37
788.398	31
788.618	31
788.838	33
789.058	46
789.279	32
789.499	34
789.719	30
789.939	30
790.159	42
790.379	29
790.599	36
790.819	48
791.039	27
791.26	28
791.48	25
791.7	46
791.92	28
792.14	35
792.36	21
792.58	27
792.8	30
793.02	28
793.24	24
793.46	33
793.681	24
793.901	29
794.121	39
794.341	31
794.561	30
794.781	29
795.001	37
795.221	38
795.441	37
795.661	27
795.882	26
796.102	36
796.322	40
796.542	27
796.762	28
796.982	44
797.202	32
797.422	39
797.642	26
797.862	27
798.083	25
798.303	29
798.523	31
798.743	16
798.963	34
799.183	22
799.403	36
799.623	33
799.843	32
800.063	37
800.284	28
800.504	27
800.724	32
800.944	32
801.164	39
801.384	29
801.604	37
801.824	29
802.044	29
802.265	21
802.485	35
802.705	32
802.925	33
803.145	36
803.365	36
803.585	29
803.805	26
804.025	29
804.245	31
804.466	28
804.686	22
804.906	28
805.126	32
805.346	44
805.566	32
805.786	42
806.006	25
806.226	31
806.446	26
806.666	28
806.887	40
807.107	32
807.327	30
807.547	24
807.767	31
807.987	30
808.207	28
808.427	19
808.647	28
808.867	23
809.088	26
809.308	25
809.528	30
809.748	31
809.968	27
810.188	32
810.408	42
810.628	32
810.848	30
811.068	59
811.289	55
811.509	56
811.729	43
811.949	51
812.169	50
812.389	35
812.609	34
812.829	29
813.049	30
813.269	30
813.49	31
813.71	28
813.93	31
814.15	39
814.37	27
814.59	41
814.81	46
815.03	39
815.25	31
815.471	38
815.691	27
815.911	36
816.131	28
816.351	33
816.571	23
816.791	22
817.011	32
817.231	22
817.451	28
817.671	19
817.892	36
818.112	38
818.332	27
818.552	32
818.772	42
818.992	29
819.212	18
819.432	30
819.652	36
819.872	29
820.093	28
820.313	28
820.533	39
820.753	32
820.973	31
821.193	27
821.413	30
821.633	23
821.853	29
822.073	35
822.294	31
822.514	29
822.734	27
822.954	27
823.174	29
823.394	34
823.614	23
823.834	28
824.054	37
824.274	34
824.495	37
824.715	29
824.935	40
825.155	33
825.375	30
825.595	32
825.815	35
826.035	28
826.255	32
826.476	36
826.696	24
826.916	27
827.136	22
827.356	29
827.576	31
827.796	32
828.016	17
828.236	35
828.456	20
828.676	28
828.897	37
829.117	30
829.337	31
829.557	25
829.777	34
829.997	26
830.217	28
830.437	32
830.657	30
830.877	26
831.098	30
831.318	22
831.538	21
831.758	29
831.978	27
832.198	38
832.418	30
832.638	31
832.858	26
833.078	29
833.299	31
833.519	38
833.739	32
833.959	27
834.179	32
834.399	33
834.619	27
834.839	29
835.059	32
835.279	34
835.5	32
835.72	38
835.94	24
836.16	27
836.38	28
836.6	31
836.82	28
837.04	32
837.26	32
837.481	22
837.701	33
837.921	22
838.141	28
838.361	35
838.581	31
838.801	22
839.021	29
839.241	27
839.461	31
839.681	34
839.902	32
840.122	40
840.342	23
840.562	28
840.782	30
841.002	29
841.222	40
841.442	33
841.662	32
841.882	34
842.103	26
842.323	42
842.543	39
842.763	42
842.983	44
843.203	50
843.423	36
843.643	24
843.863	33
844.083	28
844.304	35
844.524	24
844.744	25
844.964	26
845.184	34
845.404	21
845.624	42
845.844	27
846.064	27
846.284	26
846.505	33
846.725	31
846.945	41
847.165	29
847.385	35
847.605	27
847.825	26
848.045	21
848.265	27
848.486	37
848.706	36
848.926	31
849.146	35
849.366	30
849.586	30
849.806	37
850.026	33
850.246	25
850.466	37
850.686	26
850.907	34
851.127	21
851.347	30
851.567	32
851.787	35
852.007	29
852.227	34
852.447	20
852.667	31
852.887	23
853.108	33
853.328	31
853.548	36
853.768	37
853.988	33
854.208	32
854.428	22
854.648	25
854.868	35
855.088	26
855.309	31
855.529	31
855.749	35
855.969	40
856.189	37
856.409	27
856.629	28
856.849	33
857.069	27
857.289	26
857.51	24
857.73	26
857.95	30
858.17	25
858.39	38
858.61	25
858.83	24
859.05	33
859.27	22
859.491	30
859.711	35
859.931	26
860.151	24
860.371	30
860.591	33
860.811	35
861.031	35
861.251	30
861.471	25
861.691	31
861.912	41
862.132	31
862.352	16
862.572	32
862.792	30
863.012	30
863.232	40
863.452	29
863.672	38
863.892	26
864.113	33
864.333	32
864.553	29
864.773	44
864.993	42
865.213	38
865.433	28
865.653	34
865.873	38
866.093	36
866.314	39
866.534	35
866.754	41
866.974	36
867.194	39
867.414	55
867.634	71
867.854	101
868.074	141
868.294	125
868.515	197
868.735	214
868.955	222
869.175	177
869.395	140
869.615	142
869.835	89
870.055	60
870.275	55
870.495	34
870.716	32
870.936	36
871.156	37
871.376	34
871.596	25
871.816	31
872.036	33
872.256	37
872.476	38
872.697	41
872.917	26
873.137	39
873.357	35
873.577	33
873.797	33
874.017	29
874.237	42
874.457	39
874.677	35
874.897	34
875.118	25
875.338	34
875.558	32
875.778	28
875.998	29
876.218	35
876.438	31
876.658	25
876.878	25
877.098	34
877.319	34
877.539	41
877.759	36
877.979	47
878.199	25
878.419	33
878.639	22
878.859	31
879.079	30
879.299	26
879.52	26
879.74	38
879.96	30
880.18	34
880.4	31
880.62	28
880.84	30
881.06	31
881.28	38
881.5	29
881.721	29
881.941	30
882.161	31
882.381	33
882.601	24
882.821	33
883.041	41
883.261	33
883.481	29
883.702	36
883.922	30
884.142	34
884.362	33
884.582	31
884.802	31
885.022	30
885.242	42
885.462	23
885.682	31
885.902	34
886.123	25
886.343	28
886.563	30
886.783	29
887.003	33
887.223	35
887.443	30
887.663	22
887.883	35
888.103	32
888.324	16
888.544	24
888.764	29
888.984	23
889.204	25
889.424	25
889.644	25
889.864	26
890.084	28
890.304	31
890.525	33
890.745	36
890.965	32
891.185	41
891.405	23
891.625	43
891.845	33
892.065	29
892.285	35
892.505	31
892.726	34
892.946	29
893.166	29
893.386	31
893.606	30
893.826	21
894.046	29
894.266	24
894.486	22
894.707	31
894.927	29
895.147	33
895.367	33
895.587	33
895.807	25
896.027	32
896.247	25
896.467	26
896.687	31
896.907	25
897.128	22
897.348	22
897.568	40
897.788	19
898.008	24
898.228	40
898.448	29
898.668	27
898.888	41
899.108	35
899.329	36
899.549	23
899.769	20
899.989	24
900.209	30
900.429	25
900.649	29
900.869	30
901.089	26
901.309	26
901.53	26
901.75	21
901.97	28
902.19	28
902.41	34
902.63	26
902.85	24
903.07	40
903.29	33
903.51	33
903.731	32
903.951	34
904.171	31
904.391	21
904.611	38
904.831	26
905.051	24
905.271	32
905.491	23
905.712	25
905.932	34
906.152	28
906.372	23
906.592	26
906.812	31
907.032	22
907.252	25
907.472	28
907.692	30
907.912	26
908.133	29
908.353	36
908.573	50
908.793	47
909.013	38
909.233	43
909.453	27
909.673	27
909.893	27
910.113	20
910.334	18
910.554	27
910.774	26
910.994	18
911.214	22
911.434	19
911.654	26
911.874	32
912.094	19
912.314	20
912.535	24
912.755	31
912.975	26
913.195	26
913.415	25
913.635	25
913.855	29
914.075	28
914.295	30
914.515	28
914.736	29
914.956	26
915.176	25
915.396	23
915.616	28
915.836	29
916.056	23
916.276	22
916.496	32
916.717	13
916.937	22
917.157	19
917.377	22
917.597	19
917.817	18
918.037	29
918.257	22
918.477	23
918.697	22
918.917	25
919.138	25
919.358	23
919.578	21
919.798	38
920.018	31
920.238	29
920.458	38
920.678	33
920.898	38
921.118	31
921.339	55
921.559	40
921.779	42
921.999	34
922.219	19
922.439	24
922.659	22
922.879	24
923.099	16
923.319	16
923.54	13
923.76	19
923.98	18
924.2	21
924.42	21
924.64	16
924.86	31
925.08	23
925.3	16
925.52	23
925.741	23
925.961	21
926.181	13
926.401	21
926.621	20
926.841	22
927.061	32
927.281	27
927.501	34
927.721	36
927.942	41
928.162	43
928.382	39
928.602	37
928.822	31
929.042	28
929.262	33
929.482	26
929.702	24
929.923	18
930.143	26
930.363	22
930.583	26
930.803	14
931.023	25
931.243	13
931.463	26
931.683	31
931.903	19
932.123	33
932.344	19
932.564	14
932.784	35
933.004	22
933.224	16
933.444	27
933.664	22
933.884	16
934.104	20
934.324	12
934.545	19
934.765	23
934.985	21
935.205	21
935.425	18
935.645	15
935.865	24
936.085	24
936.305	25
936.525	19
936.746	26
936.966	23
937.186	21
937.406	14
937.626	15
937.846	26
938.066	18
938.286	17
938.506	28
938.726	22
938.947	25
939.167	24
939.387	19
939.607	26
939.827	20
940.047	20
940.267	21
940.487	23
940.707	22
940.928	17
941.148	16
941.368	16
941.588	13
941.808	20
942.028	26
942.248	22
942.468	14
942.688	19
942.908	22
943.128	26
943.349	18
943.569	18
943.789	26
944.009	27
944.229	14
944.449	20
944.669	26
944.889	20
945.109	19
945.329	19
945.55	17
945.77	24
945.99	17
946.21	11
946.43	25
946.65	25
946.87	19
947.09	23
947.31	19
947.53	15
947.751	19
947.971	19
948.191	22
948.411	16
948.631	20
948.851	21
949.071	18
949.291	25
949.511	16
949.731	19
949.952	21
950.172	17
950.392	27
950.612	27
950.832	29
951.052	12
951.272	35
951.492	15
951.712	16
951.933	19
952.153	20
952.373	15
952.593	18
952.813	20
953.033	12
953.253	17
953.473	15
953.693	21
953.913	18
954.133	24
954.354	26
954.574	22
954.794	23
955.014	24
955.234	27
955.454	28
955.674	22
955.894	14
956.114	17
956.334	17
956.555	27
956.775	20
956.995	24
957.215	19
957.435	14
957.655	20
957.875	21
958.095	18
958.315	22
958.535	13
958.756	12
958.976	23
959.196	16
959.416	29
959.636	11
959.856	27
960.076	20
960.296	16
960.516	15
960.736	17
960.957	27
961.177	19
961.397	23
961.617	21
961.837	17
962.057	14
962.277	21
962.497	19
962.717	19
962.938	13
963.158	14
963.378	17
963.598	26
963.818	41
964.038	41
964.258	37
964.478	79
964.698	144
964.918	173
965.138	344
965.359	408
965.579	565
965.799	591
966.019	613
966.239	575
966.459	537
966.679	402
966.899	294
967.119	170
967.339	101
967.56	76
967.78	53
968	34
968.22	21
968.44	24
968.66	22
968.88	23
969.1	12
969.32	16
969.54	13
969.761	15
969.981	18
970.201	20
970.421	17
970.641	16
970.861	15
971.081	14
971.301	20
971.521	19
971.741	18
971.962	20
972.182	14
972.402	18
972.622	18
972.842	13
973.062	19
973.282	14
973.502	16
973.722	19
973.943	16
974.163	15
974.383	16
974.603	19
974.823	20
975.043	16
975.263	15
975.483	13
975.703	24
975.923	14
976.143	24
976.364	8
976.584	19
976.804	16
977.024	19
977.244	16
977.464	18
977.684	13
977.904	14
978.124	17
978.344	13
978.565	17
978.785	11
979.005	19
979.225	13
979.445	15
979.665	14
979.885	16
980.105	9
980.325	18
980.545	13
980.766	14
980.986	11
981.206	13
981.426	17
981.646	16
981.866	17
982.086	14
982.306	22
982.526	14
982.746	12
982.967	20
983.187	26
983.407	16
983.627	20
983.847	23
984.067	15
984.287	14
984.507	19
984.727	19
984.947	11
985.168	18
985.388	15
985.608	11
985.828	12
986.048	18
986.268	24
986.488	15
986.708	16
986.928	22
987.148	13
987.369	20
987.589	13
987.809	20
988.029	19
988.249	17
988.469	17
988.689	12
988.909	14
989.129	17
989.349	10
989.57	9
989.79	8
990.01	25
990.23	25
990.45	16
990.67	30
990.89	22
991.11	17
991.33	26
991.55	25
991.771	15
991.991	20
992.211	21
992.431	14
992.651	27
992.871	19
993.091	11
993.311	16
993.531	16
993.751	17
993.972	14
994.192	19
994.412	10
994.632	16
994.852	12
995.072	15
995.292	17
995.512	13
995.732	14
995.952	21
996.173	16
996.393	22
996.613	17
996.833	19
997.053	20
997.273	14
997.493	21
997.713	11
997.933	19
998.154	15
998.374	10
998.594	20
998.814	17
999.034	15
999.254	16
999.474	15
999.694	21
999.914	17
1000.13	14
1000.35	25
1000.57	20
1000.79	17
1001.01	25
1001.23	23
1001.45	21
1001.68	24
1001.9	18
1002.12	21
1002.34	17
1002.56	21
1002.78	18
1003	19
1003.22	20
1003.44	20
1003.66	18
1003.88	20
1004.1	15
1004.32	25
1004.54	31
1004.76	31
1004.98	32
1005.2	46
1005.42	40
1005.64	51
1005.86	53
1006.08	61
1006.3	59
1006.52	65
1006.74	65
1006.96	61
1007.18	53
1007.4	46
1007.62	46
1007.84	33
1008.06	30
1008.28	13
1008.5	23
1008.72	21
1008.94	10
1009.16	8
1009.38	8
1009.6	19
1009.82	14
1010.04	22
1010.26	15
1010.48	18
1010.7	23
1010.92	21
1011.14	19
1011.36	29
1011.58	29
1011.8	24
1012.02	21
1012.24	20
1012.46	18
1012.68	17
1012.9	21
1013.12	15
1013.34	19
1013.56	23
1013.78	15
1014	23
1014.22	10
1014.44	11
1014.66	8
1014.88	8
1015.1	9
1015.32	21
1015.54	16
1015.76	12
1015.98	13
1016.2	9
1016.42	11
1016.64	10
1016.86	13
1017.08	11
1017.3	6
1017.52	19
1017.74	8
1017.96	16
1018.18	6
1018.4	10
1018.62	12
1018.84	10
1019.06	10
1019.28	11
1019.5	16
1019.72	17
1019.94	15
1020.16	11
1020.38	13
1020.6	20
1020.82	14
1021.04	13
1021.26	16
1021.48	14
1021.7	15
1021.92	12
1022.14	17
1022.36	14
1022.58	19
1022.8	17
1023.02	15
1023.24	16
1023.46	19
1023.69	11
1023.91	12
1024.13	10
1024.35	10
1024.57	11
1024.79	14
1025.01	19
1025.23	8
1025.45	17
1025.67	14
1025.89	12
1026.11	8
1026.33	13
1026.55	4
1026.77	14
1026.99	15
1027.21	9
1027.43	12
1027.65	8
1027.87	20
1028.09	15
1028.31	16
1028.53	12
1028.75	13
1028.97	16
1029.19	9
1029.41	9
1029.63	20
1029.85	12
1030.07	14
1030.29	14
1030.51	22
1030.73	10
1030.95	18
1031.17	13
1031.39	14
1031.61	16
1031.83	12
1032.05	10
1032.27	15
1032.49	11
1032.71	6
1032.93	12
1033.15	16
1033.37	14
1033.59	13
1033.81	13
1034.03	7
1034.25	11
1034.47	5
1034.69	10
1034.91	8
1035.13	14
1035.35	7
1035.57	8
1035.79	11
1036.01	9
1036.23	14
1036.45	24
1036.67	10
1036.89	11
1037.11	11
1037.33	10
1037.55	17
1037.77	17
1037.99	11
1038.21	15
1038.43	12
1038.65	10
1038.87	10
1039.09	12
1039.31	23
1039.53	13
1039.75	17
1039.97	9
1040.19	16
1040.41	12
1040.63	19
1040.85	19
1041.07	13
1041.29	17
1041.51	16
1041.73	11
1041.95	15
1042.17	12
1042.39	9
1042.61	14
1042.83	9
1043.05	19
1043.27	15
1043.49	21
1043.71	18
1043.93	12
1044.15	10
1044.37	13
1044.59	17
1044.81	10
1045.03	11
1045.25	23
1045.47	12
1045.7	12
1045.92	14
1046.14	13
1046.36	15
1046.58	13
1046.8	13
1047.02	16
1047.24	12
1047.46	16
1047.68	13
1047.9	13
1048.12	16
1048.34	13
1048.56	18
1048.78	14
1049	12
1049.22	11
1049.44	13
1049.66	7
1049.88	14
1050.1	12
1050.32	10
1050.54	18
1050.76	11
1050.98	17
1051.2	13
1051.42	10
1051.64	15
1051.86	13
1052.08	13
1052.3	14
1052.52	14
1052.74	16
1052.96	9
1053.18	13
1053.4	12
1053.62	15
1053.84	14
1054.06	19
1054.28	14
1054.5	20
1054.72	17
1054.94	16
1055.16	7
1055.38	20
1055.6	9
1055.82	8
1056.04	11
1056.26	10
1056.48	9
1056.7	16
1056.92	14
1057.14	12
1057.36	8
1057.58	13
1057.8	14
1058.02	13
1058.24	18
1058.46	11
1058.68	8
1058.9	16
1059.12	8
1059.34	10
1059.56	19
1059.78	11
1060	11
1060.22	20
1060.44	13
1060.66	18
1060.88	20
1061.1	10
1061.32	13
1061.54	15
1061.76	5
1061.98	4
1062.2	9
1062.42	14
1062.64	11
1062.86	18
1063.08	10
1063.3	13
1063.52	8
1063.74	10
1063.96	14
1064.18	12
1064.4	15
1064.62	9
1064.84	14
1065.06	15
1065.28	8
1065.5	9
1065.72	9
1065.94	8
1066.16	15
1066.38	19
1066.6	11
1066.82	15
1067.04	8
1067.26	13
1067.48	7
1067.71	15
1067.93	10
1068.15	14
1068.37	16
1068.59	16
1068.81	18
1069.03	11
1069.25	7
1069.47	12
1069.69	10
1069.91	14
1070.13	8
1070.35	13
1070.57	14
1070.79	18
1071.01	16
1071.23	20
1071.45	14
1071.67	12
1071.89	15
1072.11	12
1072.33	11
1072.55	16
1072.77	8
1072.99	11
1073.21	10
1073.43	11
1073.65	12
1073.87	9
1074.09	10
1074.31	11
1074.53	19
1074.75	17
1074.97	6
1075.19	12
1075.41	10
1075.63	18
1075.85	15
1076.07	14
1076.29	18
1076.51	3
1076.73	16
1076.95	7
1077.17	15
1077.39	10
1077.61	9
1077.83	9
1078.05	10
1078.27	20
1078.49	18
1078.71	11
1078.93	10
1079.15	13
1079.37	12
1079.59	15
1079.81	18
1080.03	15
1080.25	9
1080.47	12
1080.69	16
1080.91	12
1081.13	8
1081.35	14
1081.57	10
1081.79	20
1082.01	13
1082.23	6
1082.45	22
1082.67	16
1082.89	18
1083.11	9
1083.33	15
1083.55	14
1083.77	15
1083.99	12
1084.21	13
1084.43	10
1084.65	12
1084.87	15
1085.09	16
1085.31	13
1085.53	12
1085.75	16
1085.97	9
1086.19	26
1086.41	31
1086.63	50
1086.85	51
1087.07	84
1087.29	129
1087.51	201
1087.73	237
1087.95	367
1088.17	402
1088.39	409
1088.61	443
1088.83	383
1089.05	330
1089.27	257
1089.49	142
1089.72	106
1089.94	57
1090.16	46
1090.38	27
1090.6	27
1090.82	19
1091.04	28
1091.26	39
1091.48	47
1091.7	45
1091.92	64
1092.14	71
1092.36	84
1092.58	80
1092.8	81
1093.02	64
1093.24	63
1093.46	43
1093.68	26
1093.9	24
1094.12	22
1094.34	12
1094.56	11
1094.78	16
1095	13
1095.22	13
1095.44	6
1095.66	14
1095.88	13
1096.1	15
1096.32	14
1096.54	11
1096.76	16
1096.98	13
1097.2	19
1097.42	9
1097.64	9
1097.86	11
1098.08	13
1098.3	15
1098.52	11
1098.74	11
1098.96	13
1099.18	11
1099.4	15
1099.62	13
1099.84	18
1100.06	13
1100.28	10
1100.5	9
1100.72	15
1100.94	10
1101.16	18
1101.38	18
1101.6	14
1101.82	6
1102.04	10
1102.26	10
1102.48	16
1102.7	15
1102.92	6
1103.14	14
1103.36	14
1103.58	13
1103.8	21
1104.02	11
1104.24	12
1104.46	16
1104.68	15
1104.9	15
1105.12	13
1105.34	14
1105.56	10
1105.78	9
1106	14
1106.22	11
1106.44	13
1106.66	15
1106.88	13
1107.1	17
1107.32	14
1107.54	12
1107.76	14
1107.98	17
1108.2	12
1108.42	13
1108.64	10
1108.86	11
1109.08	9
1109.3	13
1109.52	10
1109.74	14
1109.96	14
1110.18	8
1110.4	14
1110.62	15
1110.84	17
1111.06	12
1111.28	15
1111.5	27
1111.73	24
1111.95	19
1112.17	28
1112.39	22
1112.61	25
1112.83	27
1113.05	46
1113.27	67
1113.49	99
1113.71	189
1113.93	224
1114.15	316
1114.37	367
1114.59	450
1114.81	479
1115.03	456
1115.25	448
1115.47	342
1115.69	246
1115.91	173
1116.13	134
1116.35	82
1116.57	50
1116.79	26
1117.01	18
1117.23	15
1117.45	14
1117.67	13
1117.89	10
1118.11	19
1118.33	15
1118.55	20
1118.77	17
1118.99	15
1119.21	12
1119.43	14
1119.65	17
1119.87	9
1120.09	22
1120.31	21
1120.53	11
1120.75	15
1120.97	8
1121.19	14
1121.41	12
1121.63	18
1121.85	15
1122.07	5
1122.29	11
1122.51	10
1122.73	14
1122.95	15
1123.17	21
1123.39	17
1123.61	15
1123.83	20
1124.05	22
1124.27	25
1124.49	14
1124.71	27
1124.93	25
1125.15	29
1125.37	38
1125.59	22
1125.81	32
1126.03	36
1126.25	26
1126.47	25
1126.69	20
1126.91	27
1127.13	25
1127.35	26
1127.57	22
1127.79	32
1128.01	33
1128.23	29
1128.45	36
1128.67	26
1128.89	36
1129.11	29
1129.33	28
1129.55	37
1129.77	13
1129.99	12
1130.21	15
1130.43	17
1130.65	10
1130.87	16
1131.09	16
1131.31	11
1131.53	10
1131.75	12
1131.97	15
1132.19	15
1132.41	11
1132.63	15
1132.85	13
1133.07	16
1133.29	20
1133.51	17
1133.74	18
1133.96	20
1134.18	11
1134.4	11
1134.62	16
1134.84	15
1135.06	15
1135.28	19
1135.5	13
1135.72	17
1135.94	8
1136.16	20
1136.38	15
1136.6	15
1136.82	8
1137.04	10
1137.26	9
1137.48	16
1137.7	11
1137.92	12
1138.14	6
1138.36	9
1138.58	15
1138.8	14
1139.02	15
1139.24	12
1139.46	18
1139.68	13
1139.9	22
1140.12	18
1140.34	13
1140.56	13
1140.78	7
1141	14
1141.22	15
1141.44	14
1141.66	15
1141.88	16
1142.1	19
1142.32	15
1142.54	19
1142.76	11
1142.98	10
1143.2	15
1143.42	19
1143.64	15
1143.86	14
1144.08	10
1144.3	17
1144.52	13
1144.74	14
1144.96	16
1145.18	16
1145.4	21
1145.62	21
1145.84	10
1146.06	16
1146.28	16
1146.5	11
1146.72	16
1146.94	13
1147.16	13
1147.38	12
1147.6	13
1147.82	13
1148.04	11
1148.26	13
1148.48	11
1148.7	14
1148.92	18
1149.14	20
1149.36	13
1149.58	11
1149.8	22
1150.02	14
1150.24	20
1150.46	14
1150.68	24
1150.9	12
1151.12	17
1151.34	18
1151.56	11
1151.78	13
1152	22
1152.22	13
1152.44	15
1152.66	24
1152.88	18
1153.1	12
1153.32	19
1153.54	18
1153.76	35
1153.98	28
1154.2	45
1154.42	47
1154.64	44
1154.86	47
1155.08	35
1155.3	41
1155.52	31
1155.75	37
1155.97	26
1156.19	22
1156.41	23
1156.63	19
1156.85	25
1157.07	19
1157.29	21
1157.51	18
1157.73	13
1157.95	18
1158.17	12
1158.39	13
1158.61	17
1158.83	16
1159.05	22
1159.27	19
1159.49	17
1159.71	18
1159.93	25
1160.15	32
1160.37	22
1160.59	17
1160.81	19
1161.03	11
1161.25	22
1161.47	18
1161.69	13
1161.91	14
1162.13	11
1162.35	13
1162.57	14
1162.79	14
1163.01	22
1163.23	16
1163.45	14
1163.67	11
1163.89	13
1164.11	17
1164.33	18
1164.55	13
1164.77	19
1164.99	14
1165.21	10
1165.43	18
1165.65	16
1165.87	15
1166.09	13
1166.31	19
1166.53	22
1166.75	11
1166.97	14
1167.19	12
1167.41	10
1167.63	19
1167.85	12
1168.07	19
1168.29	7
1168.51	18
1168.73	7
1168.95	8
1169.17	18
1169.39	24
1169.61	23
1169.83	17
1170.05	11
1170.27	11
1170.49	16
1170.71	16
1170.93	20
1171.15	15
1171.37	12
1171.59	16
1171.81	11
1172.03	7
1172.25	21
1172.47	14
1172.69	20
1172.91	13
1173.13	24
1173.35	16
1173.57	13
1173.79	14
1174.01	15
1174.23	10
1174.45	18
1174.67	15
1174.89	27
1175.11	15
1175.33	19
1175.55	16
1175.77	9
1175.99	8
1176.21	11
1176.43	14
1176.65	18
1176.87	13
1177.09	13
1177.31	14
1177.53	19
1177.76	21
1177.98	15
1178.2	15
1178.42	14
1178.64	15
1178.86	8
1179.08	22
1179.3	18
1179.52	18
1179.74	18
1179.96	20
1180.18	16
1180.4	22
1180.62	22
1180.84	17
1181.06	10
1181.28	14
1181.5	18
1181.72	22
1181.94	20
1182.16	14
1182.38	8
1182.6	10
1182.82	25
1183.04	14
1183.26	11
1183.48	12
1183.7	19
1183.92	14
1184.14	21
1184.36	15
1184.58	10
1184.8	11
1185.02	19
1185.24	9
1185.46	19
1185.68	15
1185.9	21
1186.12	16
1186.34	15
1186.56	13
1186.78	17
1187	7
1187.22	15
1187.44	18
1187.66	13
1187.88	17
1188.1	13
1188.32	17
1188.54	14
1188.76	12
1188.98	19
1189.2	17
1189.42	17
1189.64	19
1189.86	12
1190.08	19
1190.3	11
1190.52	17
1190.74	13
1190.96	13
1191.18	23
1191.4	17
1191.62	17
1191.84	20
1192.06	9
1192.28	15
1192.5	15
1192.72	19
1192.94	11
1193.16	17
1193.38	24
1193.6	16
1193.82	18
1194.04	12
1194.26	14
1194.48	14
1194.7	12
1194.92	16
1195.14	20
1195.36	13
1195.58	18
1195.8	10
1196.02	16
1196.24	6
1196.46	3
1196.68	14
1196.9	12
1197.12	11
1197.34	17
1197.56	9
1197.78	13
1198	15
1198.22	12
1198.44	11
1198.66	11
1198.88	8
1199.1	11
1199.32	15
1199.54	17
1199.77	13
1199.99	8
1200.21	7
1200.43	11
1200.65	13
1200.87	8
1201.09	14
1201.31	15
1201.53	16
1201.75	11
1201.97	8
1202.19	11
1202.41	9
1202.63	7
1202.85	12
1203.07	17
1203.29	6
1203.51	11
1203.73	10
1203.95	10
1204.17	9
1204.39	9
1204.61	10
1204.83	4
1205.05	10
1205.27	7
1205.49	9
1205.71	10
1205.93	14
1206.15	13
1206.37	7
1206.59	11
1206.81	12
1207.03	14
1207.25	13
1207.47	7
1207.69	12
1207.91	10
1208.13	8
1208.35	12
1208.57	13
1208.79	10
1209.01	16
1209.23	13
1209.45	12
1209.67	9
1209.89	7
1210.11	12
1210.33	8
1210.55	8
1210.77	9
1210.99	11
1211.21	11
1211.43	10
1211.65	7
1211.87	7
1212.09	6
1212.31	8
1212.53	14
1212.75	10
1212.97	14
1213.19	8
1213.41	15
1213.63	6
1213.85	8
1214.07	10
1214.29	14
1214.51	8
1214.73	17
1214.95	15
1215.17	33
1215.39	30
1215.61	40
1215.83	45
1216.05	49
1216.27	42
1216.49	51
1216.71	57
1216.93	44
1217.15	38
1217.37	21
1217.59	21
1217.81	15
1218.03	7
1218.25	10
1218.47	11
1218.69	12
1218.91	12
1219.13	10
1219.35	6
1219.57	13
1219.79	6
1220.01	11
1220.23	6
1220.45	11
1220.67	4
1220.89	17
1221.11	10
1221.33	6
1221.55	13
1221.78	10
1222	10
1222.22	6
1222.44	10
1222.66	8
1222.88	15
1223.1	19
1223.32	9
1223.54	11
1223.76	5
1223.98	10
1224.2	7
1224.42	12
1224.64	7
1224.86	7
1225.08	7
1225.3	14
1225.52	11
1225.74	17
1225.96	6
1226.18	7
1226.4	8
1226.62	2
1226.84	9
1227.06	9
1227.28	4
1227.5	8
1227.72	11
1227.94	12
1228.16	6
1228.38	16
1228.6	8
1228.82	10
1229.04	15
1229.26	6
1229.48	10
1229.7	12
1229.92	4
1230.14	10
1230.36	7
1230.58	10
1230.8	8
1231.02	19
1231.24	9
1231.46	8
1231.68	8
1231.9	10
1232.12	6
1232.34	5
1232.56	8
1232.78	10
1233	11
1233.22	9
1233.44	7
1233.66	12
1233.88	18
1234.1	7
1234.32	9
1234.54	8
1234.76	6
1234.98	9
1235.2	14
1235.42	11
1235.64	6
1235.86	15
1236.08	19
1236.3	12
1236.52	23
1236.74	21
1236.96	19
1237.18	25
1237.4	22
1237.62	23
1237.84	16
1238.06	15
1238.28	17
1238.5	11
1238.72	4
1238.94	8
1239.16	6
1239.38	10
1239.6	5
1239.82	8
1240.04	10
1240.26	7
1240.48	8
1240.7	7
1240.92	4
1241.14	8
1241.36	3
1241.58	8
1241.8	6
1242.02	6
1242.24	5
1242.46	7
1242.68	8
1242.9	2
1243.12	9
1243.34	7
1243.57	12
1243.79	8
1244.01	9
1244.23	12
1244.45	4
1244.67	6
1244.89	7
1245.11	4
1245.33	6
1245.55	3
1245.77	9
1245.99	10
1246.21	8
1246.43	13
1246.65	11
1246.87	5
1247.09	12
1247.31	13
1247.53	5
1247.75	8
1247.97	3
1248.19	10
1248.41	11
1248.63	9
1248.85	10
1249.07	6
1249.29	6
1249.51	5
1249.73	6
1249.95	10
1250.17	9
1250.39	12
1250.61	3
1250.83	5
1251.05	8
1251.27	11
1251.49	13
1251.71	8
1251.93	8
1252.15	10
1252.37	14
1252.59	14
1252.81	5
1253.03	13
1253.25	16
1253.47	9
1253.69	15
1253.91	16
1254.13	9
1254.35	7
1254.57	12
1254.79	11
1255.01	7
1255.23	10
1255.45	7
1255.67	6
1255.89	7
1256.11	19
1256.33	6
1256.55	10
1256.77	8
1256.99	9
1257.21	14
1257.43	4
1257.65	8
1257.87	11
1258.09	13
1258.31	5
1258.53	11
1258.75	13
1258.97	8
1259.19	9
1259.41	3
1259.63	9
1259.85	7
1260.07	10
1260.29	5
1260.51	12
1260.73	7
1260.95	7
1261.17	6
1261.39	7
1261.61	10
1261.83	5
1262.05	7
1262.27	8
1262.49	4
1262.71	7
1262.93	5
1263.15	6
1263.37	7
1263.59	9
1263.81	6
1264.03	10
1264.25	6
1264.47	8
1264.69	7
1264.91	3
1265.13	7
1265.35	11
1265.58	9
1265.8	6
1266.02	4
1266.24	6
1266.46	5
1266.68	6
1266.9	9
1267.12	9
1267.34	3
1267.56	9
1267.78	6
1268	4
1268.22	2
1268.44	6
1268.66	8
1268.88	6
1269.1	4
1269.32	4
1269.54	8
1269.76	3
1269.98	2
1270.2	10
1270.42	3
1270.64	5
1270.86	8
1271.08	9
1271.3	3
1271.52	8
1271.74	11
1271.96	7
1272.18	3
1272.4	4
1272.62	9
1272.84	11
1273.06	9
1273.28	5
1273.5	2
1273.72	9
1273.94	3
1274.16	3
1274.38	3
1274.6	5
1274.82	2
1275.04	2
1275.26	5
1275.48	6
1275.7	3
1275.92	5
1276.14	6
1276.36	6
1276.58	11
1276.8	4
1277.02	5
1277.24	9
1277.46	3
1277.68	7
1277.9	8
1278.12	3
1278.34	9
1278.56	3
1278.78	7
1279	3
1279.22	8
1279.44	8
1279.66	9
1279.88	1
1280.1	5
1280.32	6
1280.54	7
1280.76	4
1280.98	14
1281.2	5
1281.42	3
1281.64	6
1281.86	2
1282.08	5
1282.3	4
1282.52	4
1282.74	3
1282.96	7
1283.18	6
1283.4	2
1283.62	1
1283.84	8
1284.06	7
1284.28	5
1284.5	3
1284.72	3
1284.94	2
1285.16	5
1285.38	4
1285.6	3
1285.82	7
1286.04	6
1286.26	6
1286.48	8
1286.7	5
1286.92	6
1287.14	4
1287.36	4
1287.59	7
1287.81	5
1288.03	4
1288.25	8
1288.47	2
1288.69	3
1288.91	3
1289.13	2
1289.35	6
1289.57	3
1289.79	4
1290.01	4
1290.23	5
1290.45	2
1290.67	1
1290.89	7
1291.11	3
1291.33	5
1291.55	4
1291.77	7
1291.99	10
1292.21	8
1292.43	5
1292.65	6
1292.87	3
1293.09	4
1293.31	5
1293.53	5
1293.75	3
1293.97	5
1294.19	2
1294.41	1
1294.63	0
1294.85	5
1295.07	4
1295.29	9
1295.51	7
1295.73	5
1295.95	10
1296.17	7
1296.39	9
1296.61	4
1296.83	13
1297.05	10
1297.27	2
1297.49	9
1297.71	5
1297.93	8
1298.15	4
1298.37	3
1298.59	2
1298.81	2
1299.03	8
1299.25	5
1299.47	5
1299.69	6
1299.91	6
1300.13	2
1300.35	5
1300.57	1
1300.79	9
1301.01	8
1301.23	13
1301.45	13
1301.67	12
1301.89	22
1302.11	23
1302.33	38
1302.55	50
1302.77	54
1302.99	58
1303.21	51
1303.43	42
1303.65	31
1303.87	29
1304.09	16
1304.31	17
1304.53	8
1304.75	9
1304.97	9
1305.19	5
1305.41	3
1305.63	3
1305.85	2
1306.07	8
1306.29	1
1306.51	3
1306.73	4
1306.95	1
1307.17	5
1307.39	3
1307.61	3
1307.83	4
1308.05	1
1308.27	0
1308.49	2
1308.71	2
1308.93	6
1309.15	1
1309.37	3
1309.6	2
1309.82	5
1310.04	2
1310.26	4
1310.48	2
1310.7	3
1310.92	4
1311.14	5
1311.36	2
1311.58	4
1311.8	2
1312.02	4
1312.24	3
1312.46	2
1312.68	1
1312.9	4
1313.12	2
1313.34	5
1313.56	1
1313.78	5
1314	5
1314.22	4
1314.44	5
1314.66	3
1314.88	3
1315.1	6
1315.32	3
1315.54	2
1315.76	6
1315.98	1
1316.2	2
1316.42	2
1316.64	2
1316.86	3
1317.08	3
1317.3	3
1317.52	3
1317.74	2
1317.96	3
1318.18	2
1318.4	2
1318.62	2
1318.84	6
1319.06	2
1319.28	3
1319.5	9
1319.72	2
1319.94	1
1320.16	2
1320.38	4
1320.6	1
1320.82	7
1321.04	4
1321.26	6
1321.48	1
1321.7	2
1321.92	1
1322.14	1
1322.36	6
1322.58	5
1322.8	6
1323.02	3
1323.24	4
1323.46	3
1323.68	2
1323.9	7
1324.12	0
1324.34	2
1324.56	0
1324.78	1
1325	2
1325.22	3
1325.44	0
1325.66	1
1325.88	1
1326.1	2
1326.32	2
1326.54	0
1326.76	0
1326.98	5
1327.2	3
1327.42	0
1327.64	2
1327.86	2
1328.08	4
1328.3	2
1328.52	4
1328.74	2
1328.96	2
1329.18	0
1329.4	3
1329.62	1
1329.84	1
1330.06	5
1330.28	5
1330.5	4
1330.72	2
1330.94	2
1331.16	4
1331.38	2
1331.61	4
1331.83	2
1332.05	4
1332.27	2
1332.49	1
1332.71	2
1332.93	3
1333.15	2
1333.37	1
1333.59	2
1333.81	4
1334.03	1
1334.25	5
1334.47	3
1334.69	5
1334.91	1
1335.13	3
1335.35	3
1335.57	2
1335.79	0
1336.01	5
1336.23	4
1336.45	2
1336.67	2
1336.89	0
1337.11	0
1337.33	6
1337.55	4
1337.77	1
1337.99	3
1338.21	0
1338.43	4
1338.65	4
1338.87	5
1339.09	1
1339.31	6
1339.53	3
1339.75	3
1339.97	3
1340.19	1
1340.41	1
1340.63	2
1340.85	4
1341.07	1
1341.29	5
1341.51	2
1341.73	2
1341.95	0
1342.17	2
1342.39	4
1342.61	2
1342.83	0
1343.05	8
1343.27	0
1343.49	2
1343.71	3
1343.93	0
1344.15	3
1344.37	2
1344.59	1
1344.81	3
1345.03	4
1345.25	2
1345.47	3
1345.69	1
1345.91	2
1346.13	1
1346.35	5
1346.57	2
1346.79	1
1347.01	1
1347.23	4
1347.45	2
1347.67	4
1347.89	5
1348.11	2
1348.33	1
1348.55	1
1348.77	1
1348.99	2
1349.21	1
1349.43	1
1349.65	3
1349.87	1
1350.09	2
1350.31	1
1350.53	0
1350.75	0
1350.97	0
1351.19	3
1351.41	5
1351.63	2
1351.85	5
1352.07	1
1352.29	3
1352.51	2
1352.73	4
1352.95	3
1353.17	2
1353.39	2
1353.62	3
1353.84	2
1354.06	1
1354.28	2
1354.5	1
1354.72	1
1354.94	2
1355.16	1
1355.38	3
1355.6	1
1355.82	0
1356.04	0
1356.26	1
1356.48	1
1356.7	0
1356.92	3
1357.14	0
1357.36	2
1357.58	1
1357.8	4
1358.02	1
1358.24	1
1358.46	3
1358.68	3
1358.9	2
1359.12	4
1359.34	1
1359.56	2
1359.78	3
1360	4
1360.22	3
1360.44	1
1360.66	2
1360.88	5
1361.1	0
1361.32	2
1361.54	4
1361.76	3
1361.98	2
1362.2	1
1362.42	1
1362.64	2
1362.86	1
1363.08	3
1363.3	2
1363.52	2
1363.74	3
1363.96	0
1364.18	2
1364.4	0
1364.62	2
1364.84	1
1365.06	4
1365.28	2
1365.5	2
1365.72	1
1365.94	0
1366.16	0
1366.38	1
1366.6	0
1366.82	1
1367.04	5
1367.26	2
1367.48	1
1367.7	0
1367.92	3
1368.14	0
1368.36	0
1368.58	0
1368.8	2
1369.02	1
1369.24	3
1369.46	5
1369.68	2
1369.9	4
1370.12	0
1370.34	1
1370.56	0
1370.78	1
1371	0
1371.22	1
1371.44	3
1371.66	1
1371.88	2
1372.1	4
1372.32	2
1372.54	0
1372.76	1
1372.98	2
1373.2	4
1373.42	0
1373.64	1
1373.86	0
1374.08	3
1374.3	1
1374.52	4
1374.74	2
1374.96	1
1375.18	1
1375.4	1
1375.63	0
1375.85	1
1376.07	4
1376.29	1
1376.51	1
1376.73	2
1376.95	1
1377.17	0
1377.39	2
1377.61	1
1377.83	1
1378.05	4
1378.27	2
1378.49	0
1378.71	3
1378.93	2
1379.15	0
1379.37	0
1379.59	3
1379.81	5
1380.03	1
1380.25	3
1380.47	0
1380.69	0
1380.91	0
1381.13	0
1381.35	0
1381.57	0
1381.79	3
1382.01	1
1382.23	2
1382.45	0
1382.67	0
1382.89	2
1383.11	0
1383.33	0
1383.55	2
1383.77	1
1383.99	1
1384.21	2
1384.43	0
1384.65	1
1384.87	1
1385.09	1
1385.31	2
1385.53	1
1385.75	2
1385.97	0
1386.19	0
1386.41	2
1386.63	1
1386.85	2
1387.07	1
1387.29	1
1387.51	3
1387.73	0
1387.95	0
1388.17	1
1388.39	0
1388.61	0
1388.83	0
1389.05	0
1389.27	0
1389.49	3
1389.71	1
1389.93	2
1390.15	2
1390.37	3
1390.59	1
1390.81	1
1391.03	0
1391.25	2
1391.47	3
1391.69	2
1391.91	2
1392.13	1
1392.35	1
1392.57	1
1392.79	3
1393.01	0
1393.23	1
1393.45	0
1393.67	1
1393.89	0
1394.11	3
1394.33	0
1394.55	3
1394.77	1
1394.99	2
1395.21	1
1395.43	3
1395.65	2
1395.87	0
1396.09	1
1396.31	1
1396.53	0
1396.75	1
1396.97	2
1397.19	1
1397.41	1
1397.64	1
1397.86	1
1398.08	0
1398.3	3
1398.52	0
1398.74	2
1398.96	4
1399.18	1
1399.4	1
1399.62	0
1399.84	1
1400.06	0
1400.28	0
1400.5	2
1400.72	1
1400.94	1
1401.16	0
1401.38	0
1401.6	1
1401.82	1
1402.04	1
1402.26	1
1402.48	2
1402.7	0
1402.92	2
1403.14	2
1403.36	0
1403.58	1
1403.8	1
1404.02	0
1404.24	1
1404.46	1
1404.68	2
1404.9	0
1405.12	2
1405.34	0
1405.56	3
1405.78	1
1406	3
1406.22	1
1406.44	1
1406.66	1
1406.88	1
1407.1	2
1407.32	2
1407.54	3
1407.76	1
1407.98	0
1408.2	2
1408.42	3
1408.64	0
1408.86	1
1409.08	3
1409.3	4
1409.52	6
1409.74	4
1409.96	11
1410.18	12
1410.4	28
1410.62	37
1410.84	74
1411.06	117
1411.28	147
1411.5	265
1411.72	312
1411.94	381
1412.16	446
1412.38	529
1412.6	552
1412.82	471
1413.04	404
1413.26	332
1413.48	276
1413.7	211
1413.92	128
1414.14	80
1414.36	49
1414.58	19
1414.8	11
1415.02	10
1415.24	4
1415.46	1
1415.68	0
1415.9	2
1416.12	3
1416.34	2
1416.56	1
1416.78	4
1417	1
1417.22	0
1417.44	3
1417.66	0
1417.88	1
1418.1	1
1418.32	2
1418.54	2
1418.76	2
1418.98	1
1419.2	1
1419.42	3
1419.65	6
1419.87	2
1420.09	2
1420.31	1
1420.53	3
1420.75	2
1420.97	1
1421.19	2
1421.41	0
1421.63	2
1421.85	1
1422.07	2
1422.29	0
1422.51	1
1422.73	1
1422.95	1
1423.17	1
1423.39	0
1423.61	1
1423.83	0
1424.05	1
1424.27	1
1424.49	2
1424.71	2
1424.93	1
1425.15	2
1425.37	1
1425.59	1
1425.81	0
1426.03	1
1426.25	2
1426.47	0
1426.69	0
1426.91	0
1427.13	2
1427.35	2
1427.57	1
1427.79	0
1428.01	1
1428.23	0
1428.45	0
1428.67	1
1428.89	3
1429.11	1
1429.33	1
1429.55	0
1429.77	1
1429.99	0
1430.21	1
1430.43	0
1430.65	2
1430.87	1
1431.09	1
1431.31	3
1431.53	1
1431.75	2
1431.97	1
1432.19	0
1432.41	0
1432.63	0
1432.85	2
1433.07	1
1433.29	1
1433.51	0
1433.73	0
1433.95	1
1434.17	1
1434.39	0
1434.61	1
1434.83	1
1435.05	0
1435.27	1
1435.49	2
1435.71	1
1435.93	0
1436.15	0
1436.37	1
1436.59	0
1436.81	2
1437.03	1
1437.25	1
1437.47	2
1437.69	2
1437.91	2
1438.13	3
1438.35	2
1438.57	2
1438.79	4
1439.01	1
1439.23	1
1439.45	0
1439.67	2
1439.89	3
1440.11	4
1440.33	1
1440.55	1
1440.77	3
1440.99	2
1441.21	1
1441.43	4
1441.66	2
1441.88	5
1442.1	3
1442.32	4
1442.54	1
1442.76	3
1442.98	1
1443.2	3
1443.42	3
1443.64	3
1443.86	3
1444.08	2
1444.3	2
1444.52	3
1444.74	2
1444.96	5
1445.18	0
1445.4	3
1445.62	4
1445.84	4
1446.06	4
1446.28	3
1446.5	5
1446.72	5
1446.94	5
1447.16	4
1447.38	3
1447.6	6
1447.82	5
1448.04	6
1448.26	8
1448.48	4
1448.7	1
1448.92	6
1449.14	3
1449.36	3
1449.58	7
1449.8	8
1450.02	5
1450.24	6
1450.46	5
1450.68	9
1450.9	10
1451.12	11
1451.34	14
1451.56	24
1451.78	38
1452	31
1452.22	38
1452.44	39
1452.66	44
1452.88	38
1453.1	28
1453.32	35
1453.54	24
1453.76	23
1453.98	17
1454.2	6
1454.42	5
1454.64	3
1454.86	6
1455.08	2
1455.3	0
1455.52	4
1455.74	2
1455.96	2
1456.18	2
1456.4	1
1456.62	0
1456.84	4
1457.06	6
1457.28	8
1457.5	8
1457.72	8
1457.94	4
1458.16	11
1458.38	8
1458.6	13
1458.82	6
1459.04	6
1459.26	6
1459.48	2
1459.7	4
1459.92	2
1460.14	0
1460.36	5
1460.58	2
1460.8	3
1461.02	7
1461.24	3
1461.46	8
1461.68	13
1461.9	12
1462.12	14
1462.34	11
1462.56	15
1462.78	12
1463	7
1463.22	9
1463.44	11
1463.67	7
1463.89	3
1464.11	1
1464.33	1
1464.55	3
1464.77	0
1464.99	0
1465.21	1
1465.43	1
1465.65	3
1465.87	1
1466.09	1
1466.31	1
1466.53	1
1466.75	2
1466.97	1
1467.19	3
1467.41	1
1467.63	0
1467.85	0
1468.07	0
1468.29	0
1468.51	0
1468.73	0
1468.95	1
1469.17	0
1469.39	0
1469.61	2
1469.83	0
1470.05	1
1470.27	0
1470.49	0
1470.71	1
1470.93	0
1471.15	0
1471.37	0
1471.59	1
1471.81	1
1472.03	0
1472.25	0
1472.47	0
1472.69	0
1472.91	0
1473.13	0
1473.35	0
1473.57	0
1473.79	0
1474.01	1
1474.23	1
1474.45	1
1474.67	0
1474.89	0
1475.11	0
1475.33	1
1475.55	0
1475.77	1
1475.99	0
1476.21	1
1476.43	0
1476.65	1
1476.87	0
1477.09	1
1477.31	0
1477.53	3
1477.75	1
1477.97	1
1478.19	0
1478.41	1
1478.63	2
1478.85	0
1479.07	0
1479.29	0
1479.51	1
1479.73	1
1479.95	1
1480.17	0
1480.39	1
1480.61	0
1480.83	0
1481.05	2
1481.27	0
1481.49	0
1481.71	0
1481.93	1
1482.15	1
1482.37	0
1482.59	0
1482.81	0
1483.03	2
1483.25	1
1483.47	2
1483.69	0
1483.91	1
1484.13	0
1484.35	0
1484.57	0
1484.79	1
1485.01	2
1485.23	1
1485.45	0
1485.68	1
1485.9	0
1486.12	2
1486.34	2
1486.56	0
1486.78	0
1487	0
1487.22	0
1487.44	0
1487.66	1
1487.88	0
1488.1	0
1488.32	1
1488.54	0
1488.76	1
1488.98	1
1489.2	1
1489.42	0
1489.64	1
1489.86	0
1490.08	1
1490.3	0
1490.52	1
1490.74	3
1490.96	0
1491.18	1
1491.4	0
1491.62	2
1491.84	0
1492.06	1
1492.28	2
1492.5	2
1492.72	2
1492.94	1
1493.16	0
1493.38	1
1493.6	0
1493.82	1
1494.04	3
1494.26	1
1494.48	0
1494.7	2
1494.92	1
1495.14	0
1495.36	0
1495.58	1
1495.8	1
1496.02	2
1496.24	2
1496.46	1
1496.68	3
1496.9	1
1497.12	0
1497.34	0
1497.56	3
1497.78	0
1498	0
1498.22	1
1498.44	1
1498.66	2
1498.88	0
1499.1	1
1499.32	1
1499.54	2
1499.76	0
1499.98	1
1500.2	3
1500.42	2
1500.64	0
1500.86	2
1501.08	3
1501.3	1
1501.52	0
1501.74	0
1501.96	3
1502.18	1
1502.4	2
1502.62	1
1502.84	2
1503.06	0
1503.28	3
1503.5	0
1503.72	1
1503.94	0
1504.16	0
1504.38	1
1504.6	1
1504.82	1
1505.04	2
1505.26	0
1505.48	1
1505.7	0
1505.92	1
1506.14	2
1506.36	1
1506.58	0
1506.8	0
1507.02	0
1507.24	1
1507.46	3
1507.68	0
1507.91	0
1508.13	0
1508.35	0
1508.57	3
1508.79	0
1509.01	1
1509.23	1
1509.45	1
1509.67	0
1509.89	0
1510.11	1
1510.33	0
1510.55	2
1510.77	1
1510.99	0
1511.21	0
1511.43	0
1511.65	0
1511.87	0
1512.09	0
1512.31	1
1512.53	0
1512.75	1
1512.97	0
1513.19	0
1513.41	1
1513.63	0
1513.85	0
1514.07	0
1514.29	0
1514.51	0
1514.73	2
1514.95	1
1515.17	0
1515.39	2
1515.61	0
1515.83	1
1516.05	0
1516.27	1
1516.49	1
1516.71	2
1516.93	0
1517.15	0
1517.37	1
1517.59	2
1517.81	0
1518.03	0
1518.25	1
1518.47	0
1518.69	0
1518.91	2
1519.13	0
1519.35	0
1519.57	0
1519.79	0
1520.01	2
1520.23	1
1520.45	0
1520.67	0
1520.89	0
1521.11	0
1521.33	1
1521.55	2
1521.77	0
1521.99	0
1522.21	1
1522.43	0
1522.65	1
1522.87	0
1523.09	0
1523.31	1
1523.53	1
1523.75	1
1523.97	1
1524.19	0
1524.41	0
1524.63	0
1524.85	0
1525.07	0
1525.29	1
1525.51	0
1525.73	1
1525.95	1
1526.17	0
1526.39	1
1526.61	0
1526.83	1
1527.05	0
1527.27	0
1527.49	0
1527.71	0
1527.93	0
1528.15	0
1528.37	1
1528.59	3
1528.81	0
1529.03	1
1529.25	1
1529.47	3
1529.69	1
1529.92	1
1530.14	0
1530.36	1
1530.58	0
1530.8	0
1531.02	0
1531.24	0
1531.46	0
1531.68	1
1531.9	4
1532.12	1
1532.34	9
1532.56	6
1532.78	4
1533	3
1533.22	5
1533.44	7
1533.66	13
1533.88	18
1534.1	21
1534.32	19
1534.54	22
1534.76	29
1534.98	23
1535.2	20
1535.42	20
1535.64	12
1535.86	17
1536.08	8
1536.3	4
1536.52	3
1536.74	4
1536.96	3
1537.18	0
1537.4	1
1537.62	0
1537.84	0
1538.06	0
1538.28	0
1538.5	2
1538.72	1
1538.94	0
1539.16	0
1539.38	0
1539.6	0
1539.82	0
1540.04	0
1540.26	0
1540.48	0
1540.7	0
1540.92	0
1541.14	0
1541.36	0
1541.58	1
1541.8	0
1542.02	0
1542.24	0
1542.46	0
1542.68	0
1542.9	0
1543.12	0
1543.34	0
1543.56	1
1543.78	0
1544	0
1544.22	0
1544.44	2
1544.66	0
1544.88	0
1545.1	0
1545.32	0
1545.54	0
1545.76	1
1545.98	0
1546.2	0
1546.42	0
1546.64	1
1546.86	1
1547.08	1
1547.3	1
1547.52	0
1547.74	0
1547.96	1
1548.18	0
1548.4	0
1548.62	0
1548.84	1
1549.06	0
1549.28	0
1549.5	0
1549.72	0
1549.94	0
1550.16	0
1550.38	0
1550.6	0
1550.82	0
1551.04	0
1551.26	0
1551.48	0
1551.7	0
1551.93	0
1552.15	0
1552.37	2
1552.59	0
1552.81	0
1553.03	0
1553.25	0
1553.47	0
1553.69	0
1553.91	1
1554.13	0
1554.35	0
1554.57	0
1554.79	1
1555.01	0
1555.23	0
1555.45	0
1555.67	0
1555.89	0
1556.11	0
1556.33	0
1556.55	0
1556.77	0
1556.99	0
1557.21	0
1557.43	0
1557.65	0
1557.87	0
1558.09	0
1558.31	0
1558.53	0
1558.75	0
1558.97	0
1559.19	0
1559.41	0
1559.63	0
1559.85	1
1560.07	0
1560.29	0
1560.51	0
1560.73	0
1560.95	1
1561.17	1
1561.39	0
1561.61	0
1561.83	0
1562.05	0
1562.27	0
1562.49	0
1562.71	0
1562.93	0
1563.15	1
1563.37	0
1563.59	1
1563.81	0
1564.03	0
1564.25	1
1564.47	0
1564.69	0
1564.91	0
1565.13	0
1565.35	0
1565.57	0
1565.79	0
1566.01	0
1566.23	0
1566.45	0
1566.67	0
1566.89	0
1567.11	1
1567.33	0
1567.55	0
1567.77	0
1567.99	0
1568.21	1
1568.43	1
1568.65	0
1568.87	0
1569.09	0
1569.31	0
1569.53	0
1569.75	0
1569.97	0
1570.19	0
1570.41	0
1570.63	0
1570.85	1
1571.07	0
1571.29	0
1571.51	0
1571.73	2
1571.95	3
1572.17	0
1572.39	0
1572.61	2
1572.83	1
1573.05	2
1573.27	1
1573.49	1
1573.71	2
1573.94	0
1574.16	1
1574.38	1
1574.6	1
1574.82	2
1575.04	2
1575.26	4
1575.48	1
1575.7	1
1575.92	1
1576.14	2
1576.36	0
1576.58	0
1576.8	2
1577.02	0
1577.24	0
1577.46	0
1577.68	0
1577.9	0
1578.12	0
1578.34	0
1578.56	0
1578.78	0
1579	0
1579.22	2
1579.44	1
1579.66	1
1579.88	2
1580.1	0
1580.32	0
1580.54	2
1580.76	1
1580.98	1
1581.2	0
1581.42	0
1581.64	1
1581.86	1
1582.08	0
1582.3	1
1582.52	0
1582.74	0
1582.96	1
1583.18	0
1583.4	0
1583.62	0
1583.84	2
1584.06	0
1584.28	1
1584.5	0
1584.72	1
1584.94	0
1585.16	1
1585.38	1
1585.6	1
1585.82	1
1586.04	0
1586.26	0
1586.48	0
1586.7	0
1586.92	0
1587.14	0
1587.36	0
1587.58	0
1587.8	0
1588.02	0
1588.24	1
1588.46	0
1588.68	2
1588.9	0
1589.12	0
1589.34	0
1589.56	0
1589.78	0
1590	0
1590.22	0
1590.44	0
1590.66	0
1590.88	0
1591.1	0
1591.32	0
1591.54	0
1591.76	0
1591.98	0
1592.2	0
1592.42	0
1592.64	0
1592.86	0
1593.08	0
1593.3	0
1593.52	0
1593.74	0
1593.96	0
1594.18	0
1594.4	1
1594.62	0
1594.84	0
1595.06	0
1595.28	0
1595.5	0
1595.72	0
1595.95	0
1596.17	0
1596.39	0
1596.61	0
1596.83	0
1597.05	1
1597.27	1
1597.49	0
1597.71	0
1597.93	0
1598.15	0
1598.37	0
1598.59	0
1598.81	0
1599.03	0
1599.25	0
1599.47	0
1599.69	0
1599.91	0
1600.13	0
1600.35	0
1600.57	1
1600.79	1
1601.01	1
1601.23	0
1601.45	0
1601.67	0
1601.89	0
1602.11	0
1602.33	1
1602.55	0
1602.77	0
1602.99	0
1603.21	0
1603.43	0
1603.65	0
1603.87	0
1604.09	0
1604.31	0
1604.53	0
1604.75	0
1604.97	0
1605.19	0
1605.41	0
1605.63	0
1605.85	0
1606.07	0
1606.29	0
1606.51	0
1606.73	0
1606.95	0
1607.17	0
1607.39	0
1607.61	0
1607.83	0
1608.05	0
1608.27	0
1608.49	0
1608.71	1
1608.93	0
1609.15	0
1609.37	0
1609.59	0
1609.81	0
1610.03	0
1610.25	0
1610.47	0
1610.69	1
1610.91	0
1611.13	0
1611.35	0
1611.57	1
1611.79	0
1612.01	0
1612.23	0
1612.45	0
1612.67	1
1612.89	0
1613.11	1
1613.33	2
1613.55	0
1613.77	1
1613.99	0
1614.21	0
1614.43	0
1614.65	1
1614.87	0
1615.09	1
1615.31	0
1615.53	0
1615.75	1
1615.97	0
1616.19	0
1616.41	0
1616.63	0
1616.85	0
1617.07	0
1617.29	0
1617.51	0
1617.73	0
1617.96	0
1618.18	0
1618.4	0
1618.62	0
1618.84	0
1619.06	0
1619.28	0
1619.5	0
1619.72	0
1619.94	0
1620.16	0
1620.38	0
1620.6	0
1620.82	0
1621.04	0
1621.26	0
1621.48	0
1621.7	0
1621.92	0
1622.14	0
1622.36	0
1622.58	0
1622.8	0
1623.02	0
1623.24	0
1623.46	0
1623.68	0
1623.9	0
1624.12	0
1624.34	0
1624.56	0
1624.78	0
1625	0
1625.22	0
1625.44	0
1625.66	0
1625.88	1
1626.1	0
1626.32	0
1626.54	0
1626.76	0
1626.98	0
1627.2	0
1627.42	0
1627.64	0
1627.86	0
1628.08	0
1628.3	0
1628.52	0
1628.74	0
1628.96	0
1629.18	1
1629.4	0
1629.62	0
1629.84	0
1630.06	0
1630.28	1
1630.5	0
1630.72	0
1630.94	0
1631.16	0
1631.38	1
1631.6	1
1631.82	0
1632.04	0
1632.26	1
1632.48	0
1632.7	0
1632.92	0
1633.14	1
1633.36	0
1633.58	0
1633.8	0
1634.02	0
1634.24	0
1634.46	0
1634.68	0
1634.9	0
1635.12	0
1635.34	0
1635.56	0
1635.78	0
1636	0
1636.22	0
1636.44	0
1636.66	0
1636.88	0
1637.1	1
1637.32	0
1637.54	1
1637.76	0
1637.98	0
1638.2	0
1638.42	0
1638.64	0
1638.86	0
1639.08	0
1639.3	0
1639.52	0
1639.74	0
1639.97	0
1640.19	0
1640.41	0
1640.63	0
1640.85	0
1641.07	0
1641.29	0
1641.51	0
1641.73	0
1641.95	0
1642.17	0
1642.39	0
1642.61	0
1642.83	0
1643.05	0
1643.27	0
1643.49	0
1643.71	1
1643.93	1
1644.15	0
1644.37	0
1644.59	0
1644.81	0
1645.03	0
1645.25	0
1645.47	0
1645.69	0
1645.91	0
1646.13	0
1646.35	0
1646.57	0
1646.79	0
1647.01	0
1647.23	2
1647.45	0
1647.67	0
1647.89	2
1648.11	2
1648.33	1
1648.55	2
1648.77	2
1648.99	4
1649.21	5
1649.43	1
1649.65	3
1649.87	3
1650.09	0
1650.31	1
1650.53	0
1650.75	1
1650.97	0
1651.19	0
1651.41	1
1651.63	0
1651.85	0
1652.07	0
1652.29	0
1652.51	0
1652.73	0
1652.95	0
1653.17	0
1653.39	0
1653.61	0
1653.83	0
1654.05	1
1654.27	0
1654.49	0
1654.71	1
1654.93	1
1655.15	1
1655.37	0
1655.59	0
1655.81	1
1656.03	1
1656.25	0
1656.47	0
1656.69	0
1656.91	0
1657.13	0
1657.35	0
1657.57	0
1657.79	0
1658.01	0
1658.23	0
1658.45	0
1658.67	0
1658.89	0
1659.11	0
1659.33	0
1659.55	0
1659.77	0
1659.99	1
1660.21	0
1660.43	0
1660.65	0
1660.87	0
1661.09	0
1661.31	0
1661.53	0
1661.75	1
1661.98	0
1662.2	0
1662.42	0
1662.64	0
1662.86	0
1663.08	1
1663.3	0
1663.52	0
1663.74	0
1663.96	0
1664.18	1
1664.4	0
1664.62	0
1664.84	0
1665.06	0
1665.28	0
1665.5	0
1665.72	0
1665.94	0
1666.16	0
1666.38	0
1666.6	0
1666.82	0
1667.04	0
1667.26	0
1667.48	0
1667.7	0
1667.92	0
1668.14	0
1668.36	0
1668.58	0
1668.8	0
1669.02	1
1669.24	0
1669.46	0
1669.68	0
1669.9	0
1670.12	0
1670.34	0
1670.56	0
1670.78	0
1671	0
1671.22	0
1671.44	0
1671.66	0
1671.88	0
1672.1	0
1672.32	0
1672.54	0
1672.76	0
1672.98	0
1673.2	0
1673.42	0
1673.64	0
1673.86	0
1674.08	0
1674.3	0
1674.52	0
1674.74	0
1674.96	0
1675.18	0
1675.4	0
1675.62	0
1675.84	0
1676.06	1
1676.28	0
1676.5	0
1676.72	0
1676.94	0
1677.16	1
1677.38	0
1677.6	1
1677.82	0
1678.04	0
1678.26	0
1678.48	0
1678.7	0
1678.92	0
1679.14	0
1679.36	0
1679.58	0
1679.8	0
1680.02	0
1680.24	0
1680.46	0
1680.68	0
1680.9	0
1681.12	0
1681.34	0
1681.56	0
1681.78	1
1682	0
1682.22	0
1682.44	0
1682.66	0
1682.88	0
1683.1	0
1683.32	0
1683.54	0
1683.76	0
1683.99	0
1684.21	0
1684.43	1
1684.65	0
1684.87	0
1685.09	0
1685.31	0
1685.53	0
1685.75	0
1685.97	0
1686.19	0
1686.41	0
1686.63	0
1686.85	0
1687.07	0
1687.29	0
1687.51	0
1687.73	0
1687.95	0
1688.17	0
1688.39	0
1688.61	0
1688.83	0
1689.05	0
1689.27	0
1689.49	0
1689.71	0
1689.93	0
1690.15	1
1690.37	0
1690.59	0
1690.81	0
1691.03	1
1691.25	0
1691.47	0
1691.69	0
1691.91	0
1692.13	0
1692.35	0
1692.57	0
1692.79	1
1693.01	0
1693.23	0
1693.45	0
1693.67	0
1693.89	0
1694.11	0
1694.33	1
1694.55	0
1694.77	0
1694.99	1
1695.21	0
1695.43	0
1695.65	0
1695.87	0
1696.09	0
1696.31	0
1696.53	0
1696.75	1
1696.97	1
1697.19	0
1697.41	1
1697.63	0
1697.85	0
1698.07	0
1698.29	0
1698.51	0
1698.73	0
1698.95	0
1699.17	0
1699.39	0
1699.61	0
1699.83	0
1700.05	0
1700.27	0
1700.49	0
1700.71	0
1700.93	0
1701.15	0
1701.37	0
1701.59	0
1701.81	0
1702.03	0
1702.25	0
1702.47	0
1702.69	0
1702.91	1
1703.13	0
1703.35	0
1703.57	0
1703.79	0
1704.01	0
1704.23	0
1704.45	0
1704.67	0
1704.89	0
1705.11	0
1705.33	0
1705.55	0
1705.77	0
1706	0
1706.22	0
1706.44	0
1706.66	0
1706.88	0
1707.1	0
1707.32	0
1707.54	1
1707.76	0
1707.98	0
1708.2	0
1708.42	0
1708.64	0
1708.86	0
1709.08	0
1709.3	0
1709.52	0
1709.74	1
1709.96	0
1710.18	0
1710.4	0
1710.62	0
1710.84	0
1711.06	0
1711.28	0
1711.5	0
1711.72	0
1711.94	0
1712.16	0
1712.38	0
1712.6	0
1712.82	0
1713.04	0
1713.26	0
1713.48	1
1713.7	0
1713.92	0
1714.14	0
1714.36	0
1714.58	0
1714.8	0
1715.02	0
1715.24	0
1715.46	0
1715.68	0
1715.9	0
1716.12	0
1716.34	0
1716.56	0
1716.78	0
1717	0
1717.22	0
1717.44	0
1717.66	0
1717.88	0
1718.1	0
1718.32	0
1718.54	0
1718.76	0
1718.98	0
1719.2	0
1719.42	0
1719.64	0
1719.86	0
1720.08	0
1720.3	0
1720.52	0
1720.74	0
1720.96	0
1721.18	0
1721.4	0
1721.62	0
1721.84	0
1722.06	0
1722.28	0
1722.5	1
1722.72	0
1722.94	0
1723.16	0
1723.38	0
1723.6	2
1723.82	1
1724.04	0
1724.26	0
1724.48	0
1724.7	1
1724.92	0
1725.14	0
1725.36	0
1725.58	0
1725.8	0
1726.02	0
1726.24	0
1726.46	0
1726.68	0
1726.9	0
1727.12	0
1727.34	0
1727.56	0
1727.78	0
1728.01	1
1728.23	0
1728.45	0
1728.67	0
1728.89	0
1729.11	0
1729.33	0
1729.55	0
1729.77	0
1729.99	0
1730.21	0
1730.43	0
1730.65	0
1730.87	0
1731.09	0
1731.31	0
1731.53	0
1731.75	0
1731.97	0
1732.19	0
1732.41	0
1732.63	0
1732.85	1
1733.07	0
1733.29	0
1733.51	0
1733.73	0
1733.95	0
1734.17	0
1734.39	0
1734.61	0
1734.83	0
1735.05	0
1735.27	0
1735.49	0
1735.71	0
1735.93	0
1736.15	0
1736.37	0
1736.59	0
1736.81	0
1737.03	0
1737.25	0
1737.47	0
1737.69	0
1737.91	0
1738.13	0
1738.35	0
1738.57	0
1738.79	0
1739.01	0
1739.23	0
1739.45	0
1739.67	0
1739.89	0
1740.11	0
1740.33	0
1740.55	0
1740.77	0
1740.99	0
1741.21	0
1741.43	0
1741.65	0
1741.87	0
1742.09	0
1742.31	0
1742.53	0
1742.75	0
1742.97	0
1743.19	0
1743.41	0
1743.63	0
1743.85	0
1744.07	0
1744.29	0
1744.51	0
1744.73	0
1744.95	0
1745.17	0
1745.39	0
1745.61	0
1745.83	0
1746.05	0
1746.27	0
1746.49	0
1746.71	0
1746.93	0
1747.15	0
1747.37	0
1747.59	0
1747.81	0
1748.03	0
1748.25	0
1748.47	0
1748.69	0
1748.91	0
1749.13	0
1749.35	0
1749.57	1
1749.79	0
1750.02	0
1750.24	0
1750.46	0
1750.68	0
1750.9	0
1751.12	0
1751.34	0
1751.56	0
1751.78	0
1752	0
1752.22	0
1752.44	0
1752.66	0
1752.88	0
1753.1	0
1753.32	0
1753.54	0
1753.76	0
1753.98	0
1754.2	0
1754.42	0
1754.64	0
1754.86	0
1755.08	0
1755.3	1
1755.52	1
1755.74	0
1755.96	0
1756.18	0
1756.4	0
1756.62	0
1756.84	0
1757.06	0
1757.28	0
1757.5	0
1757.72	1
1757.94	0
1758.16	0
1758.38	0
1758.6	1
1758.82	1
1759.04	0
1759.26	0
1759.48	0
1759.7	0
1759.92	0
1760.14	0
1760.36	0
1760.58	0
1760.8	0
1761.02	0
1761.24	0
1761.46	1
1761.68	0
1761.9	0
1762.12	0
1762.34	0
1762.56	0
1762.78	0
1763	0
1763.22	0
1763.44	0
1763.66	0
1763.88	0
1764.1	0
1764.32	0
1764.54	0
1764.76	0
1764.98	0
1765.2	0
1765.42	0
1765.64	0
1765.86	0
1766.08	0
1766.3	0
1766.52	0
1766.74	0
1766.96	0
1767.18	0
1767.4	0
1767.62	0
1767.84	0
1768.06	0
1768.28	0
1768.5	0
1768.72	1
1768.94	0
1769.16	0
1769.38	0
1769.6	0
1769.82	0
1770.04	1
1770.26	0
1770.48	0
1770.7	0
1770.92	0
1771.14	0
1771.36	0
1771.58	1
1771.8	0
1772.03	0
1772.25	1
1772.47	0
1772.69	0
1772.91	1
1773.13	0
1773.35	0
1773.57	0
1773.79	1
1774.01	1
1774.23	1
1774.45	0
1774.67	0
1774.89	0
1775.11	0
1775.33	0
1775.55	0
1775.77	1
1775.99	0
1776.21	0
1776.43	0
1776.65	0
1776.87	0
1777.09	0
1777.31	0
1777.53	0
1777.75	0
1777.97	0
1778.19	0
1778.41	0
1778.63	0
1778.85	0
1779.07	0
1779.29	0
1779.51	0
1779.73	0
1779.95	0
1780.17	1
1780.39	0
1780.61	0
1780.83	1
1781.05	0
1781.27	0
1781.49	0
1781.71	0
1781.93	0
1782.15	1
1782.37	2
1782.59	0
1782.81	1
1783.03	0
1783.25	0
1783.47	0
1783.69	0
1783.91	0
1784.13	0
1784.35	0
1784.57	0
1784.79	0
1785.01	0
1785.23	0
1785.45	0
1785.67	0
1785.89	0
1786.11	0
1786.33	0
1786.55	0
1786.77	0
1786.99	0
1787.21	0
1787.43	0
1787.65	0
1787.87	0
1788.09	0
1788.31	0
1788.53	0
1788.75	0
1788.97	0
1789.19	1
1789.41	0
1789.63	0
1789.85	0
1790.07	0
1790.29	0
1790.51	0
1790.73	0
1790.95	0
1791.17	0
1791.39	0
1791.61	1
1791.83	1
1792.05	0
1792.27	0
1792.49	0
1792.71	0
1792.93	1
1793.15	0
1793.37	0
1793.59	0
1793.81	0
1794.04	0
1794.26	0
1794.48	0
1794.7	0
1794.92	0
1795.14	0
1795.36	0
1795.58	0
1795.8	0
1796.02	0
1796.24	0
1796.46	0
1796.68	0
1796.9	0
1797.12	0
1797.34	0
1797.56	0
1797.78	0
1798	0
1798.22	0
1798.44	0
1798.66	0
1798.88	0
1799.1	0
1799.32	0
1799.54	0
1799.76	0
1799.98	0
1800.2	0
1800.42	1
1800.64	0
1800.86	0
1801.08	0
1801.3	0
1801.52	0
1801.74	0
1801.96	0
1802.18	0
1802.4	0
1802.62	0
1802.84	0
