-5.15587e-020	0
0.2201	0
0.4402	0
0.6603	0
0.8804	0
1.1005	0
1.3206	0
1.5407	0
1.7608	0
1.9809	0
2.201	0
2.4211	0
2.6412	0
2.8613	0
3.0814	0
3.3015	0
3.5216	0
3.7417	0
3.9618	0
4.1819	0
4.402	0
4.6221	0
4.8422	0
5.0623	0
5.2824	0
5.5025	0
5.7226	0
5.9427	0
6.1628	0
6.3829	0
6.603	0
6.8231	0
7.0432	0
7.2633	0
7.4834	12
7.7035	76
7.9236	351
8.1437	703
8.3638	790
8.5839	789
8.804	726
9.0241	762
9.2442	775
9.4643	826
9.6844	799
9.9045	786
10.1246	730
10.3447	829
10.5648	768
10.7849	790
11.005	761
11.2251	790
11.4452	813
11.6653	822
11.8854	762
12.1055	866
12.3256	790
12.5457	853
12.7658	837
12.9859	803
13.206	815
13.4261	798
13.6462	839
13.8663	838
14.0864	842
14.3065	874
14.5266	878
14.7467	915
14.9668	877
15.1869	870
15.407	875
15.6271	935
15.8472	901
16.0673	915
16.2874	913
16.5075	913
16.7276	907
16.9477	987
17.1678	1008
17.3879	1072
17.608	1093
17.8281	1181
18.0482	1270
18.2683	1484
18.4884	1582
18.7085	1460
18.9286	1233
19.1487	994
19.3688	879
19.5889	846
19.809	850
20.0291	884
20.2492	855
20.4693	785
20.6894	846
20.9095	935
21.1296	849
21.3497	872
21.5698	916
21.7899	961
22.01	1032
22.2301	1068
22.4502	1150
22.6703	1226
22.8904	1204
23.1105	1254
23.3306	1317
23.5507	1274
23.7708	1402
23.9909	1472
24.211	1603
24.4311	1868
24.6512	2084
24.8713	2442
25.0914	2588
25.3115	2714
25.5316	2792
25.7517	2729
25.9718	2857
26.1919	2707
26.412	2851
26.6321	2953
26.8522	3123
27.0723	3413
27.2924	4036
27.5125	5296
27.7326	8671
27.9527	14536
28.1728	21200
28.3929	25199
28.613	24333
28.8331	17462
29.0532	9671
29.2733	4360
29.4934	2036
29.7135	1369
29.9336	1180
30.1537	1161
30.3738	1106
30.5939	1194
30.814	1187
31.0341	1154
31.2542	1223
31.4743	1268
31.6944	1363
31.9145	1708
32.1346	2420
32.3547	3929
32.5748	5474
32.7949	6385
33.015	5479
33.2351	4013
33.4552	2929
33.6753	2503
33.8954	2080
34.1155	1500
34.3356	1035
34.5557	814
34.7758	690
34.9959	674
35.216	654
35.4361	648
35.6562	696
35.8763	651
36.0964	633
36.3165	638
36.5366	676
36.7567	652
36.9768	630
37.1969	675
37.417	640
37.6371	684
37.8572	659
38.0773	668
38.2974	648
38.5175	617
38.7376	640
38.9577	652
39.1778	672
39.3979	684
39.618	665
39.8381	693
40.0582	672
40.2783	646
40.4984	666
40.7185	606
40.9386	664
41.1587	648
41.3788	632
41.5989	688
41.819	650
42.0391	649
42.2592	639
42.4793	641
42.6994	669
42.9195	658
43.1396	634
43.3597	605
43.5798	645
43.7999	668
44.02	599
44.2401	602
44.4602	607
44.6803	596
44.9004	651
45.1205	614
45.3406	644
45.5607	665
45.7808	587
46.0009	579
46.221	615
46.4411	637
46.6612	636
46.8813	631
47.1014	642
47.3215	651
47.5416	632
47.7617	593
47.9818	608
48.2019	628
48.422	680
48.6421	635
48.8622	627
49.0823	630
49.3024	604
49.5225	617
49.7426	637
49.9627	612
50.1828	631
50.4029	605
50.623	601
50.8431	629
51.0632	609
51.2833	601
51.5034	648
51.7235	632
51.9436	619
52.1637	642
52.3838	595
52.6039	589
52.824	569
53.0441	606
53.2642	616
53.4843	650
53.7044	625
53.9245	572
54.1446	607
54.3647	622
54.5848	591
54.8049	579
55.025	634
55.2451	639
55.4652	616
55.6853	596
55.9054	613
56.1255	654
56.3456	590
56.5657	589
56.7858	540
57.0059	592
57.226	628
57.4461	647
57.6662	657
57.8863	648
58.1064	639
58.3265	636
58.5466	615
58.7667	626
58.9868	667
59.2069	614
59.427	634
59.6471	633
59.8672	673
60.0873	625
60.3074	633
60.5275	621
60.7476	651
60.9677	613
61.1878	577
61.4079	633
61.628	631
61.8481	588
62.0682	586
62.2883	620
62.5084	670
62.7285	609
62.9486	606
63.1687	616
63.3888	572
63.6089	608
63.829	639
64.0491	628
64.2692	584
64.4893	621
64.7094	642
64.9295	553
65.1496	577
65.3697	601
65.5898	660
65.8099	595
66.03	580
66.2501	587
66.4702	601
66.6903	614
66.9104	629
67.1305	632
67.3506	637
67.5707	600
67.7908	602
68.0109	651
68.231	602
68.4511	660
68.6712	689
68.8913	696
69.1114	761
69.3315	792
69.5516	804
69.7717	819
69.9918	718
70.2119	682
70.432	666
70.6521	630
70.8722	708
71.0923	767
71.3124	878
71.5325	1024
71.7526	1002
71.9727	924
72.1928	787
72.4129	672
72.633	633
72.8531	640
73.0732	596
73.2933	596
73.5134	624
73.7335	622
73.9536	582
74.1737	637
74.3938	581
74.6139	587
74.834	585
75.0541	596
75.2742	598
75.4943	567
75.7144	592
75.9345	574
76.1546	600
76.3747	546
76.5948	621
76.8149	594
77.035	633
77.2551	599
77.4752	596
77.6953	604
77.9154	609
78.1355	628
78.3556	594
78.5757	636
78.7958	562
79.0159	573
79.236	561
79.4561	573
79.6762	597
79.8963	568
80.1164	608
80.3365	624
80.5566	652
80.7767	673
80.9968	696
81.2169	740
81.437	836
81.6571	774
81.8772	834
82.0973	733
82.3174	656
82.5375	644
82.7576	618
82.9777	586
83.1978	584
83.4179	612
83.638	612
83.8581	654
84.0782	679
84.2983	644
84.5184	647
84.7385	605
84.9586	611
85.1787	569
85.3988	551
85.6189	598
85.839	596
86.0591	559
86.2792	567
86.4993	578
86.7194	572
86.9395	586
87.1596	537
87.3797	615
87.5998	581
87.8199	590
88.04	577
88.2601	602
88.4802	562
88.7003	580
88.9204	556
89.1405	593
89.3606	579
89.5807	611
89.8008	622
90.0209	614
90.241	609
90.4611	553
90.6812	566
90.9013	562
91.1214	542
91.3415	562
91.5616	578
91.7817	563
92.0018	559
92.2219	555
92.442	611
92.6621	561
92.8822	578
93.1023	494
93.3224	548
93.5425	574
93.7626	606
93.9827	560
94.2028	554
94.4229	527
94.643	559
94.8631	555
95.0832	583
95.3033	559
95.5234	572
95.7435	587
95.9636	568
96.1837	513
96.4038	559
96.6239	581
96.844	573
97.0641	499
97.2842	565
97.5043	518
97.7244	571
97.9445	545
98.1646	553
98.3847	592
98.6048	563
98.8249	553
99.045	556
99.2651	509
99.4852	537
99.7053	551
99.9254	491
100.146	561
100.366	556
100.586	556
100.806	546
101.026	589
101.246	555
101.466	528
101.686	555
101.906	576
102.126	566
102.346	536
102.567	545
102.787	543
103.007	582
103.227	554
103.447	563
103.667	577
103.887	520
104.107	556
104.327	600
104.548	537
104.768	588
104.988	587
105.208	559
105.428	574
105.648	552
105.868	625
106.088	573
106.308	586
106.528	543
106.748	617
106.969	558
107.189	555
107.409	594
107.629	551
107.849	576
108.069	552
108.289	566
108.509	552
108.729	575
108.95	547
109.17	565
109.39	576
109.61	593
109.83	589
110.05	620
110.27	563
110.49	585
110.71	599
110.93	565
111.15	569
111.371	562
111.591	577
111.811	585
112.031	600
112.251	572
112.471	577
112.691	584
112.911	607
113.131	560
113.352	563
113.572	603
113.792	574
114.012	591
114.232	584
114.452	627
114.672	608
114.892	566
115.112	605
115.332	559
115.552	594
115.773	564
115.993	621
116.213	518
116.433	586
116.653	614
116.873	592
117.093	582
117.313	579
117.533	572
117.753	623
117.974	598
118.194	592
118.414	651
118.634	569
118.854	552
119.074	580
119.294	594
119.514	568
119.734	586
119.955	582
120.175	602
120.395	572
120.615	594
120.835	592
121.055	563
121.275	599
121.495	572
121.715	603
121.935	600
122.155	617
122.376	609
122.596	576
122.816	567
123.036	579
123.256	563
123.476	607
123.696	555
123.916	573
124.136	586
124.357	584
124.577	607
124.797	573
125.017	587
125.237	577
125.457	641
125.677	600
125.897	617
126.117	590
126.337	581
126.557	563
126.778	607
126.998	590
127.218	619
127.438	581
127.658	591
127.878	564
128.098	551
128.318	580
128.538	590
128.759	527
128.979	536
129.199	585
129.419	626
129.639	589
129.859	605
130.079	584
130.299	593
130.519	552
130.739	559
130.959	546
131.18	545
131.4	582
131.62	583
131.84	558
132.06	567
132.28	606
132.5	574
132.72	572
132.94	539
133.16	572
133.381	581
133.601	580
133.821	571
134.041	527
134.261	568
134.481	582
134.701	562
134.921	597
135.141	573
135.362	595
135.582	591
135.802	603
136.022	609
136.242	546
136.462	556
136.682	546
136.902	565
137.122	587
137.342	548
137.563	557
137.783	580
138.003	544
138.223	558
138.443	566
138.663	620
138.883	549
139.103	574
139.323	584
139.543	584
139.763	558
139.984	581
140.204	564
140.424	615
140.644	554
140.864	518
141.084	526
141.304	547
141.524	586
141.744	565
141.964	578
142.185	538
142.405	612
142.625	566
142.845	545
143.065	580
143.285	588
143.505	572
143.725	579
143.945	594
144.165	545
144.386	588
144.606	530
144.826	560
145.046	561
145.266	535
145.486	554
145.706	581
145.926	535
146.146	589
146.367	536
146.587	559
146.807	550
147.027	531
147.247	572
147.467	583
147.687	526
147.907	605
148.127	606
148.347	569
148.568	547
148.788	575
149.008	563
149.228	560
149.448	579
149.668	541
149.888	586
150.108	568
150.328	598
150.548	592
150.768	556
150.989	562
151.209	630
151.429	569
151.649	573
151.869	598
152.089	553
152.309	564
152.529	552
152.749	640
152.969	518
153.19	591
153.41	584
153.63	565
153.85	546
154.07	549
154.29	564
154.51	572
154.73	571
154.95	544
155.171	606
155.391	595
155.611	585
155.831	528
156.051	548
156.271	527
156.491	535
156.711	529
156.931	516
157.151	578
157.372	586
157.592	588
157.812	591
158.032	548
158.252	591
158.472	555
158.692	548
158.912	566
159.132	562
159.352	544
159.572	568
159.793	548
160.013	573
160.233	570
160.453	588
160.673	590
160.893	579
161.113	582
161.333	516
161.553	589
161.773	528
161.994	557
162.214	572
162.434	589
162.654	498
162.874	592
163.094	583
163.314	571
163.534	582
163.754	609
163.975	533
164.195	532
164.415	516
164.635	571
164.855	582
165.075	571
165.295	572
165.515	557
165.735	567
165.955	597
166.176	596
166.396	574
166.616	595
166.836	556
167.056	595
167.276	551
167.496	584
167.716	603
167.936	567
168.156	611
168.376	569
168.597	557
168.817	624
169.037	567
169.257	526
169.477	569
169.697	563
169.917	563
170.137	551
170.357	559
170.577	555
170.798	533
171.018	601
171.238	574
171.458	562
171.678	525
171.898	606
172.118	553
172.338	635
172.558	554
172.778	572
172.999	611
173.219	545
173.439	582
173.659	552
173.879	581
174.099	618
174.319	612
174.539	539
174.759	574
174.98	554
175.2	622
175.42	617
175.64	627
175.86	607
176.08	635
176.3	603
176.52	603
176.74	620
176.96	591
177.18	598
177.401	560
177.621	615
177.841	609
178.061	596
178.281	623
178.501	611
178.721	612
178.941	608
179.161	617
179.381	661
179.602	647
179.822	651
180.042	627
180.262	666
180.482	684
180.702	658
180.922	684
181.142	658
181.362	711
181.582	713
181.803	769
182.023	761
182.243	773
182.463	780
182.683	845
182.903	874
183.123	876
183.343	875
183.563	798
183.784	849
184.004	900
184.224	812
184.444	860
184.664	918
184.884	935
185.104	921
185.324	869
185.544	918
185.764	899
185.985	935
186.205	905
186.425	899
186.645	889
186.865	890
187.085	879
187.305	954
187.525	937
187.745	953
187.965	880
188.185	869
188.406	906
188.626	935
188.846	913
189.066	883
189.286	890
189.506	863
189.726	901
189.946	888
190.166	882
190.386	872
190.607	903
190.827	892
191.047	909
191.267	887
191.487	861
191.707	913
191.927	812
192.147	846
192.367	855
192.587	863
192.808	830
193.028	831
193.248	913
193.468	836
193.688	904
193.908	896
194.128	843
194.348	832
194.568	862
194.789	827
195.009	855
195.229	822
195.449	852
195.669	877
195.889	809
196.109	810
196.329	846
196.549	847
196.769	797
196.989	831
197.21	858
197.43	853
197.65	849
197.87	835
198.09	818
198.31	815
198.53	862
198.75	837
198.97	800
199.19	883
199.411	875
199.631	799
199.851	787
200.071	791
200.291	753
200.511	829
200.731	835
200.951	766
201.171	774
201.391	807
201.612	811
201.832	777
202.052	777
202.272	779
202.492	786
202.712	800
202.932	827
203.152	784
203.372	767
203.593	705
203.813	772
204.033	764
204.253	773
204.473	773
204.693	778
204.913	744
205.133	701
205.353	718
205.573	747
205.793	765
206.014	723
206.234	726
206.454	710
206.674	759
206.894	792
207.114	755
207.334	752
207.554	750
207.774	822
207.994	752
208.215	730
208.435	719
208.655	723
208.875	741
209.095	699
209.315	739
209.535	716
209.755	744
209.975	704
210.195	702
210.416	680
210.636	666
210.856	698
211.076	710
211.296	710
211.516	692
211.736	673
211.956	658
212.176	648
212.397	694
212.617	682
212.837	696
213.057	669
213.277	697
213.497	728
213.717	732
213.937	654
214.157	694
214.377	672
214.598	691
214.818	664
215.038	710
215.258	647
215.478	662
215.698	631
215.918	655
216.138	661
216.358	681
216.578	693
216.798	666
217.019	649
217.239	615
217.459	615
217.679	661
217.899	660
218.119	598
218.339	690
218.559	651
218.779	668
218.999	633
219.22	633
219.44	624
219.66	598
219.88	616
220.1	677
220.32	629
220.54	617
220.76	578
220.98	652
221.2	624
221.421	619
221.641	616
221.861	620
222.081	642
222.301	638
222.521	644
222.741	604
222.961	604
223.181	599
223.402	565
223.622	615
223.842	593
224.062	594
224.282	594
224.502	589
224.722	625
224.942	563
225.162	583
225.382	580
225.602	601
225.823	603
226.043	615
226.263	589
226.483	625
226.703	611
226.923	596
227.143	576
227.363	559
227.583	582
227.803	556
228.024	538
228.244	585
228.464	605
228.684	632
228.904	585
229.124	547
229.344	577
229.564	600
229.784	549
230.004	583
230.225	591
230.445	565
230.665	585
230.885	513
231.105	558
231.325	531
231.545	590
231.765	551
231.985	531
232.206	576
232.426	594
232.646	551
232.866	583
233.086	578
233.306	550
233.526	551
233.746	580
233.966	556
234.186	508
234.406	558
234.627	581
234.847	560
235.067	553
235.287	516
235.507	552
235.727	527
235.947	552
236.167	578
236.387	547
236.607	533
236.828	517
237.048	563
237.268	506
237.488	561
237.708	532
237.928	504
238.148	493
238.368	548
238.588	555
238.808	507
239.029	542
239.249	518
239.469	567
239.689	546
239.909	511
240.129	542
240.349	518
240.569	498
240.789	544
241.01	523
241.23	523
241.45	548
241.67	509
241.89	539
242.11	498
242.33	535
242.55	524
242.77	555
242.99	549
243.211	499
243.431	545
243.651	534
243.871	473
244.091	506
244.311	517
244.531	507
244.751	537
244.971	500
245.191	517
245.411	515
245.632	519
245.852	530
246.072	503
246.292	523
246.512	525
246.732	544
246.952	450
247.172	501
247.392	506
247.612	458
247.833	537
248.053	499
248.273	512
248.493	518
248.713	517
248.933	481
249.153	504
249.373	485
249.593	484
249.813	459
250.034	515
250.254	490
250.474	491
250.694	524
250.914	464
251.134	504
251.354	485
251.574	484
251.794	476
252.015	501
252.235	504
252.455	483
252.675	473
252.895	471
253.115	523
253.335	447
253.555	508
253.775	497
253.995	496
254.215	501
254.436	503
254.656	477
254.876	528
255.096	522
255.316	486
255.536	474
255.756	518
255.976	507
256.196	502
256.416	500
256.637	498
256.857	473
257.077	506
257.297	506
257.517	526
257.737	500
257.957	489
258.177	487
258.397	479
258.618	457
258.838	440
259.058	500
259.278	483
259.498	521
259.718	508
259.938	491
260.158	454
260.378	476
260.598	481
260.818	488
261.039	491
261.259	484
261.479	479
261.699	485
261.919	468
262.139	480
262.359	482
262.579	485
262.799	493
263.019	506
263.24	483
263.46	470
263.68	476
263.9	440
264.12	440
264.34	484
264.56	459
264.78	437
265	455
265.221	477
265.441	479
265.661	442
265.881	492
266.101	454
266.321	466
266.541	428
266.761	476
266.981	481
267.201	498
267.421	529
267.642	473
267.862	471
268.082	441
268.302	485
268.522	488
268.742	470
268.962	461
269.182	459
269.402	429
269.623	481
269.843	485
270.063	444
270.283	467
270.503	490
270.723	444
270.943	455
271.163	422
271.383	462
271.603	443
271.823	481
272.044	450
272.264	454
272.484	438
272.704	459
272.924	497
273.144	471
273.364	452
273.584	448
273.804	436
274.024	465
274.245	439
274.465	467
274.685	416
274.905	420
275.125	428
275.345	437
275.565	466
275.785	444
276.005	476
276.226	446
276.446	444
276.666	469
276.886	416
277.106	466
277.326	431
277.546	488
277.766	440
277.986	473
278.206	425
278.426	448
278.647	445
278.867	422
279.087	467
279.307	459
279.527	441
279.747	434
279.967	470
280.187	483
280.407	462
280.628	416
280.848	496
281.068	416
281.288	434
281.508	469
281.728	435
281.948	448
282.168	451
282.388	454
282.608	451
282.828	490
283.049	404
283.269	431
283.489	412
283.709	440
283.929	434
284.149	463
284.369	456
284.589	447
284.809	421
285.029	448
285.25	444
285.47	464
285.69	454
285.91	403
286.13	456
286.35	427
286.57	458
286.79	431
287.01	427
287.231	443
287.451	425
287.671	436
287.891	449
288.111	444
288.331	409
288.551	449
288.771	438
288.991	462
289.211	439
289.431	439
289.652	414
289.872	416
290.092	418
290.312	417
290.532	444
290.752	424
290.972	415
291.192	415
291.412	468
291.632	457
291.853	435
292.073	449
292.293	441
292.513	490
292.733	425
292.953	455
293.173	416
293.393	418
293.613	472
293.834	402
294.054	415
294.274	427
294.494	450
294.714	467
294.934	446
295.154	430
295.374	442
295.594	444
295.814	452
296.034	425
296.255	408
296.475	435
296.695	453
296.915	415
297.135	440
297.355	406
297.575	488
297.795	422
298.015	422
298.236	423
298.456	451
298.676	433
298.896	452
299.116	444
299.336	392
299.556	418
299.776	407
299.996	415
300.216	476
300.436	417
300.657	407
300.877	412
301.097	399
301.317	435
301.537	433
301.757	441
301.977	423
302.197	435
302.417	429
302.637	425
302.858	451
303.078	442
303.298	417
303.518	436
303.738	428
303.958	383
304.178	436
304.398	413
304.618	459
304.839	430
305.059	458
305.279	441
305.499	440
305.719	406
305.939	404
306.159	459
306.379	434
306.599	431
306.819	434
307.039	410
307.26	414
307.48	448
307.7	452
307.92	428
308.14	441
308.36	428
308.58	396
308.8	415
309.02	401
309.241	423
309.461	430
309.681	430
309.901	401
310.121	403
310.341	447
310.561	434
310.781	448
311.001	396
311.221	388
311.441	413
311.662	411
311.882	419
312.102	440
312.322	420
312.542	409
312.762	409
312.982	454
313.202	425
313.422	384
313.642	440
313.863	425
314.083	419
314.303	433
314.523	384
314.743	443
314.963	403
315.183	400
315.403	438
315.623	417
315.844	430
316.064	400
316.284	435
316.504	427
316.724	427
316.944	439
317.164	414
317.384	426
317.604	417
317.824	430
318.044	439
318.265	433
318.485	420
318.705	421
318.925	422
319.145	412
319.365	434
319.585	388
319.805	396
320.025	418
320.245	431
320.466	441
320.686	409
320.906	443
321.126	483
321.346	404
321.566	415
321.786	441
322.006	388
322.226	409
322.446	412
322.667	421
322.887	422
323.107	391
323.327	400
323.547	449
323.767	415
323.987	428
324.207	409
324.427	412
324.647	390
324.868	403
325.088	433
325.308	404
325.528	434
325.748	413
325.968	407
326.188	413
326.408	437
326.628	407
326.849	400
327.069	411
327.289	364
327.509	401
327.729	386
327.949	424
328.169	433
328.389	442
328.609	414
328.829	398
329.049	397
329.27	398
329.49	397
329.71	444
329.93	428
330.15	439
330.37	395
330.59	422
330.81	428
331.03	398
331.25	366
331.471	383
331.691	422
331.911	404
332.131	438
332.351	424
332.571	388
332.791	463
333.011	451
333.231	448
333.452	400
333.672	407
333.892	406
334.112	403
334.332	422
334.552	435
334.772	431
334.992	413
335.212	398
335.432	456
335.652	425
335.873	395
336.093	401
336.313	416
336.533	388
336.753	375
336.973	403
337.193	427
337.413	421
337.633	418
337.854	425
338.074	445
338.294	396
338.514	434
338.734	418
338.954	434
339.174	412
339.394	389
339.614	412
339.834	431
340.054	468
340.275	446
340.495	441
340.715	413
340.935	441
341.155	419
341.375	409
341.595	418
341.815	410
342.035	421
342.255	457
342.476	429
342.696	438
342.916	421
343.136	433
343.356	441
343.576	372
343.796	451
344.016	413
344.236	414
344.457	415
344.677	394
344.897	430
345.117	437
345.337	418
345.557	418
345.777	407
345.997	428
346.217	468
346.437	421
346.657	373
346.878	402
347.098	434
347.318	401
347.538	364
347.758	439
347.978	373
348.198	435
348.418	416
348.638	420
348.858	447
349.079	427
349.299	412
349.519	444
349.739	416
349.959	427
350.179	417
350.399	427
350.619	431
350.839	449
351.059	410
351.28	417
351.5	415
351.72	442
351.94	455
352.16	445
352.38	410
352.6	398
352.82	450
353.04	398
353.26	418
353.481	433
353.701	411
353.921	377
354.141	402
354.361	460
354.581	418
354.801	396
355.021	434
355.241	405
355.462	417
355.682	416
355.902	410
356.122	425
356.342	443
356.562	402
356.782	422
357.002	384
357.222	439
357.442	474
357.662	391
357.883	422
358.103	417
358.323	381
358.543	431
358.763	432
358.983	380
359.203	390
359.423	407
359.643	443
359.863	440
360.084	412
360.304	409
360.524	402
360.744	425
360.964	378
361.184	421
361.404	444
361.624	448
361.844	432
362.065	419
362.285	373
362.505	441
362.725	408
362.945	396
363.165	438
363.385	385
363.605	420
363.825	434
364.045	431
364.265	385
364.486	430
364.706	388
364.926	410
365.146	445
365.366	403
365.586	424
365.806	435
366.026	408
366.246	440
366.467	402
366.687	460
366.907	444
367.127	412
367.347	444
367.567	434
367.787	421
368.007	424
368.227	428
368.447	496
368.667	446
368.888	419
369.108	410
369.328	457
369.548	453
369.768	422
369.988	406
370.208	411
370.428	399
370.648	425
370.868	421
371.089	404
371.309	464
371.529	383
371.749	422
371.969	416
372.189	420
372.409	411
372.629	434
372.849	424
373.07	433
373.29	449
373.51	457
373.73	440
373.95	469
374.17	400
374.39	466
374.61	417
374.83	448
375.05	451
375.27	419
375.491	432
375.711	431
375.931	454
376.151	434
376.371	460
376.591	437
376.811	474
377.031	431
377.251	443
377.471	418
377.692	431
377.912	431
378.132	406
378.352	404
378.572	407
378.792	451
379.012	400
379.232	445
379.452	439
379.672	445
379.893	465
380.113	427
380.333	418
380.553	415
380.773	421
380.993	410
381.213	421
381.433	441
381.653	421
381.873	448
382.094	451
382.314	460
382.534	429
382.754	428
382.974	445
383.194	437
383.414	421
383.634	446
383.854	456
384.075	445
384.295	440
384.515	437
384.735	423
384.955	439
385.175	459
385.395	442
385.615	431
385.835	425
386.055	461
386.275	416
386.496	461
386.716	462
386.936	419
387.156	424
387.376	458
387.596	441
387.816	454
388.036	471
388.256	425
388.476	447
388.697	434
388.917	460
389.137	408
389.357	464
389.577	458
389.797	458
390.017	410
390.237	438
390.457	463
390.678	467
390.898	468
391.118	460
391.338	443
391.558	415
391.778	471
391.998	429
392.218	449
392.438	470
392.658	456
392.878	469
393.099	454
393.319	417
393.539	446
393.759	461
393.979	465
394.199	440
394.419	460
394.639	450
394.859	452
395.08	426
395.3	448
395.52	434
395.74	444
395.96	462
396.18	431
396.4	485
396.62	441
396.84	438
397.06	466
397.28	445
397.501	432
397.721	439
397.941	478
398.161	475
398.381	465
398.601	473
398.821	441
399.041	484
399.261	421
399.481	432
399.702	452
399.922	455
400.142	472
400.362	438
400.582	473
400.802	464
401.022	477
401.242	451
401.462	445
401.683	467
401.903	472
402.123	470
402.343	465
402.563	455
402.783	486
403.003	453
403.223	510
403.443	481
403.663	458
403.883	443
404.104	487
404.324	462
404.544	441
404.764	452
404.984	494
405.204	501
405.424	466
405.644	469
405.864	466
406.084	441
406.305	462
406.525	482
406.745	467
406.965	486
407.185	454
407.405	485
407.625	454
407.845	492
408.065	476
408.285	478
408.506	475
408.726	499
408.946	506
409.166	460
409.386	480
409.606	489
409.826	500
410.046	464
410.266	514
410.486	449
410.707	465
410.927	512
411.147	508
411.367	475
411.587	473
411.807	491
412.027	465
412.247	475
412.467	495
412.688	477
412.908	460
413.128	505
413.348	489
413.568	487
413.788	495
414.008	475
414.228	557
414.448	477
414.668	516
414.888	491
415.109	490
415.329	525
415.549	481
415.769	505
415.989	466
416.209	486
416.429	490
416.649	507
416.869	506
417.089	467
417.31	517
417.53	514
417.75	508
417.97	508
418.19	501
418.41	503
418.63	531
418.85	500
419.07	451
419.291	478
419.511	466
419.731	482
419.951	502
420.171	489
420.391	516
420.611	480
420.831	496
421.051	486
421.271	545
421.491	498
421.712	487
421.932	545
422.152	511
422.372	475
422.592	524
422.812	524
423.032	543
423.252	483
423.472	522
423.693	488
423.913	524
424.133	555
424.353	492
424.573	499
424.793	551
425.013	533
425.233	517
425.453	521
425.673	580
425.893	533
426.114	548
426.334	568
426.554	526
426.774	541
426.994	533
427.214	510
427.434	546
427.654	569
427.874	520
428.094	515
428.315	562
428.535	571
428.755	578
428.975	574
429.195	533
429.415	539
429.635	564
429.855	547
430.075	544
430.296	553
430.516	556
430.736	544
430.956	546
431.176	588
431.396	570
431.616	535
431.836	525
432.056	568
432.276	548
432.496	539
432.717	594
432.937	544
433.157	559
433.377	516
433.597	532
433.817	559
434.037	580
434.257	602
434.477	613
434.697	543
434.918	583
435.138	568
435.358	559
435.578	566
435.798	556
436.018	613
436.238	598
436.458	568
436.678	605
436.898	627
437.119	584
437.339	582
437.559	590
437.779	548
437.999	632
438.219	559
438.439	561
438.659	573
438.879	590
439.099	573
439.32	569
439.54	622
439.76	597
439.98	590
440.2	555
440.42	600
440.64	585
440.86	577
441.08	584
441.301	577
441.521	562
441.741	604
441.961	573
442.181	632
442.401	567
442.621	576
442.841	579
443.061	647
443.281	625
443.501	605
443.722	621
443.942	619
444.162	587
444.382	612
444.602	617
444.822	628
445.042	635
445.262	631
445.482	611
445.702	591
445.923	636
446.143	679
446.363	601
446.583	634
446.803	605
447.023	613
447.243	611
447.463	653
447.683	641
447.904	632
448.124	620
448.344	610
448.564	630
448.784	630
449.004	666
449.224	621
449.444	622
449.664	655
449.884	650
450.104	592
450.325	654
450.545	619
450.765	664
450.985	639
451.205	620
451.425	649
451.645	649
451.865	653
452.085	650
452.305	683
452.526	653
452.746	705
452.966	623
453.186	649
453.406	620
453.626	690
453.846	652
454.066	619
454.286	691
454.506	719
454.727	680
454.947	661
455.167	689
455.387	677
455.607	659
455.827	646
456.047	689
456.267	651
456.487	672
456.707	729
456.928	710
457.148	691
457.368	684
457.588	687
457.808	706
458.028	712
458.248	672
458.468	747
458.688	715
458.909	664
459.129	688
459.349	702
459.569	745
459.789	688
460.009	696
460.229	713
460.449	725
460.669	707
460.889	707
461.109	703
461.33	724
461.55	733
461.77	693
461.99	684
462.21	692
462.43	725
462.65	742
462.87	673
463.09	673
463.31	736
463.531	763
463.751	670
463.971	704
464.191	718
464.411	721
464.631	667
464.851	696
465.071	749
465.291	696
465.511	647
465.732	724
465.952	756
466.172	699
466.392	704
466.612	710
466.832	775
467.052	703
467.272	739
467.492	710
467.712	726
467.933	689
468.153	706
468.373	726
468.593	731
468.813	725
469.033	742
469.253	780
469.473	748
469.693	717
469.914	715
470.134	724
470.354	726
470.574	731
470.794	720
471.014	734
471.234	732
471.454	714
471.674	685
471.894	706
472.114	705
472.335	652
472.555	724
472.775	690
472.995	653
473.215	641
473.435	705
473.655	625
473.875	714
474.095	643
474.315	674
474.536	615
474.756	672
474.976	628
475.196	641
475.416	610
475.636	588
475.856	624
476.076	617
476.296	557
476.516	587
476.737	576
476.957	579
477.177	556
477.397	545
477.617	505
477.837	513
478.057	480
478.277	556
478.497	511
478.717	493
478.938	466
479.158	463
479.378	470
479.598	432
479.818	461
480.038	456
480.258	448
480.478	422
480.698	448
480.918	431
481.139	424
481.359	413
481.579	404
481.799	434
482.019	374
482.239	413
482.459	410
482.679	440
482.899	407
483.119	388
483.34	399
483.56	397
483.78	427
484	380
484.22	384
484.44	412
484.66	407
484.88	412
485.1	399
485.32	369
485.541	372
485.761	375
485.981	361
486.201	333
486.421	356
486.641	349
486.861	370
487.081	374
487.301	367
487.522	409
487.742	364
487.962	354
488.182	355
488.402	390
488.622	348
488.842	354
489.062	329
489.282	398
489.502	352
489.722	391
489.943	335
490.163	329
490.383	345
490.603	335
490.823	343
491.043	340
491.263	357
491.483	363
491.703	358
491.923	337
492.144	364
492.364	320
492.584	365
492.804	331
493.024	309
493.244	340
493.464	339
493.684	313
493.904	333
494.124	351
494.345	371
494.565	360
494.785	323
495.005	327
495.225	365
495.445	347
495.665	361
495.885	291
496.105	312
496.325	294
496.546	305
496.766	322
496.986	291
497.206	345
497.426	317
497.646	315
497.866	355
498.086	304
498.306	299
498.527	302
498.747	279
498.967	313
499.187	317
499.407	286
499.627	338
499.847	300
500.067	315
500.287	305
500.507	305
500.727	312
500.948	288
501.168	310
501.388	306
501.608	304
501.828	297
502.048	271
502.268	297
502.488	293
502.708	293
502.928	267
503.149	303
503.369	298
503.589	270
503.809	292
504.029	301
504.249	314
504.469	285
504.689	287
504.909	276
505.129	261
505.35	272
505.57	291
505.79	272
506.01	290
506.23	292
506.45	272
506.67	275
506.89	245
507.11	258
507.33	265
507.551	296
507.771	272
507.991	251
508.211	288
508.431	258
508.651	251
508.871	250
509.091	259
509.311	239
509.531	260
509.752	248
509.972	265
510.192	267
510.412	295
510.632	276
510.852	263
511.072	248
511.292	272
511.512	257
511.732	230
511.953	275
512.173	265
512.393	265
512.613	242
512.833	278
513.053	231
513.273	273
513.493	260
513.713	250
513.933	246
514.154	267
514.374	238
514.594	240
514.814	240
515.034	268
515.254	236
515.474	254
515.694	280
515.914	240
516.135	238
516.355	236
516.575	218
516.795	245
517.015	245
517.235	222
517.455	227
517.675	233
517.895	238
518.115	230
518.336	240
518.556	247
518.776	238
518.996	234
519.216	231
519.436	219
519.656	240
519.876	236
520.096	226
520.316	231
520.536	233
520.757	220
520.977	227
521.197	208
521.417	243
521.637	207
521.857	231
522.077	212
522.297	216
522.517	219
522.737	236
522.958	232
523.178	218
523.398	226
523.618	204
523.838	215
524.058	196
524.278	208
524.498	237
524.718	224
524.938	211
525.159	217
525.379	201
525.599	189
525.819	209
526.039	216
526.259	200
526.479	217
526.699	214
526.919	205
527.14	214
527.36	199
527.58	186
527.8	223
528.02	184
528.24	209
528.46	192
528.68	191
528.9	173
529.12	161
529.341	218
529.561	201
529.781	186
530.001	221
530.221	169
530.441	189
530.661	204
530.881	193
531.101	165
531.321	190
531.541	174
531.762	174
531.982	192
532.202	182
532.422	206
532.642	174
532.862	196
533.082	178
533.302	176
533.522	180
533.742	174
533.963	173
534.183	179
534.403	180
534.623	164
534.843	162
535.063	170
535.283	169
535.503	121
535.723	149
535.943	165
536.164	176
536.384	161
536.604	175
536.824	184
537.044	180
537.264	137
537.484	149
537.704	174
537.924	153
538.144	178
538.365	144
538.585	159
538.805	170
539.025	173
539.245	169
539.465	138
539.685	177
539.905	164
540.125	165
540.346	174
540.566	155
540.786	160
541.006	173
541.226	142
541.446	151
541.666	145
541.886	182
542.106	162
542.326	140
542.546	162
542.767	149
542.987	145
543.207	155
543.427	147
543.647	150
543.867	130
544.087	137
544.307	138
544.527	147
544.747	154
544.968	143
545.188	159
545.408	151
545.628	126
545.848	118
546.068	143
546.288	141
546.508	135
546.728	121
546.948	125
547.169	150
547.389	120
547.609	122
547.829	149
548.049	134
548.269	127
548.489	138
548.709	130
548.929	141
549.149	152
549.37	118
549.59	141
549.81	136
550.03	113
550.25	112
550.47	119
550.69	128
550.91	117
551.13	130
551.351	113
551.571	111
551.791	110
552.011	112
552.231	139
552.451	127
552.671	133
552.891	114
553.111	119
553.331	107
553.551	116
553.772	124
553.992	123
554.212	93
554.432	112
554.652	106
554.872	112
555.092	107
555.312	117
555.532	114
555.752	104
555.973	109
556.193	117
556.413	108
556.633	118
556.853	115
557.073	92
557.293	106
557.513	99
557.733	112
557.953	113
558.174	101
558.394	110
558.614	108
558.834	115
559.054	106
559.274	99
559.494	91
559.714	110
559.934	93
560.154	98
560.375	98
560.595	120
560.815	103
561.035	92
561.255	92
561.475	106
561.695	81
561.915	98
562.135	108
562.356	100
562.576	110
562.796	98
563.016	92
563.236	106
563.456	104
563.676	78
563.896	90
564.116	79
564.336	98
564.557	109
564.777	81
564.997	103
565.217	104
565.437	97
565.657	103
565.877	106
566.097	90
566.317	96
566.537	92
566.757	71
566.978	99
567.198	95
567.418	88
567.638	91
567.858	80
568.078	93
568.298	99
568.518	99
568.738	91
568.958	88
569.179	85
569.399	83
569.619	98
569.839	95
570.059	90
570.279	81
570.499	87
570.719	69
570.939	95
571.159	87
571.38	108
571.6	98
571.82	70
572.04	88
572.26	85
572.48	97
572.7	85
572.92	86
573.14	78
573.361	86
573.581	111
573.801	97
574.021	84
574.241	94
574.461	84
574.681	79
574.901	91
575.121	63
575.341	93
575.562	84
575.782	87
576.002	79
576.222	80
576.442	83
576.662	85
576.882	75
577.102	87
577.322	91
577.542	74
577.762	79
577.983	93
578.203	84
578.423	70
578.643	79
578.863	93
579.083	86
579.303	80
579.523	89
579.743	84
579.963	98
580.184	78
580.404	86
580.624	79
580.844	85
581.064	97
581.284	84
581.504	91
581.724	73
581.944	62
582.164	72
582.385	80
582.605	86
582.825	98
583.045	93
583.265	89
583.485	69
583.705	84
583.925	82
584.145	68
584.366	66
584.586	90
584.806	65
585.026	88
585.246	84
585.466	75
585.686	89
585.906	68
586.126	66
586.346	74
586.567	80
586.787	75
587.007	78
587.227	84
587.447	89
587.667	91
587.887	70
588.107	77
588.327	67
588.547	86
588.767	69
588.988	79
589.208	74
589.428	79
589.648	88
589.868	77
590.088	61
590.308	72
590.528	93
590.748	79
590.968	63
591.189	83
591.409	73
591.629	71
591.849	63
592.069	73
592.289	96
592.509	69
592.729	79
592.949	85
593.169	77
593.39	66
593.61	67
593.83	68
594.05	73
594.27	82
594.49	71
594.71	78
594.93	68
595.15	66
595.37	66
595.591	75
595.811	74
596.031	75
596.251	70
596.471	57
596.691	65
596.911	68
597.131	53
597.351	85
597.572	75
597.792	76
598.012	67
598.232	77
598.452	62
598.672	79
598.892	66
599.112	60
599.332	66
599.552	70
599.772	61
599.993	66
600.213	81
600.433	78
600.653	64
600.873	60
601.093	59
601.313	73
601.533	71
601.753	83
601.973	67
602.194	54
602.414	59
602.634	75
602.854	75
603.074	68
603.294	66
603.514	76
603.734	44
603.954	69
604.174	67
604.395	79
604.615	68
604.835	77
605.055	71
605.275	68
605.495	69
605.715	50
605.935	66
606.155	56
606.375	67
606.596	63
606.816	61
607.036	85
607.256	77
607.476	73
607.696	57
607.916	71
608.136	72
608.356	88
608.577	59
608.797	80
609.017	81
609.237	73
609.457	68
609.677	69
609.897	71
610.117	64
610.337	69
610.557	71
610.777	51
610.998	59
611.218	76
611.438	65
611.658	75
611.878	59
612.098	52
612.318	59
612.538	65
612.758	65
612.978	63
613.199	66
613.419	74
613.639	62
613.859	65
614.079	48
614.299	61
614.519	72
614.739	70
614.959	62
615.179	69
615.4	69
615.62	68
615.84	76
616.06	45
616.28	59
616.5	54
616.72	62
616.94	63
617.16	66
617.38	67
617.601	64
617.821	67
618.041	62
618.261	64
618.481	64
618.701	54
618.921	50
619.141	55
619.361	73
619.582	76
619.802	57
620.022	59
620.242	73
620.462	57
620.682	52
620.902	61
621.122	66
621.342	54
621.562	49
621.783	59
622.003	55
622.223	71
622.443	66
622.663	56
622.883	68
623.103	62
623.323	62
623.543	64
623.763	68
623.983	60
624.204	62
624.424	63
624.644	65
624.864	52
625.084	70
625.304	59
625.524	72
625.744	58
625.964	68
626.184	69
626.405	65
626.625	56
626.845	51
627.065	56
627.285	53
627.505	72
627.725	57
627.945	66
628.165	61
628.385	63
628.606	41
628.826	72
629.046	49
629.266	65
629.486	55
629.706	54
629.926	48
630.146	62
630.366	52
630.587	52
630.807	45
631.027	67
631.247	55
631.467	66
631.687	56
631.907	57
632.127	62
632.347	46
632.567	66
632.788	55
633.008	60
633.228	45
633.448	61
633.668	48
633.888	61
634.108	46
634.328	67
634.548	60
634.768	60
634.988	70
635.209	52
635.429	48
635.649	61
635.869	54
636.089	55
636.309	64
636.529	54
636.749	59
636.969	61
637.189	47
637.41	51
637.63	54
637.85	55
638.07	61
638.29	49
638.51	55
638.73	64
638.95	71
639.17	57
639.39	59
639.611	64
639.831	46
640.051	58
640.271	59
640.491	62
640.711	66
640.931	59
641.151	59
641.371	63
641.592	61
641.812	47
642.032	53
642.252	48
642.472	41
642.692	71
642.912	63
643.132	56
643.352	47
643.572	60
643.793	77
644.013	58
644.233	59
644.453	56
644.673	51
644.893	53
645.113	58
645.333	61
645.553	53
645.773	49
645.993	67
646.214	38
646.434	52
646.654	70
646.874	58
647.094	56
647.314	58
647.534	51
647.754	70
647.974	67
648.194	61
648.415	61
648.635	55
648.855	46
649.075	67
649.295	51
649.515	55
649.735	49
649.955	54
650.175	56
650.395	57
650.616	63
650.836	63
651.056	70
651.276	68
651.496	55
651.716	67
651.936	68
652.156	81
652.376	77
652.596	60
652.817	61
653.037	53
653.257	74
653.477	57
653.697	82
653.917	55
654.137	52
654.357	66
654.577	58
654.798	64
655.018	67
655.238	73
655.458	83
655.678	60
655.898	67
656.118	57
656.338	74
656.558	62
656.778	65
656.998	72
657.219	64
657.439	83
657.659	74
657.879	89
658.099	104
658.319	93
658.539	124
658.759	118
658.979	189
659.199	213
659.42	331
659.64	470
659.86	716
660.08	1077
660.3	1820
660.52	3153
660.74	5830
660.96	9987
661.18	16621
661.4	24829
661.621	33142
661.841	39778
662.061	41469
662.281	37731
662.501	30163
662.721	21130
662.941	12626
663.161	6857
663.381	3296
663.601	1352
663.822	562
664.042	233
664.262	146
664.482	126
664.702	98
664.922	145
665.142	97
665.362	93
665.582	80
665.803	97
666.023	105
666.243	86
666.463	80
666.683	71
666.903	89
667.123	83
667.343	83
667.563	69
667.783	82
668.003	73
668.224	71
668.444	49
668.664	71
668.884	67
669.104	74
669.324	74
669.544	61
669.764	64
669.984	52
670.204	86
670.425	72
670.645	77
670.865	62
671.085	61
671.305	64
671.525	63
671.745	58
671.965	69
672.185	59
672.405	69
672.626	61
672.846	53
673.066	62
673.286	61
673.506	65
673.726	68
673.946	65
674.166	49
674.386	78
674.606	68
674.827	59
675.047	63
675.267	66
675.487	48
675.707	41
675.927	55
676.147	42
676.367	53
676.587	45
676.808	50
677.028	42
677.248	53
677.468	56
677.688	58
677.908	50
678.128	59
678.348	58
678.568	60
678.788	61
679.008	55
679.229	51
679.449	65
679.669	59
679.889	65
680.109	48
680.329	49
680.549	63
680.769	48
680.989	60
681.209	54
681.43	53
681.65	60
681.87	52
682.09	57
682.31	58
682.53	36
682.75	52
682.97	63
683.19	52
683.41	45
683.631	71
683.851	43
684.071	30
684.291	51
684.511	50
684.731	41
684.951	48
685.171	52
685.391	47
685.611	68
685.832	43
686.052	51
686.272	47
686.492	61
686.712	49
686.932	65
687.152	51
687.372	45
687.592	52
687.813	37
688.033	49
688.253	50
688.473	54
688.693	41
688.913	47
689.133	43
689.353	47
689.573	62
689.793	58
690.014	51
690.234	47
690.454	59
690.674	49
690.894	61
691.114	67
691.334	63
691.554	50
691.774	59
691.994	59
692.214	69
692.435	59
692.655	53
692.875	58
693.095	61
693.315	54
693.535	60
693.755	66
693.975	71
694.195	70
694.415	34
694.636	41
694.856	41
695.076	56
695.296	35
695.516	24
695.736	30
695.956	28
696.176	40
696.396	38
696.616	31
696.837	48
697.057	37
697.277	40
697.497	31
697.717	17
697.937	33
698.157	32
698.377	31
698.597	32
698.818	37
699.038	41
699.258	41
699.478	30
699.698	25
699.918	22
700.138	28
700.358	25
700.578	29
700.798	27
701.019	24
701.239	34
701.459	35
701.679	34
701.899	25
702.119	21
702.339	30
702.559	31
702.779	30
702.999	32
703.219	32
703.44	33
703.66	26
703.88	21
704.1	28
704.32	28
704.54	31
704.76	34
704.98	24
705.2	21
705.42	32
705.641	24
705.861	23
706.081	26
706.301	34
706.521	24
706.741	25
706.961	24
707.181	28
707.401	22
707.621	26
707.842	28
708.062	30
708.282	31
708.502	18
708.722	32
708.942	25
709.162	25
709.382	26
709.602	29
709.822	22
710.043	23
710.263	13
710.483	33
710.703	24
710.923	31
711.143	14
711.363	24
711.583	30
711.803	21
712.024	35
712.244	29
712.464	28
712.684	30
712.904	22
713.124	17
713.344	26
713.564	25
713.784	29
714.004	25
714.224	30
714.445	34
714.665	23
714.885	34
715.105	25
715.325	24
715.545	18
715.765	24
715.985	33
716.205	26
716.425	22
716.646	23
716.866	18
717.086	24
717.306	25
717.526	22
717.746	29
717.966	23
718.186	16
718.406	27
718.626	23
718.847	15
719.067	27
719.287	26
719.507	20
719.727	19
719.947	22
720.167	22
720.387	18
720.607	25
720.827	22
721.048	17
721.268	21
721.488	24
721.708	26
721.928	18
722.148	23
722.368	28
722.588	21
722.808	25
723.029	26
723.249	26
723.469	16
723.689	25
723.909	24
724.129	24
724.349	25
724.569	24
724.789	27
725.009	25
725.229	19
725.45	25
725.67	20
725.89	20
726.11	15
726.33	17
726.55	25
726.77	27
726.99	16
727.21	34
727.43	20
727.651	19
727.871	22
728.091	19
728.311	24
728.531	20
728.751	22
728.971	25
729.191	19
729.411	29
729.631	23
729.852	25
730.072	18
730.292	25
730.512	20
730.732	24
730.952	25
731.172	22
731.392	21
731.612	36
731.832	25
732.053	18
732.273	17
732.493	34
732.713	25
732.933	23
733.153	18
733.373	28
733.593	26
733.813	16
734.034	24
734.254	27
734.474	23
734.694	17
734.914	17
735.134	20
735.354	16
735.574	14
735.794	16
736.014	19
736.234	25
736.455	24
736.675	18
736.895	22
737.115	28
737.335	19
737.555	23
737.775	21
737.995	13
738.215	20
738.435	22
738.656	11
738.876	23
739.096	11
739.316	20
739.536	22
739.756	20
739.976	17
740.196	14
740.416	23
740.636	13
740.857	18
741.077	23
741.297	19
741.517	23
741.737	19
741.957	19
742.177	17
742.397	21
742.617	21
742.837	22
743.058	16
743.278	23
743.498	15
743.718	17
743.938	13
744.158	10
744.378	22
744.598	18
744.818	28
745.039	14
745.259	14
745.479	25
745.699	25
745.919	25
746.139	20
746.359	26
746.579	19
746.799	27
747.019	22
747.24	15
747.46	15
747.68	19
747.9	20
748.12	15
748.34	24
748.56	16
748.78	17
749	24
749.22	20
749.44	19
749.661	21
749.881	20
750.101	30
750.321	20
750.541	15
750.761	21
750.981	26
751.201	24
751.421	21
751.641	12
751.862	19
752.082	20
752.302	17
752.522	18
752.742	24
752.962	23
753.182	19
753.402	18
753.622	20
753.842	18
754.063	19
754.283	12
754.503	19
754.723	23
754.943	12
755.163	18
755.383	18
755.603	20
755.823	27
756.043	20
756.264	18
756.484	20
756.704	20
756.924	15
757.144	22
757.364	21
757.584	17
757.804	17
758.024	19
758.245	21
758.465	20
758.685	19
758.905	10
759.125	14
759.345	14
759.565	26
759.785	24
760.005	23
760.225	4
760.445	13
760.666	19
760.886	21
761.106	21
761.326	16
761.546	23
761.766	18
761.986	27
762.206	16
762.426	24
762.646	20
762.867	21
763.087	10
763.307	16
763.527	18
763.747	11
763.967	14
764.187	14
764.407	13
764.627	14
764.847	25
765.068	23
765.288	15
765.508	20
765.728	8
765.948	12
766.168	15
766.388	21
766.608	23
766.828	24
767.048	10
767.269	16
767.489	18
767.709	13
767.929	17
768.149	16
768.369	14
768.589	14
768.809	18
769.029	13
769.25	17
769.47	24
769.69	15
769.91	11
770.13	16
770.35	18
770.57	22
770.79	11
771.01	23
771.23	14
771.45	14
771.671	20
771.891	13
772.111	15
772.331	17
772.551	14
772.771	10
772.991	13
773.211	19
773.431	12
773.651	8
773.872	4
774.092	12
774.312	19
774.532	17
774.752	15
774.972	19
775.192	15
775.412	19
775.632	16
775.852	18
776.073	16
776.293	16
776.513	27
776.733	15
776.953	22
777.173	14
777.393	17
777.613	11
777.833	15
778.053	20
778.274	20
778.494	24
778.714	16
778.934	15
779.154	17
779.374	13
779.594	14
779.814	16
780.034	13
780.255	15
780.475	21
780.695	13
780.915	10
781.135	15
781.355	15
781.575	17
781.795	16
782.015	14
782.235	17
782.455	13
782.676	18
782.896	13
783.116	14
783.336	19
783.556	15
783.776	10
783.996	14
784.216	9
784.436	16
784.656	22
784.877	9
785.097	10
785.317	11
785.537	11
785.757	15
785.977	15
786.197	12
786.417	20
786.637	18
786.857	20
787.078	11
787.298	9
787.518	13
787.738	11
787.958	16
788.178	14
788.398	13
788.618	14
788.838	13
789.058	16
789.279	20
789.499	17
789.719	13
789.939	18
790.159	15
790.379	16
790.599	19
790.819	11
791.039	16
791.26	15
791.48	12
791.7	18
791.92	12
792.14	17
792.36	16
792.58	13
792.8	11
793.02	18
793.24	16
793.46	26
793.681	12
793.901	19
794.121	15
794.341	16
794.561	9
794.781	16
795.001	18
795.221	12
795.441	19
795.661	12
795.882	11
796.102	11
796.322	14
796.542	14
796.762	19
796.982	13
797.202	11
797.422	14
797.642	20
797.862	17
798.083	10
798.303	18
798.523	12
798.743	18
798.963	15
799.183	13
799.403	10
799.623	16
799.843	13
800.063	16
800.284	16
800.504	15
800.724	13
800.944	14
801.164	17
801.384	14
801.604	15
801.824	11
802.044	5
802.265	8
802.485	20
802.705	13
802.925	20
803.145	6
803.365	9
803.585	12
803.805	14
804.025	7
804.245	18
804.466	15
804.686	12
804.906	16
805.126	12
805.346	15
805.566	14
805.786	13
806.006	16
806.226	9
806.446	14
806.666	15
806.887	12
807.107	17
807.327	16
807.547	14
807.767	17
807.987	15
808.207	18
808.427	14
808.647	20
808.867	16
809.088	13
809.308	13
809.528	8
809.748	12
809.968	15
810.188	17
810.408	8
810.628	11
810.848	12
811.068	21
811.289	20
811.509	10
811.729	13
811.949	21
812.169	12
812.389	8
812.609	16
812.829	8
813.049	17
813.269	12
813.49	13
813.71	18
813.93	15
814.15	15
814.37	16
814.59	13
814.81	19
815.03	19
815.25	11
815.471	12
815.691	7
815.911	19
816.131	10
816.351	15
816.571	13
816.791	9
817.011	16
817.231	10
817.451	9
817.671	16
817.892	17
818.112	15
818.332	13
818.552	13
818.772	15
818.992	18
819.212	15
819.432	20
819.652	13
819.872	24
820.093	13
820.313	15
820.533	11
820.753	11
820.973	9
821.193	16
821.413	14
821.633	12
821.853	17
822.073	16
822.294	10
822.514	17
822.734	9
822.954	11
823.174	12
823.394	12
823.614	13
823.834	6
824.054	16
824.274	15
824.495	11
824.715	8
824.935	9
825.155	9
825.375	9
825.595	14
825.815	10
826.035	19
826.255	13
826.476	11
826.696	14
826.916	14
827.136	22
827.356	9
827.576	8
827.796	17
828.016	12
828.236	9
828.456	17
828.676	11
828.897	12
829.117	23
829.337	4
829.557	8
829.777	23
829.997	8
830.217	14
830.437	20
830.657	16
830.877	14
831.098	14
831.318	15
831.538	17
831.758	11
831.978	15
832.198	19
832.418	11
832.638	11
832.858	12
833.078	11
833.299	13
833.519	9
833.739	9
833.959	12
834.179	6
834.399	12
834.619	15
834.839	6
835.059	20
835.279	10
835.5	16
835.72	15
835.94	15
836.16	12
836.38	16
836.6	12
836.82	16
837.04	10
837.26	10
837.481	10
837.701	6
837.921	14
838.141	15
838.361	18
838.581	15
838.801	15
839.021	10
839.241	13
839.461	9
839.681	11
839.902	14
840.122	13
840.342	9
840.562	19
840.782	12
841.002	8
841.222	11
841.442	19
841.662	8
841.882	11
842.103	15
842.323	16
842.543	9
842.763	13
842.983	9
843.203	16
843.423	13
843.643	12
843.863	14
844.083	12
844.304	11
844.524	11
844.744	10
844.964	10
845.184	11
845.404	12
845.624	8
845.844	9
846.064	12
846.284	10
846.505	12
846.725	13
846.945	5
847.165	8
847.385	12
847.605	14
847.825	10
848.045	13
848.265	13
848.486	12
848.706	9
848.926	15
849.146	16
849.366	15
849.586	8
849.806	13
850.026	5
850.246	10
850.466	11
850.686	7
850.907	13
851.127	17
851.347	14
851.567	12
851.787	13
852.007	12
852.227	14
852.447	6
852.667	9
852.887	11
853.108	12
853.328	12
853.548	15
853.768	15
853.988	6
854.208	12
854.428	8
854.648	16
854.868	11
855.088	8
855.309	15
855.529	13
855.749	10
855.969	15
856.189	8
856.409	10
856.629	14
856.849	12
857.069	16
857.289	13
857.51	18
857.73	13
857.95	6
858.17	16
858.39	10
858.61	8
858.83	15
859.05	9
859.27	9
859.491	8
859.711	9
859.931	13
860.151	14
860.371	7
860.591	13
860.811	10
861.031	13
861.251	9
861.471	15
861.691	18
861.912	19
862.132	12
862.352	12
862.572	14
862.792	8
863.012	14
863.232	11
863.452	5
863.672	11
863.892	11
864.113	11
864.333	10
864.553	11
864.773	6
864.993	11
865.213	6
865.433	9
865.653	9
865.873	10
866.093	7
866.314	8
866.534	10
866.754	13
866.974	8
867.194	11
867.414	10
867.634	9
867.854	10
868.074	9
868.294	12
868.515	9
868.735	8
868.955	10
869.175	11
869.395	4
869.615	10
869.835	6
870.055	6
870.275	9
870.495	10
870.716	8
870.936	7
871.156	9
871.376	10
871.596	5
871.816	10
872.036	10
872.256	10
872.476	7
872.697	7
872.917	10
873.137	11
873.357	11
873.577	8
873.797	14
874.017	16
874.237	16
874.457	12
874.677	5
874.897	16
875.118	7
875.338	5
875.558	10
875.778	7
875.998	14
876.218	7
876.438	9
876.658	17
876.878	9
877.098	16
877.319	12
877.539	14
877.759	9
877.979	8
878.199	9
878.419	6
878.639	7
878.859	16
879.079	7
879.299	4
879.52	6
879.74	3
879.96	10
880.18	7
880.4	14
880.62	12
880.84	7
881.06	12
881.28	13
881.5	9
881.721	8
881.941	8
882.161	10
882.381	12
882.601	15
882.821	6
883.041	10
883.261	13
883.481	8
883.702	16
883.922	13
884.142	8
884.362	14
884.582	12
884.802	6
885.022	13
885.242	3
885.462	13
885.682	10
885.902	4
886.123	8
886.343	7
886.563	13
886.783	10
887.003	11
887.223	13
887.443	8
887.663	7
887.883	5
888.103	9
888.324	8
888.544	14
888.764	14
888.984	10
889.204	9
889.424	6
889.644	6
889.864	9
890.084	7
890.304	9
890.525	4
890.745	7
890.965	8
891.185	8
891.405	9
891.625	4
891.845	8
892.065	8
892.285	13
892.505	12
892.726	8
892.946	7
893.166	5
893.386	12
893.606	7
893.826	11
894.046	10
894.266	12
894.486	10
894.707	5
894.927	8
895.147	14
895.367	7
895.587	8
895.807	12
896.027	12
896.247	10
896.467	9
896.687	7
896.907	10
897.128	9
897.348	7
897.568	9
897.788	8
898.008	13
898.228	8
898.448	11
898.668	10
898.888	8
899.108	9
899.329	13
899.549	6
899.769	5
899.989	10
900.209	9
900.429	8
900.649	7
900.869	7
901.089	10
901.309	9
901.53	12
901.75	11
901.97	4
902.19	7
902.41	8
902.63	11
902.85	8
903.07	11
903.29	7
903.51	9
903.731	9
903.951	5
904.171	4
904.391	7
904.611	3
904.831	8
905.051	10
905.271	6
905.491	13
905.712	6
905.932	10
906.152	4
906.372	12
906.592	5
906.812	8
907.032	8
907.252	10
907.472	7
907.692	8
907.912	6
908.133	6
908.353	10
908.573	9
908.793	9
909.013	6
909.233	12
909.453	5
909.673	6
909.893	8
910.113	8
910.334	6
910.554	6
910.774	12
910.994	9
911.214	5
911.434	15
911.654	8
911.874	6
912.094	4
912.314	7
912.535	6
912.755	11
912.975	10
913.195	6
913.415	7
913.635	11
913.855	10
914.075	8
914.295	8
914.515	4
914.736	6
914.956	11
915.176	5
915.396	10
915.616	9
915.836	11
916.056	6
916.276	8
916.496	10
916.717	8
916.937	7
917.157	2
917.377	6
917.597	9
917.817	6
918.037	5
918.257	2
918.477	6
918.697	5
918.917	4
919.138	6
919.358	9
919.578	9
919.798	8
920.018	7
920.238	7
920.458	8
920.678	7
920.898	8
921.118	7
921.339	7
921.559	7
921.779	9
921.999	6
922.219	8
922.439	9
922.659	13
922.879	9
923.099	12
923.319	4
923.54	7
923.76	13
923.98	11
924.2	11
924.42	6
924.64	8
924.86	7
925.08	11
925.3	6
925.52	11
925.741	12
925.961	9
926.181	7
926.401	6
926.621	3
926.841	10
927.061	5
927.281	7
927.501	4
927.721	6
927.942	10
928.162	8
928.382	10
928.602	9
928.822	8
929.042	7
929.262	8
929.482	9
929.702	7
929.923	9
930.143	10
930.363	4
930.583	12
930.803	9
931.023	4
931.243	12
931.463	8
931.683	10
931.903	8
932.123	6
932.344	6
932.564	8
932.784	11
933.004	11
933.224	7
933.444	8
933.664	8
933.884	8
934.104	7
934.324	4
934.545	12
934.765	13
934.985	6
935.205	3
935.425	8
935.645	8
935.865	7
936.085	10
936.305	5
936.525	6
936.746	5
936.966	4
937.186	14
937.406	7
937.626	8
937.846	10
938.066	3
938.286	13
938.506	10
938.726	5
938.947	9
939.167	9
939.387	9
939.607	10
939.827	4
940.047	6
940.267	10
940.487	6
940.707	10
940.928	7
941.148	9
941.368	7
941.588	9
941.808	11
942.028	9
942.248	9
942.468	5
942.688	7
942.908	9
943.128	2
943.349	10
943.569	8
943.789	7
944.009	3
944.229	8
944.449	11
944.669	8
944.889	6
945.109	9
945.329	8
945.55	8
945.77	6
945.99	12
946.21	9
946.43	7
946.65	8
946.87	6
947.09	5
947.31	5
947.53	9
947.751	4
947.971	8
948.191	6
948.411	7
948.631	9
948.851	6
949.071	3
949.291	7
949.511	4
949.731	6
949.952	7
950.172	4
950.392	10
950.612	4
950.832	6
951.052	10
951.272	6
951.492	6
951.712	6
951.933	1
952.153	5
952.373	8
952.593	2
952.813	6
953.033	8
953.253	7
953.473	5
953.693	9
953.913	7
954.133	6
954.354	8
954.574	4
954.794	8
955.014	7
955.234	4
955.454	12
955.674	12
955.894	8
956.114	7
956.334	10
956.555	9
956.775	5
956.995	5
957.215	5
957.435	7
957.655	2
957.875	6
958.095	5
958.315	7
958.535	5
958.756	8
958.976	12
959.196	4
959.416	8
959.636	4
959.856	2
960.076	7
960.296	3
960.516	7
960.736	6
960.957	3
961.177	7
961.397	6
961.617	9
961.837	12
962.057	6
962.277	4
962.497	13
962.717	6
962.938	4
963.158	7
963.378	11
963.598	2
963.818	2
964.038	7
964.258	9
964.478	5
964.698	3
964.918	6
965.138	9
965.359	7
965.579	9
965.799	10
966.019	5
966.239	3
966.459	8
966.679	7
966.899	8
967.119	8
967.339	10
967.56	2
967.78	5
968	4
968.22	8
968.44	6
968.66	3
968.88	6
969.1	9
969.32	4
969.54	4
969.761	9
969.981	7
970.201	8
970.421	7
970.641	4
970.861	6
971.081	5
971.301	5
971.521	11
971.741	3
971.962	14
972.182	5
972.402	5
972.622	5
972.842	9
973.062	6
973.282	8
973.502	6
973.722	3
973.943	5
974.163	5
974.383	5
974.603	8
974.823	6
975.043	11
975.263	6
975.483	13
975.703	7
975.923	6
976.143	5
976.364	6
976.584	12
976.804	5
977.024	6
977.244	9
977.464	14
977.684	8
977.904	4
978.124	4
978.344	3
978.565	6
978.785	3
979.005	7
979.225	4
979.445	6
979.665	8
979.885	7
980.105	9
980.325	9
980.545	5
980.766	4
980.986	7
981.206	9
981.426	5
981.646	3
981.866	8
982.086	5
982.306	5
982.526	7
982.746	6
982.967	9
983.187	5
983.407	8
983.627	4
983.847	9
984.067	8
984.287	3
984.507	6
984.727	10
984.947	8
985.168	3
985.388	6
985.608	7
985.828	9
986.048	8
986.268	9
986.488	5
986.708	6
986.928	6
987.148	8
987.369	8
987.589	5
987.809	5
988.029	7
988.249	6
988.469	7
988.689	5
988.909	4
989.129	7
989.349	4
989.57	10
989.79	5
990.01	5
990.23	2
990.45	5
990.67	4
990.89	8
991.11	7
991.33	7
991.55	2
991.771	5
991.991	4
992.211	2
992.431	7
992.651	4
992.871	8
993.091	6
993.311	7
993.531	10
993.751	11
993.972	7
994.192	6
994.412	4
994.632	4
994.852	8
995.072	4
995.292	3
995.512	12
995.732	6
995.952	3
996.173	6
996.393	6
996.613	7
996.833	5
997.053	0
997.273	5
997.493	6
997.713	5
997.933	4
998.154	9
998.374	6
998.594	8
998.814	6
999.034	6
999.254	7
999.474	5
999.694	8
999.914	7
1000.13	8
1000.35	11
1000.57	5
1000.79	7
1001.01	4
1001.23	3
1001.45	6
1001.68	7
1001.9	9
1002.12	7
1002.34	1
1002.56	8
1002.78	5
1003	6
1003.22	6
1003.44	8
1003.66	6
1003.88	6
1004.1	5
1004.32	7
1004.54	5
1004.76	6
1004.98	6
1005.2	5
1005.42	6
1005.64	6
1005.86	8
1006.08	5
1006.3	2
1006.52	3
1006.74	10
1006.96	6
1007.18	7
1007.4	7
1007.62	6
1007.84	9
1008.06	5
1008.28	5
1008.5	6
1008.72	1
1008.94	4
1009.16	8
1009.38	4
1009.6	1
1009.82	9
1010.04	3
1010.26	6
1010.48	5
1010.7	4
1010.92	3
1011.14	5
1011.36	6
1011.58	3
1011.8	3
1012.02	6
1012.24	2
1012.46	6
1012.68	3
1012.9	4
1013.12	5
1013.34	5
1013.56	8
1013.78	5
1014	7
1014.22	3
1014.44	4
1014.66	5
1014.88	2
1015.1	6
1015.32	11
1015.54	7
1015.76	12
1015.98	12
1016.2	7
1016.42	1
1016.64	5
1016.86	7
1017.08	6
1017.3	5
1017.52	6
1017.74	5
1017.96	5
1018.18	5
1018.4	5
1018.62	8
1018.84	4
1019.06	2
1019.28	6
1019.5	5
1019.72	8
1019.94	9
1020.16	4
1020.38	7
1020.6	6
1020.82	6
1021.04	7
1021.26	7
1021.48	3
1021.7	6
1021.92	7
1022.14	5
1022.36	4
1022.58	5
1022.8	3
1023.02	10
1023.24	2
1023.46	4
1023.69	10
1023.91	6
1024.13	3
1024.35	6
1024.57	6
1024.79	6
1025.01	9
1025.23	4
1025.45	5
1025.67	3
1025.89	7
1026.11	5
1026.33	5
1026.55	3
1026.77	10
1026.99	3
1027.21	6
1027.43	8
1027.65	3
1027.87	8
1028.09	2
1028.31	9
1028.53	4
1028.75	6
1028.97	4
1029.19	3
1029.41	7
1029.63	7
1029.85	2
1030.07	1
1030.29	2
1030.51	2
1030.73	3
1030.95	5
1031.17	6
1031.39	6
1031.61	6
1031.83	7
1032.05	9
1032.27	3
1032.49	4
1032.71	4
1032.93	0
1033.15	12
1033.37	3
1033.59	3
1033.81	5
1034.03	4
1034.25	4
1034.47	4
1034.69	6
1034.91	6
1035.13	4
1035.35	3
1035.57	6
1035.79	4
1036.01	8
1036.23	5
1036.45	3
1036.67	11
1036.89	4
1037.11	1
1037.33	5
1037.55	3
1037.77	6
1037.99	7
1038.21	3
1038.43	7
1038.65	2
1038.87	3
1039.09	6
1039.31	4
1039.53	3
1039.75	6
1039.97	6
1040.19	4
1040.41	5
1040.63	3
1040.85	6
1041.07	2
1041.29	4
1041.51	1
1041.73	2
1041.95	5
1042.17	5
1042.39	3
1042.61	6
1042.83	3
1043.05	4
1043.27	3
1043.49	2
1043.71	6
1043.93	1
1044.15	6
1044.37	7
1044.59	3
1044.81	3
1045.03	3
1045.25	6
1045.47	4
1045.7	3
1045.92	3
1046.14	4
1046.36	4
1046.58	1
1046.8	5
1047.02	3
1047.24	5
1047.46	7
1047.68	7
1047.9	8
1048.12	6
1048.34	7
1048.56	5
1048.78	1
1049	6
1049.22	3
1049.44	6
1049.66	7
1049.88	6
1050.1	6
1050.32	3
1050.54	4
1050.76	5
1050.98	7
1051.2	2
1051.42	3
1051.64	6
1051.86	6
1052.08	2
1052.3	4
1052.52	3
1052.74	3
1052.96	5
1053.18	5
1053.4	1
1053.62	5
1053.84	5
1054.06	7
1054.28	4
1054.5	4
1054.72	7
1054.94	3
1055.16	8
1055.38	2
1055.6	8
1055.82	4
1056.04	6
1056.26	7
1056.48	3
1056.7	7
1056.92	10
1057.14	3
1057.36	7
1057.58	3
1057.8	5
1058.02	3
1058.24	6
1058.46	4
1058.68	4
1058.9	5
1059.12	2
1059.34	4
1059.56	2
1059.78	8
1060	3
1060.22	5
1060.44	3
1060.66	4
1060.88	8
1061.1	3
1061.32	6
1061.54	5
1061.76	7
1061.98	6
1062.2	3
1062.42	4
1062.64	2
1062.86	7
1063.08	6
1063.3	3
1063.52	10
1063.74	2
1063.96	6
1064.18	4
1064.4	8
1064.62	8
1064.84	3
1065.06	2
1065.28	3
1065.5	1
1065.72	7
1065.94	5
1066.16	5
1066.38	6
1066.6	2
1066.82	3
1067.04	4
1067.26	8
1067.48	3
1067.71	4
1067.93	2
1068.15	2
1068.37	7
1068.59	6
1068.81	4
1069.03	2
1069.25	0
1069.47	5
1069.69	6
1069.91	4
1070.13	3
1070.35	5
1070.57	3
1070.79	2
1071.01	5
1071.23	7
1071.45	6
1071.67	5
1071.89	7
1072.11	7
1072.33	7
1072.55	4
1072.77	6
1072.99	7
1073.21	0
1073.43	4
1073.65	6
1073.87	5
1074.09	1
1074.31	6
1074.53	5
1074.75	8
1074.97	2
1075.19	4
1075.41	5
1075.63	6
1075.85	3
1076.07	3
1076.29	6
1076.51	1
1076.73	6
1076.95	5
1077.17	3
1077.39	4
1077.61	1
1077.83	5
1078.05	6
1078.27	4
1078.49	6
1078.71	3
1078.93	4
1079.15	7
1079.37	4
1079.59	9
1079.81	6
1080.03	6
1080.25	4
1080.47	8
1080.69	4
1080.91	4
1081.13	4
1081.35	2
1081.57	5
1081.79	2
1082.01	4
1082.23	4
1082.45	6
1082.67	2
1082.89	5
1083.11	5
1083.33	2
1083.55	2
1083.77	3
1083.99	11
1084.21	2
1084.43	3
1084.65	4
1084.87	1
1085.09	4
1085.31	7
1085.53	2
1085.75	2
1085.97	8
1086.19	3
1086.41	0
1086.63	7
1086.85	1
1087.07	4
1087.29	7
1087.51	3
1087.73	8
1087.95	9
1088.17	4
1088.39	3
1088.61	1
1088.83	4
1089.05	7
1089.27	3
1089.49	7
1089.72	1
1089.94	3
1090.16	4
1090.38	7
1090.6	3
1090.82	7
1091.04	7
1091.26	5
1091.48	3
1091.7	2
1091.92	4
1092.14	3
1092.36	10
1092.58	7
1092.8	4
1093.02	4
1093.24	1
1093.46	6
1093.68	1
1093.9	4
1094.12	2
1094.34	5
1094.56	4
1094.78	4
1095	3
1095.22	4
1095.44	2
1095.66	4
1095.88	3
1096.1	4
1096.32	4
1096.54	6
1096.76	7
1096.98	7
1097.2	4
1097.42	2
1097.64	5
1097.86	5
1098.08	5
1098.3	6
1098.52	3
1098.74	2
1098.96	5
1099.18	9
1099.4	4
1099.62	6
1099.84	4
1100.06	5
1100.28	6
1100.5	10
1100.72	6
1100.94	5
1101.16	5
1101.38	5
1101.6	2
1101.82	5
1102.04	5
1102.26	5
1102.48	6
1102.7	1
1102.92	3
1103.14	4
1103.36	5
1103.58	5
1103.8	2
1104.02	3
1104.24	5
1104.46	3
1104.68	3
1104.9	1
1105.12	4
1105.34	2
1105.56	3
1105.78	5
1106	1
1106.22	3
1106.44	5
1106.66	1
1106.88	5
1107.1	6
1107.32	3
1107.54	3
1107.76	4
1107.98	4
1108.2	8
1108.42	5
1108.64	5
1108.86	4
1109.08	4
1109.3	6
1109.52	2
1109.74	3
1109.96	1
1110.18	5
1110.4	3
1110.62	3
1110.84	0
1111.06	0
1111.28	6
1111.5	5
1111.73	6
1111.95	3
1112.17	3
1112.39	1
1112.61	3
1112.83	3
1113.05	2
1113.27	3
1113.49	4
1113.71	3
1113.93	4
1114.15	4
1114.37	2
1114.59	13
1114.81	2
1115.03	3
1115.25	5
1115.47	3
1115.69	3
1115.91	5
1116.13	3
1116.35	4
1116.57	7
1116.79	5
1117.01	3
1117.23	4
1117.45	5
1117.67	7
1117.89	4
1118.11	8
1118.33	6
1118.55	6
1118.77	2
1118.99	7
1119.21	5
1119.43	5
1119.65	4
1119.87	5
1120.09	3
1120.31	4
1120.53	6
1120.75	6
1120.97	4
1121.19	5
1121.41	7
1121.63	6
1121.85	5
1122.07	3
1122.29	4
1122.51	3
1122.73	3
1122.95	4
1123.17	2
1123.39	1
1123.61	3
1123.83	4
1124.05	6
1124.27	3
1124.49	5
1124.71	6
1124.93	7
1125.15	3
1125.37	4
1125.59	2
1125.81	7
1126.03	4
1126.25	5
1126.47	5
1126.69	3
1126.91	2
1127.13	2
1127.35	3
1127.57	4
1127.79	4
1128.01	2
1128.23	2
1128.45	4
1128.67	3
1128.89	1
1129.11	0
1129.33	3
1129.55	3
1129.77	3
1129.99	3
1130.21	4
1130.43	2
1130.65	3
1130.87	4
1131.09	5
1131.31	3
1131.53	4
1131.75	4
1131.97	6
1132.19	1
1132.41	7
1132.63	1
1132.85	3
1133.07	5
1133.29	4
1133.51	1
1133.74	4
1133.96	4
1134.18	2
1134.4	6
1134.62	2
1134.84	3
1135.06	5
1135.28	3
1135.5	6
1135.72	2
1135.94	6
1136.16	3
1136.38	5
1136.6	4
1136.82	4
1137.04	2
1137.26	5
1137.48	3
1137.7	4
1137.92	0
1138.14	4
1138.36	2
1138.58	4
1138.8	3
1139.02	5
1139.24	4
1139.46	6
1139.68	3
1139.9	0
1140.12	3
1140.34	5
1140.56	0
1140.78	3
1141	2
1141.22	1
1141.44	6
1141.66	5
1141.88	2
1142.1	3
1142.32	3
1142.54	4
1142.76	2
1142.98	4
1143.2	1
1143.42	2
1143.64	2
1143.86	0
1144.08	1
1144.3	0
1144.52	6
1144.74	5
1144.96	2
1145.18	6
1145.4	1
1145.62	4
1145.84	3
1146.06	3
1146.28	3
1146.5	2
1146.72	0
1146.94	1
1147.16	4
1147.38	4
1147.6	3
1147.82	2
1148.04	3
1148.26	1
1148.48	1
1148.7	1
1148.92	2
1149.14	3
1149.36	2
1149.58	0
1149.8	2
1150.02	1
1150.24	5
1150.46	1
1150.68	2
1150.9	1
1151.12	0
1151.34	5
1151.56	0
1151.78	3
1152	4
1152.22	6
1152.44	5
1152.66	4
1152.88	3
1153.1	3
1153.32	2
1153.54	4
1153.76	1
1153.98	4
1154.2	5
1154.42	5
1154.64	0
1154.86	5
1155.08	2
1155.3	2
1155.52	5
1155.75	6
1155.97	3
1156.19	1
1156.41	3
1156.63	0
1156.85	8
1157.07	3
1157.29	3
1157.51	5
1157.73	4
1157.95	2
1158.17	1
1158.39	2
1158.61	0
1158.83	3
1159.05	2
1159.27	2
1159.49	4
1159.71	1
1159.93	1
1160.15	1
1160.37	0
1160.59	2
1160.81	2
1161.03	2
1161.25	3
1161.47	1
1161.69	1
1161.91	3
1162.13	2
1162.35	1
1162.57	0
1162.79	5
1163.01	1
1163.23	1
1163.45	5
1163.67	1
1163.89	1
1164.11	1
1164.33	3
1164.55	1
1164.77	0
1164.99	3
1165.21	1
1165.43	4
1165.65	3
1165.87	2
1166.09	1
1166.31	3
1166.53	2
1166.75	3
1166.97	4
1167.19	2
1167.41	4
1167.63	2
1167.85	4
1168.07	3
1168.29	2
1168.51	2
1168.73	4
1168.95	4
1169.17	2
1169.39	1
1169.61	2
1169.83	2
1170.05	6
1170.27	0
1170.49	2
1170.71	1
1170.93	5
1171.15	1
1171.37	0
1171.59	2
1171.81	0
1172.03	2
1172.25	6
1172.47	1
1172.69	4
1172.91	3
1173.13	1
1173.35	5
1173.57	4
1173.79	2
1174.01	3
1174.23	7
1174.45	4
1174.67	5
1174.89	8
1175.11	8
1175.33	13
1175.55	20
1175.77	31
1175.99	29
1176.21	21
1176.43	42
1176.65	35
1176.87	31
1177.09	33
1177.31	41
1177.53	13
1177.76	11
1177.98	11
1178.2	7
1178.42	2
1178.64	2
1178.86	2
1179.08	5
1179.3	3
1179.52	1
1179.74	2
1179.96	2
1180.18	3
1180.4	0
1180.62	2
1180.84	2
1181.06	0
1181.28	2
1181.5	2
1181.72	1
1181.94	3
1182.16	1
1182.38	2
1182.6	2
1182.82	3
1183.04	2
1183.26	1
1183.48	3
1183.7	2
1183.92	2
1184.14	1
1184.36	1
1184.58	3
1184.8	5
1185.02	1
1185.24	2
1185.46	2
1185.68	1
1185.9	1
1186.12	1
1186.34	3
1186.56	2
1186.78	1
1187	4
1187.22	5
1187.44	0
1187.66	6
1187.88	3
1188.1	4
1188.32	3
1188.54	2
1188.76	2
1188.98	3
1189.2	2
1189.42	0
1189.64	1
1189.86	0
1190.08	1
1190.3	1
1190.52	1
1190.74	2
1190.96	6
1191.18	0
1191.4	3
1191.62	2
1191.84	0
1192.06	4
1192.28	0
1192.5	2
1192.72	0
1192.94	2
1193.16	1
1193.38	2
1193.6	2
1193.82	2
1194.04	2
1194.26	0
1194.48	1
1194.7	3
1194.92	2
1195.14	1
1195.36	0
1195.58	4
1195.8	2
1196.02	4
1196.24	2
1196.46	1
1196.68	2
1196.9	1
1197.12	1
1197.34	5
1197.56	2
1197.78	2
1198	1
1198.22	3
1198.44	0
1198.66	0
1198.88	5
1199.1	2
1199.32	0
1199.54	5
1199.77	0
1199.99	2
1200.21	1
1200.43	1
1200.65	4
1200.87	0
1201.09	1
1201.31	1
1201.53	6
1201.75	3
1201.97	3
1202.19	2
1202.41	1
1202.63	4
1202.85	1
1203.07	1
1203.29	2
1203.51	0
1203.73	1
1203.95	1
1204.17	2
1204.39	1
1204.61	2
1204.83	2
1205.05	0
1205.27	6
1205.49	1
1205.71	1
1205.93	2
1206.15	2
1206.37	2
1206.59	4
1206.81	3
1207.03	1
1207.25	2
1207.47	1
1207.69	0
1207.91	1
1208.13	3
1208.35	3
1208.57	3
1208.79	0
1209.01	0
1209.23	0
1209.45	1
1209.67	0
1209.89	3
1210.11	3
1210.33	2
1210.55	1
1210.77	3
1210.99	2
1211.21	2
1211.43	2
1211.65	0
1211.87	3
1212.09	2
1212.31	2
1212.53	4
1212.75	1
1212.97	0
1213.19	1
1213.41	3
1213.63	0
1213.85	1
1214.07	0
1214.29	2
1214.51	5
1214.73	3
1214.95	1
1215.17	1
1215.39	2
1215.61	4
1215.83	1
1216.05	3
1216.27	3
1216.49	1
1216.71	2
1216.93	1
1217.15	0
1217.37	3
1217.59	1
1217.81	3
1218.03	3
1218.25	1
1218.47	1
1218.69	2
1218.91	1
1219.13	4
1219.35	4
1219.57	1
1219.79	1
1220.01	4
1220.23	2
1220.45	1
1220.67	1
1220.89	0
1221.11	2
1221.33	0
1221.55	3
1221.78	1
1222	2
1222.22	0
1222.44	1
1222.66	2
1222.88	0
1223.1	0
1223.32	2
1223.54	1
1223.76	2
1223.98	1
1224.2	1
1224.42	0
1224.64	0
1224.86	0
1225.08	2
1225.3	2
1225.52	2
1225.74	1
1225.96	2
1226.18	1
1226.4	1
1226.62	1
1226.84	3
1227.06	1
1227.28	2
1227.5	0
1227.72	1
1227.94	5
1228.16	2
1228.38	0
1228.6	1
1228.82	1
1229.04	1
1229.26	1
1229.48	3
1229.7	1
1229.92	0
1230.14	0
1230.36	1
1230.58	0
1230.8	1
1231.02	1
1231.24	4
1231.46	4
1231.68	2
1231.9	1
1232.12	1
1232.34	1
1232.56	1
1232.78	1
1233	1
1233.22	1
1233.44	0
1233.66	0
1233.88	1
1234.1	3
1234.32	2
1234.54	1
1234.76	1
1234.98	1
1235.2	1
1235.42	2
1235.64	2
1235.86	1
1236.08	2
1236.3	0
1236.52	1
1236.74	2
1236.96	1
1237.18	0
1237.4	2
1237.62	2
1237.84	2
1238.06	2
1238.28	2
1238.5	1
1238.72	4
1238.94	1
1239.16	1
1239.38	0
1239.6	0
1239.82	0
1240.04	0
1240.26	0
1240.48	3
1240.7	4
1240.92	0
1241.14	2
1241.36	3
1241.58	5
1241.8	2
1242.02	2
1242.24	2
1242.46	1
1242.68	2
1242.9	3
1243.12	3
1243.34	1
1243.57	3
1243.79	0
1244.01	2
1244.23	2
1244.45	4
1244.67	2
1244.89	2
1245.11	1
1245.33	1
1245.55	0
1245.77	2
1245.99	0
1246.21	1
1246.43	2
1246.65	1
1246.87	4
1247.09	1
1247.31	0
1247.53	0
1247.75	0
1247.97	6
1248.19	1
1248.41	1
1248.63	1
1248.85	1
1249.07	1
1249.29	0
1249.51	2
1249.73	1
1249.95	1
1250.17	1
1250.39	0
1250.61	0
1250.83	0
1251.05	2
1251.27	1
1251.49	1
1251.71	1
1251.93	0
1252.15	3
1252.37	1
1252.59	2
1252.81	3
1253.03	0
1253.25	0
1253.47	1
1253.69	1
1253.91	1
1254.13	3
1254.35	0
1254.57	0
1254.79	0
1255.01	2
1255.23	1
1255.45	1
1255.67	2
1255.89	1
1256.11	2
1256.33	1
1256.55	0
1256.77	5
1256.99	1
1257.21	2
1257.43	4
1257.65	1
1257.87	1
1258.09	3
1258.31	2
1258.53	0
1258.75	3
1258.97	2
1259.19	2
1259.41	1
1259.63	1
1259.85	5
1260.07	2
1260.29	0
1260.51	2
1260.73	1
1260.95	1
1261.17	2
1261.39	3
1261.61	1
1261.83	1
1262.05	1
1262.27	0
1262.49	2
1262.71	0
1262.93	1
1263.15	1
1263.37	0
1263.59	1
1263.81	0
1264.03	0
1264.25	1
1264.47	1
1264.69	0
1264.91	1
1265.13	0
1265.35	2
1265.58	0
1265.8	1
1266.02	3
1266.24	1
1266.46	1
1266.68	1
1266.9	3
1267.12	3
1267.34	0
1267.56	2
1267.78	2
1268	1
1268.22	0
1268.44	1
1268.66	1
1268.88	5
1269.1	1
1269.32	0
1269.54	1
1269.76	1
1269.98	0
1270.2	2
1270.42	2
1270.64	3
1270.86	2
1271.08	3
1271.3	1
1271.52	1
1271.74	4
1271.96	2
1272.18	0
1272.4	2
1272.62	1
1272.84	1
1273.06	3
1273.28	1
1273.5	3
1273.72	2
1273.94	4
1274.16	5
1274.38	0
1274.6	1
1274.82	1
1275.04	1
1275.26	2
1275.48	1
1275.7	1
1275.92	3
1276.14	2
1276.36	1
1276.58	1
1276.8	2
1277.02	4
1277.24	0
1277.46	5
1277.68	2
1277.9	2
1278.12	1
1278.34	1
1278.56	2
1278.78	3
1279	3
1279.22	1
1279.44	1
1279.66	2
1279.88	1
1280.1	2
1280.32	1
1280.54	2
1280.76	1
1280.98	4
1281.2	2
1281.42	3
1281.64	2
1281.86	3
1282.08	2
1282.3	1
1282.52	0
1282.74	1
1282.96	2
1283.18	1
1283.4	4
1283.62	1
1283.84	1
1284.06	0
1284.28	2
1284.5	1
1284.72	1
1284.94	2
1285.16	1
1285.38	0
1285.6	1
1285.82	2
1286.04	3
1286.26	1
1286.48	0
1286.7	1
1286.92	3
1287.14	1
1287.36	1
1287.59	3
1287.81	0
1288.03	1
1288.25	4
1288.47	3
1288.69	2
1288.91	1
1289.13	1
1289.35	0
1289.57	5
1289.79	0
1290.01	7
1290.23	1
1290.45	1
1290.67	1
1290.89	0
1291.11	2
1291.33	2
1291.55	4
1291.77	2
1291.99	3
1292.21	3
1292.43	2
1292.65	0
1292.87	1
1293.09	4
1293.31	2
1293.53	4
1293.75	1
1293.97	0
1294.19	3
1294.41	0
1294.63	1
1294.85	2
1295.07	2
1295.29	1
1295.51	0
1295.73	2
1295.95	3
1296.17	1
1296.39	1
1296.61	0
1296.83	1
1297.05	3
1297.27	1
1297.49	0
1297.71	3
1297.93	2
1298.15	0
1298.37	0
1298.59	1
1298.81	1
1299.03	1
1299.25	1
1299.47	1
1299.69	3
1299.91	1
1300.13	0
1300.35	2
1300.57	0
1300.79	2
1301.01	2
1301.23	2
1301.45	0
1301.67	0
1301.89	2
1302.11	3
1302.33	0
1302.55	0
1302.77	3
1302.99	1
1303.21	1
1303.43	2
1303.65	2
1303.87	2
1304.09	5
1304.31	3
1304.53	0
1304.75	4
1304.97	2
1305.19	0
1305.41	1
1305.63	0
1305.85	3
1306.07	2
1306.29	1
1306.51	2
1306.73	3
1306.95	4
1307.17	5
1307.39	1
1307.61	2
1307.83	1
1308.05	1
1308.27	2
1308.49	3
1308.71	3
1308.93	4
1309.15	2
1309.37	2
1309.6	2
1309.82	1
1310.04	2
1310.26	2
1310.48	3
1310.7	0
1310.92	2
1311.14	5
1311.36	4
1311.58	2
1311.8	1
1312.02	2
1312.24	1
1312.46	0
1312.68	1
1312.9	4
1313.12	1
1313.34	1
1313.56	1
1313.78	4
1314	2
1314.22	5
1314.44	3
1314.66	4
1314.88	2
1315.1	1
1315.32	2
1315.54	3
1315.76	1
1315.98	4
1316.2	2
1316.42	2
1316.64	4
1316.86	4
1317.08	1
1317.3	2
1317.52	0
1317.74	3
1317.96	0
1318.18	3
1318.4	1
1318.62	3
1318.84	4
1319.06	3
1319.28	1
1319.5	0
1319.72	2
1319.94	4
1320.16	1
1320.38	5
1320.6	2
1320.82	2
1321.04	3
1321.26	1
1321.48	3
1321.7	3
1321.92	1
1322.14	3
1322.36	3
1322.58	2
1322.8	2
1323.02	5
1323.24	2
1323.46	3
1323.68	3
1323.9	5
1324.12	9
1324.34	9
1324.56	5
1324.78	4
1325	4
1325.22	3
1325.44	2
1325.66	8
1325.88	7
1326.1	8
1326.32	6
1326.54	9
1326.76	6
1326.98	5
1327.2	11
1327.42	5
1327.64	8
1327.86	2
1328.08	2
1328.3	4
1328.52	4
1328.74	1
1328.96	1
1329.18	1
1329.4	0
1329.62	0
1329.84	1
1330.06	0
1330.28	1
1330.5	1
1330.72	1
1330.94	0
1331.16	1
1331.38	0
1331.61	0
1331.83	0
1332.05	0
1332.27	1
1332.49	1
1332.71	0
1332.93	1
1333.15	0
1333.37	1
1333.59	2
1333.81	5
1334.03	0
1334.25	0
1334.47	1
1334.69	2
1334.91	3
1335.13	8
1335.35	3
1335.57	8
1335.79	14
1336.01	26
1336.23	24
1336.45	23
1336.67	29
1336.89	24
1337.11	22
1337.33	26
1337.55	16
1337.77	14
1337.99	14
1338.21	4
1338.43	3
1338.65	1
1338.87	1
1339.09	1
1339.31	0
1339.53	0
1339.75	0
1339.97	0
1340.19	1
1340.41	0
1340.63	0
1340.85	0
1341.07	0
1341.29	0
1341.51	0
1341.73	0
1341.95	0
1342.17	1
1342.39	2
1342.61	0
1342.83	0
1343.05	0
1343.27	0
1343.49	0
1343.71	0
1343.93	0
1344.15	0
1344.37	0
1344.59	0
1344.81	1
1345.03	1
1345.25	0
1345.47	0
1345.69	0
1345.91	0
1346.13	0
1346.35	1
1346.57	1
1346.79	0
1347.01	1
1347.23	0
1347.45	0
1347.67	2
1347.89	0
1348.11	0
1348.33	0
1348.55	0
1348.77	0
1348.99	0
1349.21	1
1349.43	0
1349.65	0
1349.87	0
1350.09	1
1350.31	1
1350.53	0
1350.75	0
1350.97	0
1351.19	0
1351.41	0
1351.63	1
1351.85	1
1352.07	0
1352.29	1
1352.51	0
1352.73	0
1352.95	0
1353.17	3
1353.39	0
1353.62	2
1353.84	0
1354.06	0
1354.28	1
1354.5	1
1354.72	1
1354.94	0
1355.16	1
1355.38	0
1355.6	0
1355.82	0
1356.04	1
1356.26	0
1356.48	0
1356.7	0
1356.92	0
1357.14	0
1357.36	0
1357.58	1
1357.8	0
1358.02	1
1358.24	0
1358.46	0
1358.68	0
1358.9	0
1359.12	1
1359.34	1
1359.56	0
1359.78	0
1360	1
1360.22	0
1360.44	1
1360.66	0
1360.88	0
1361.1	0
1361.32	2
1361.54	0
1361.76	0
1361.98	0
1362.2	0
1362.42	0
1362.64	0
1362.86	0
1363.08	1
1363.3	0
1363.52	0
1363.74	0
1363.96	0
1364.18	0
1364.4	0
1364.62	1
1364.84	1
1365.06	1
1365.28	0
1365.5	0
1365.72	0
1365.94	1
1366.16	0
1366.38	2
1366.6	1
1366.82	0
1367.04	0
1367.26	0
1367.48	1
1367.7	1
1367.92	0
1368.14	0
1368.36	1
1368.58	0
1368.8	0
1369.02	0
1369.24	0
1369.46	0
1369.68	0
1369.9	0
1370.12	0
1370.34	0
1370.56	0
1370.78	0
1371	0
1371.22	0
1371.44	0
1371.66	1
1371.88	0
1372.1	0
1372.32	0
1372.54	0
1372.76	0
1372.98	0
1373.2	0
1373.42	0
1373.64	0
1373.86	0
1374.08	0
1374.3	0
1374.52	0
1374.74	0
1374.96	0
1375.18	0
1375.4	0
1375.63	1
1375.85	0
1376.07	0
1376.29	0
1376.51	0
1376.73	0
1376.95	0
1377.17	0
1377.39	0
1377.61	0
1377.83	1
1378.05	1
1378.27	0
1378.49	0
1378.71	0
1378.93	0
1379.15	0
1379.37	1
1379.59	0
1379.81	0
1380.03	0
1380.25	1
1380.47	0
1380.69	0
1380.91	0
1381.13	1
1381.35	0
1381.57	0
1381.79	0
1382.01	0
1382.23	1
1382.45	1
1382.67	0
1382.89	0
1383.11	0
1383.33	0
1383.55	0
1383.77	0
1383.99	0
1384.21	1
1384.43	0
1384.65	1
1384.87	1
1385.09	0
1385.31	1
1385.53	1
1385.75	0
1385.97	0
1386.19	0
1386.41	0
1386.63	0
1386.85	0
1387.07	0
1387.29	0
1387.51	0
1387.73	0
1387.95	0
1388.17	0
1388.39	0
1388.61	1
1388.83	0
1389.05	0
1389.27	0
1389.49	0
1389.71	0
1389.93	0
1390.15	0
1390.37	0
1390.59	0
1390.81	0
1391.03	0
1391.25	0
1391.47	0
1391.69	0
1391.91	0
1392.13	1
1392.35	0
1392.57	1
1392.79	0
1393.01	0
1393.23	0
1393.45	0
1393.67	0
1393.89	1
1394.11	1
1394.33	0
1394.55	0
1394.77	0
1394.99	0
1395.21	0
1395.43	0
1395.65	1
1395.87	0
1396.09	0
1396.31	0
1396.53	0
1396.75	0
1396.97	0
1397.19	1
1397.41	0
1397.64	1
1397.86	0
1398.08	0
1398.3	0
1398.52	0
1398.74	0
1398.96	0
1399.18	2
1399.4	0
1399.62	0
1399.84	0
1400.06	0
1400.28	0
1400.5	1
1400.72	0
1400.94	1
1401.16	0
1401.38	0
1401.6	0
1401.82	0
1402.04	0
1402.26	0
1402.48	0
1402.7	0
1402.92	0
1403.14	0
1403.36	0
1403.58	0
1403.8	0
1404.02	0
1404.24	0
1404.46	0
1404.68	0
1404.9	0
1405.12	0
1405.34	0
1405.56	0
1405.78	0
1406	0
1406.22	0
1406.44	0
1406.66	0
1406.88	0
1407.1	0
1407.32	0
1407.54	0
1407.76	0
1407.98	0
1408.2	1
1408.42	0
1408.64	1
1408.86	0
1409.08	0
1409.3	0
1409.52	0
1409.74	0
1409.96	0
1410.18	0
1410.4	0
1410.62	0
1410.84	0
1411.06	0
1411.28	0
1411.5	0
1411.72	0
1411.94	0
1412.16	0
1412.38	0
1412.6	1
1412.82	0
1413.04	1
1413.26	1
1413.48	0
1413.7	0
1413.92	0
1414.14	0
1414.36	0
1414.58	1
1414.8	0
1415.02	0
1415.24	0
1415.46	0
1415.68	0
1415.9	1
1416.12	0
1416.34	0
1416.56	0
1416.78	0
1417	1
1417.22	0
1417.44	0
1417.66	0
1417.88	1
1418.1	0
1418.32	0
1418.54	0
1418.76	0
1418.98	0
1419.2	0
1419.42	0
1419.65	1
1419.87	0
1420.09	0
1420.31	0
1420.53	1
1420.75	0
1420.97	0
1421.19	0
1421.41	0
1421.63	1
1421.85	0
1422.07	0
1422.29	0
1422.51	0
1422.73	0
1422.95	0
1423.17	0
1423.39	0
1423.61	0
1423.83	0
1424.05	0
1424.27	0
1424.49	0
1424.71	0
1424.93	1
1425.15	0
1425.37	0
1425.59	0
1425.81	0
1426.03	0
1426.25	0
1426.47	0
1426.69	0
1426.91	0
1427.13	0
1427.35	0
1427.57	0
1427.79	0
1428.01	0
1428.23	0
1428.45	0
1428.67	0
1428.89	0
1429.11	0
1429.33	0
1429.55	1
1429.77	0
1429.99	0
1430.21	1
1430.43	1
1430.65	0
1430.87	0
1431.09	0
1431.31	0
1431.53	0
1431.75	0
1431.97	0
1432.19	0
1432.41	0
1432.63	0
1432.85	0
1433.07	0
1433.29	0
1433.51	0
1433.73	0
1433.95	1
1434.17	0
1434.39	0
1434.61	0
1434.83	0
1435.05	0
1435.27	0
1435.49	0
1435.71	0
1435.93	0
1436.15	0
1436.37	0
1436.59	0
1436.81	0
1437.03	0
1437.25	0
1437.47	0
1437.69	0
1437.91	0
1438.13	0
1438.35	1
1438.57	0
1438.79	0
1439.01	0
1439.23	0
1439.45	0
1439.67	0
1439.89	1
1440.11	0
1440.33	0
1440.55	0
1440.77	0
1440.99	0
1441.21	0
1441.43	0
1441.66	0
1441.88	0
1442.1	0
1442.32	0
1442.54	0
1442.76	0
1442.98	0
1443.2	1
1443.42	0
1443.64	0
1443.86	0
1444.08	1
1444.3	0
1444.52	0
1444.74	0
1444.96	0
1445.18	1
1445.4	0
1445.62	0
1445.84	0
1446.06	0
1446.28	0
1446.5	0
1446.72	0
1446.94	0
1447.16	0
1447.38	0
1447.6	0
1447.82	1
1448.04	0
1448.26	0
1448.48	1
1448.7	0
1448.92	0
1449.14	1
1449.36	1
1449.58	0
1449.8	0
1450.02	0
1450.24	0
1450.46	0
1450.68	0
1450.9	0
1451.12	0
1451.34	0
1451.56	0
1451.78	0
1452	0
1452.22	0
1452.44	1
1452.66	0
1452.88	0
1453.1	0
1453.32	0
1453.54	0
1453.76	0
1453.98	0
1454.2	1
1454.42	0
1454.64	0
1454.86	0
1455.08	0
1455.3	0
1455.52	0
1455.74	0
1455.96	0
1456.18	0
1456.4	0
1456.62	0
1456.84	0
1457.06	0
1457.28	0
1457.5	0
1457.72	0
1457.94	0
1458.16	0
1458.38	0
1458.6	0
1458.82	0
1459.04	0
1459.26	0
1459.48	0
1459.7	0
1459.92	0
1460.14	0
1460.36	0
1460.58	0
1460.8	0
1461.02	0
1461.24	0
1461.46	0
1461.68	0
1461.9	0
1462.12	1
1462.34	0
1462.56	0
1462.78	0
1463	0
1463.22	0
1463.44	1
1463.67	1
1463.89	1
1464.11	2
1464.33	0
1464.55	0
1464.77	2
1464.99	2
1465.21	1
1465.43	1
1465.65	1
1465.87	2
1466.09	3
1466.31	0
1466.53	0
1466.75	1
1466.97	0
1467.19	1
1467.41	0
1467.63	0
1467.85	0
1468.07	0
1468.29	0
1468.51	0
1468.73	0
1468.95	0
1469.17	0
1469.39	0
1469.61	0
1469.83	0
1470.05	0
1470.27	0
1470.49	0
1470.71	0
1470.93	0
1471.15	0
1471.37	0
1471.59	0
1471.81	0
1472.03	0
1472.25	0
1472.47	0
1472.69	0
1472.91	0
1473.13	0
1473.35	0
1473.57	0
1473.79	0
1474.01	0
1474.23	0
1474.45	0
1474.67	0
1474.89	0
1475.11	0
1475.33	0
1475.55	0
1475.77	0
1475.99	0
1476.21	0
1476.43	1
1476.65	0
1476.87	0
1477.09	1
1477.31	2
1477.53	0
1477.75	0
1477.97	0
1478.19	0
1478.41	0
1478.63	0
1478.85	0
1479.07	0
1479.29	0
1479.51	0
1479.73	0
1479.95	0
1480.17	0
1480.39	1
1480.61	0
1480.83	0
1481.05	1
1481.27	0
1481.49	1
1481.71	0
1481.93	0
1482.15	0
1482.37	0
1482.59	0
1482.81	0
1483.03	0
1483.25	0
1483.47	1
1483.69	1
1483.91	0
1484.13	0
1484.35	0
1484.57	0
1484.79	0
1485.01	0
1485.23	0
1485.45	0
1485.68	0
1485.9	0
1486.12	0
1486.34	0
1486.56	0
1486.78	0
1487	0
1487.22	0
1487.44	0
1487.66	0
1487.88	0
1488.1	0
1488.32	0
1488.54	0
1488.76	0
1488.98	0
1489.2	0
1489.42	0
1489.64	0
1489.86	0
1490.08	0
1490.3	0
1490.52	0
1490.74	1
1490.96	0
1491.18	0
1491.4	0
1491.62	0
1491.84	0
1492.06	0
1492.28	0
1492.5	0
1492.72	0
1492.94	0
1493.16	0
1493.38	0
1493.6	0
1493.82	0
1494.04	0
1494.26	0
1494.48	0
1494.7	0
1494.92	0
1495.14	0
1495.36	0
1495.58	0
1495.8	0
1496.02	0
1496.24	0
1496.46	1
1496.68	0
1496.9	0
1497.12	0
1497.34	0
1497.56	0
1497.78	0
1498	0
1498.22	1
1498.44	0
1498.66	0
1498.88	0
1499.1	0
1499.32	0
1499.54	0
1499.76	0
1499.98	0
1500.2	0
1500.42	0
1500.64	0
1500.86	0
1501.08	0
1501.3	0
1501.52	0
1501.74	0
1501.96	0
1502.18	0
1502.4	0
1502.62	0
1502.84	0
1503.06	0
1503.28	0
1503.5	1
1503.72	0
1503.94	0
1504.16	0
1504.38	0
1504.6	0
1504.82	0
1505.04	0
1505.26	0
1505.48	0
1505.7	0
1505.92	0
1506.14	0
1506.36	0
1506.58	0
1506.8	0
1507.02	0
1507.24	0
1507.46	0
1507.68	0
1507.91	0
1508.13	0
1508.35	0
1508.57	0
1508.79	1
1509.01	0
1509.23	0
1509.45	1
1509.67	0
1509.89	0
1510.11	0
1510.33	1
1510.55	0
1510.77	1
1510.99	0
1511.21	0
1511.43	0
1511.65	0
1511.87	0
1512.09	0
1512.31	0
1512.53	0
1512.75	0
1512.97	0
1513.19	0
1513.41	0
1513.63	0
1513.85	0
1514.07	0
1514.29	1
1514.51	0
1514.73	0
1514.95	0
1515.17	0
1515.39	1
1515.61	0
1515.83	0
1516.05	0
1516.27	0
1516.49	1
1516.71	0
1516.93	0
1517.15	0
1517.37	0
1517.59	0
1517.81	0
1518.03	0
1518.25	0
1518.47	0
1518.69	0
1518.91	0
1519.13	0
1519.35	1
1519.57	0
1519.79	0
1520.01	0
1520.23	0
1520.45	0
1520.67	0
1520.89	0
1521.11	0
1521.33	0
1521.55	0
1521.77	0
1521.99	0
1522.21	0
1522.43	0
1522.65	0
1522.87	0
1523.09	0
1523.31	0
1523.53	0
1523.75	0
1523.97	0
1524.19	0
1524.41	0
1524.63	0
1524.85	0
1525.07	0
1525.29	0
1525.51	0
1525.73	0
1525.95	0
1526.17	0
1526.39	0
1526.61	0
1526.83	0
1527.05	0
1527.27	0
1527.49	0
1527.71	0
1527.93	0
1528.15	0
1528.37	0
1528.59	0
1528.81	0
1529.03	0
1529.25	0
1529.47	0
1529.69	0
1529.92	0
1530.14	0
1530.36	0
1530.58	0
1530.8	0
1531.02	0
1531.24	1
1531.46	0
1531.68	0
1531.9	0
1532.12	0
1532.34	1
1532.56	1
1532.78	0
1533	0
1533.22	0
1533.44	0
1533.66	0
1533.88	0
1534.1	0
1534.32	0
1534.54	0
1534.76	0
1534.98	0
1535.2	0
1535.42	0
1535.64	0
1535.86	0
1536.08	0
1536.3	0
1536.52	0
1536.74	0
1536.96	0
1537.18	0
1537.4	0
1537.62	0
1537.84	0
1538.06	0
1538.28	0
1538.5	0
1538.72	0
1538.94	0
1539.16	1
1539.38	0
1539.6	0
1539.82	0
1540.04	0
1540.26	0
1540.48	0
1540.7	0
1540.92	0
1541.14	0
1541.36	0
1541.58	0
1541.8	0
1542.02	0
1542.24	0
1542.46	1
1542.68	0
1542.9	0
1543.12	0
1543.34	0
1543.56	0
1543.78	0
1544	0
1544.22	0
1544.44	0
1544.66	0
1544.88	0
1545.1	0
1545.32	0
1545.54	0
1545.76	0
1545.98	0
1546.2	0
1546.42	0
1546.64	0
1546.86	0
1547.08	1
1547.3	0
1547.52	0
1547.74	0
1547.96	0
1548.18	0
1548.4	0
1548.62	0
1548.84	0
1549.06	0
1549.28	0
1549.5	0
1549.72	0
1549.94	0
1550.16	0
1550.38	0
1550.6	0
1550.82	0
1551.04	1
1551.26	0
1551.48	0
1551.7	0
1551.93	0
1552.15	0
1552.37	1
1552.59	0
1552.81	0
1553.03	0
1553.25	0
1553.47	0
1553.69	0
1553.91	0
1554.13	0
1554.35	0
1554.57	0
1554.79	0
1555.01	0
1555.23	1
1555.45	0
1555.67	0
1555.89	0
1556.11	0
1556.33	0
1556.55	0
1556.77	0
1556.99	1
1557.21	0
1557.43	0
1557.65	0
1557.87	1
1558.09	0
1558.31	1
1558.53	0
1558.75	0
1558.97	0
1559.19	0
1559.41	0
1559.63	0
1559.85	0
1560.07	0
1560.29	0
1560.51	0
1560.73	0
1560.95	0
1561.17	0
1561.39	0
1561.61	0
1561.83	0
1562.05	0
1562.27	0
1562.49	0
1562.71	0
1562.93	0
1563.15	0
1563.37	0
1563.59	0
1563.81	0
1564.03	0
1564.25	0
1564.47	1
1564.69	0
1564.91	0
1565.13	0
1565.35	0
1565.57	0
1565.79	0
1566.01	0
1566.23	0
1566.45	0
1566.67	0
1566.89	0
1567.11	0
1567.33	0
1567.55	0
1567.77	0
1567.99	0
1568.21	0
1568.43	0
1568.65	0
1568.87	0
1569.09	0
1569.31	0
1569.53	0
1569.75	0
1569.97	0
1570.19	1
1570.41	0
1570.63	0
1570.85	0
1571.07	0
1571.29	0
1571.51	0
1571.73	0
1571.95	0
1572.17	0
1572.39	0
1572.61	0
1572.83	0
1573.05	0
1573.27	0
1573.49	0
1573.71	0
1573.94	0
1574.16	1
1574.38	0
1574.6	0
1574.82	0
1575.04	1
1575.26	0
1575.48	0
1575.7	0
1575.92	0
1576.14	0
1576.36	0
1576.58	0
1576.8	0
1577.02	0
1577.24	0
1577.46	0
1577.68	0
1577.9	0
1578.12	0
1578.34	0
1578.56	0
1578.78	0
1579	0
1579.22	0
1579.44	0
1579.66	0
1579.88	0
1580.1	0
1580.32	0
1580.54	0
1580.76	0
1580.98	0
1581.2	0
1581.42	0
1581.64	0
1581.86	0
1582.08	0
1582.3	1
1582.52	0
1582.74	0
1582.96	1
1583.18	0
1583.4	0
1583.62	1
1583.84	0
1584.06	0
1584.28	0
1584.5	0
1584.72	0
1584.94	0
1585.16	0
1585.38	0
1585.6	0
1585.82	0
1586.04	0
1586.26	0
1586.48	0
1586.7	0
1586.92	0
1587.14	0
1587.36	0
1587.58	0
1587.8	0
1588.02	0
1588.24	1
1588.46	0
1588.68	0
1588.9	0
1589.12	0
1589.34	0
1589.56	0
1589.78	0
1590	0
1590.22	0
1590.44	0
1590.66	0
1590.88	0
1591.1	1
1591.32	0
1591.54	0
1591.76	0
1591.98	0
1592.2	0
1592.42	0
1592.64	1
1592.86	0
1593.08	0
1593.3	0
1593.52	1
1593.74	0
1593.96	0
1594.18	0
1594.4	0
1594.62	0
1594.84	0
1595.06	0
1595.28	0
1595.5	0
1595.72	0
1595.95	0
1596.17	0
1596.39	0
1596.61	1
1596.83	0
1597.05	0
1597.27	0
1597.49	0
1597.71	1
1597.93	0
1598.15	0
1598.37	0
1598.59	0
1598.81	1
1599.03	0
1599.25	0
1599.47	0
1599.69	0
1599.91	0
1600.13	0
1600.35	0
1600.57	0
1600.79	0
1601.01	0
1601.23	0
1601.45	0
1601.67	0
1601.89	0
1602.11	0
1602.33	0
1602.55	0
1602.77	0
1602.99	0
1603.21	0
1603.43	0
1603.65	1
1603.87	0
1604.09	0
1604.31	0
1604.53	0
1604.75	1
1604.97	0
1605.19	0
1605.41	0
1605.63	0
1605.85	0
1606.07	1
1606.29	0
1606.51	0
1606.73	0
1606.95	0
1607.17	0
1607.39	0
1607.61	0
1607.83	0
1608.05	0
1608.27	0
1608.49	0
1608.71	0
1608.93	0
1609.15	0
1609.37	0
1609.59	0
1609.81	0
1610.03	0
1610.25	1
1610.47	0
1610.69	0
1610.91	0
1611.13	0
1611.35	0
1611.57	0
1611.79	0
1612.01	0
1612.23	0
1612.45	0
1612.67	0
1612.89	0
1613.11	0
1613.33	0
1613.55	1
1613.77	0
1613.99	0
1614.21	1
1614.43	0
1614.65	0
1614.87	0
1615.09	0
1615.31	0
1615.53	0
1615.75	0
1615.97	0
1616.19	0
1616.41	0
1616.63	0
1616.85	1
1617.07	0
1617.29	0
1617.51	0
1617.73	0
1617.96	0
1618.18	0
1618.4	0
1618.62	0
1618.84	0
1619.06	0
1619.28	0
1619.5	0
1619.72	0
1619.94	0
1620.16	0
1620.38	0
1620.6	0
1620.82	0
1621.04	0
1621.26	0
1621.48	0
1621.7	0
1621.92	0
1622.14	1
1622.36	0
1622.58	0
1622.8	0
1623.02	0
1623.24	0
1623.46	0
1623.68	0
1623.9	0
1624.12	0
1624.34	0
1624.56	0
1624.78	0
1625	0
1625.22	0
1625.44	0
1625.66	0
1625.88	1
1626.1	0
1626.32	0
1626.54	0
1626.76	0
1626.98	0
1627.2	0
1627.42	0
1627.64	0
1627.86	0
1628.08	0
1628.3	0
1628.52	0
1628.74	0
1628.96	0
1629.18	0
1629.4	0
1629.62	0
1629.84	0
1630.06	0
1630.28	0
1630.5	0
1630.72	0
1630.94	0
1631.16	0
1631.38	0
1631.6	0
1631.82	0
1632.04	0
1632.26	0
1632.48	0
1632.7	0
1632.92	0
1633.14	0
1633.36	0
1633.58	0
1633.8	0
1634.02	1
1634.24	0
1634.46	0
1634.68	1
1634.9	0
1635.12	0
1635.34	1
1635.56	0
1635.78	0
1636	0
1636.22	0
1636.44	0
1636.66	0
1636.88	0
1637.1	0
1637.32	1
1637.54	1
1637.76	0
1637.98	1
1638.2	0
1638.42	0
1638.64	0
1638.86	0
1639.08	0
1639.3	0
1639.52	0
1639.74	1
1639.97	0
1640.19	0
1640.41	0
1640.63	0
1640.85	0
1641.07	0
1641.29	0
1641.51	0
1641.73	0
1641.95	0
1642.17	0
1642.39	0
1642.61	0
1642.83	0
1643.05	0
1643.27	0
1643.49	0
1643.71	0
1643.93	0
1644.15	0
1644.37	0
1644.59	0
1644.81	0
1645.03	0
1645.25	0
1645.47	0
1645.69	0
1645.91	0
1646.13	0
1646.35	0
1646.57	0
1646.79	1
1647.01	0
1647.23	0
1647.45	0
1647.67	0
1647.89	0
1648.11	0
1648.33	0
1648.55	0
1648.77	0
1648.99	0
1649.21	0
1649.43	0
1649.65	0
1649.87	0
1650.09	0
1650.31	0
1650.53	0
1650.75	0
1650.97	0
1651.19	0
1651.41	0
1651.63	0
1651.85	0
1652.07	0
1652.29	2
1652.51	0
1652.73	0
1652.95	0
1653.17	0
1653.39	0
1653.61	0
1653.83	0
1654.05	0
1654.27	0
1654.49	0
1654.71	0
1654.93	0
1655.15	0
1655.37	0
1655.59	0
1655.81	0
1656.03	0
1656.25	0
1656.47	0
1656.69	0
1656.91	0
1657.13	1
1657.35	0
1657.57	0
1657.79	0
1658.01	0
1658.23	0
1658.45	0
1658.67	0
1658.89	0
1659.11	0
1659.33	0
1659.55	0
1659.77	0
1659.99	0
1660.21	0
1660.43	0
1660.65	0
1660.87	0
1661.09	0
1661.31	0
1661.53	0
1661.75	0
1661.98	1
1662.2	0
1662.42	0
1662.64	0
1662.86	0
1663.08	0
1663.3	0
1663.52	0
1663.74	0
1663.96	0
1664.18	0
1664.4	0
1664.62	0
1664.84	0
1665.06	0
1665.28	0
1665.5	0
1665.72	0
1665.94	1
1666.16	0
1666.38	0
1666.6	0
1666.82	0
1667.04	0
1667.26	0
1667.48	0
1667.7	0
1667.92	0
1668.14	0
1668.36	0
1668.58	0
1668.8	1
1669.02	0
1669.24	0
1669.46	0
1669.68	0
1669.9	0
1670.12	0
1670.34	0
1670.56	0
1670.78	0
1671	0
1671.22	0
1671.44	1
1671.66	0
1671.88	0
1672.1	0
1672.32	0
1672.54	0
1672.76	0
1672.98	0
1673.2	0
1673.42	0
1673.64	0
1673.86	0
1674.08	0
1674.3	0
1674.52	0
1674.74	0
1674.96	0
1675.18	0
1675.4	0
1675.62	0
1675.84	0
1676.06	0
1676.28	0
1676.5	0
1676.72	0
1676.94	0
1677.16	1
1677.38	0
1677.6	0
1677.82	0
1678.04	0
1678.26	0
1678.48	0
1678.7	0
1678.92	0
1679.14	0
1679.36	0
1679.58	0
1679.8	0
1680.02	0
1680.24	0
1680.46	0
1680.68	0
1680.9	0
1681.12	0
1681.34	0
1681.56	0
1681.78	0
1682	0
1682.22	0
1682.44	0
1682.66	0
1682.88	0
1683.1	0
1683.32	0
1683.54	0
1683.76	0
1683.99	0
1684.21	0
1684.43	0
1684.65	0
1684.87	0
1685.09	0
1685.31	0
1685.53	0
1685.75	0
1685.97	0
1686.19	0
1686.41	0
1686.63	0
1686.85	0
1687.07	0
1687.29	0
1687.51	0
1687.73	0
1687.95	0
1688.17	0
1688.39	0
1688.61	0
1688.83	0
1689.05	0
1689.27	0
1689.49	0
1689.71	0
1689.93	0
1690.15	0
1690.37	0
1690.59	0
1690.81	0
1691.03	0
1691.25	0
1691.47	0
1691.69	0
1691.91	0
1692.13	0
1692.35	0
1692.57	0
1692.79	0
1693.01	0
1693.23	0
1693.45	0
1693.67	0
1693.89	0
1694.11	0
1694.33	0
1694.55	0
1694.77	0
1694.99	0
1695.21	0
1695.43	0
1695.65	0
1695.87	0
1696.09	0
1696.31	0
1696.53	0
1696.75	0
1696.97	0
1697.19	0
1697.41	0
1697.63	0
1697.85	0
1698.07	0
1698.29	0
1698.51	0
1698.73	0
1698.95	0
1699.17	0
1699.39	0
1699.61	0
1699.83	0
1700.05	0
1700.27	0
1700.49	0
1700.71	0
1700.93	0
1701.15	0
1701.37	0
1701.59	0
1701.81	0
1702.03	0
1702.25	0
1702.47	0
1702.69	0
1702.91	0
1703.13	0
1703.35	0
1703.57	0
1703.79	0
1704.01	0
1704.23	0
1704.45	0
1704.67	1
1704.89	0
1705.11	0
1705.33	0
1705.55	0
1705.77	0
1706	0
1706.22	0
1706.44	0
1706.66	0
1706.88	0
1707.1	0
1707.32	0
1707.54	0
1707.76	0
1707.98	0
1708.2	0
1708.42	0
1708.64	0
1708.86	0
1709.08	0
1709.3	0
1709.52	0
1709.74	0
1709.96	0
1710.18	0
1710.4	0
1710.62	0
1710.84	0
1711.06	0
1711.28	0
1711.5	0
1711.72	0
1711.94	0
1712.16	0
1712.38	0
1712.6	0
1712.82	0
1713.04	0
1713.26	0
1713.48	0
1713.7	0
1713.92	0
1714.14	0
1714.36	0
1714.58	0
1714.8	0
1715.02	0
1715.24	0
1715.46	0
1715.68	0
1715.9	1
1716.12	0
1716.34	0
1716.56	0
1716.78	0
1717	0
1717.22	0
1717.44	0
1717.66	0
1717.88	0
1718.1	0
1718.32	0
1718.54	0
1718.76	0
1718.98	0
1719.2	0
1719.42	0
1719.64	0
1719.86	0
1720.08	0
1720.3	0
1720.52	0
1720.74	0
1720.96	0
1721.18	1
1721.4	0
1721.62	0
1721.84	0
1722.06	0
1722.28	0
1722.5	0
1722.72	0
1722.94	0
1723.16	0
1723.38	0
1723.6	0
1723.82	0
1724.04	0
1724.26	0
1724.48	0
1724.7	0
1724.92	0
1725.14	0
1725.36	0
1725.58	0
1725.8	0
1726.02	0
1726.24	0
1726.46	0
1726.68	0
1726.9	0
1727.12	0
1727.34	0
1727.56	0
1727.78	0
1728.01	0
1728.23	0
1728.45	0
1728.67	0
1728.89	0
1729.11	0
1729.33	0
1729.55	0
1729.77	0
1729.99	0
1730.21	0
1730.43	0
1730.65	0
1730.87	0
1731.09	0
1731.31	0
1731.53	0
1731.75	0
1731.97	0
1732.19	0
1732.41	0
1732.63	0
1732.85	0
1733.07	0
1733.29	0
1733.51	0
1733.73	0
1733.95	0
1734.17	0
1734.39	0
1734.61	0
1734.83	0
1735.05	0
1735.27	0
1735.49	0
1735.71	0
1735.93	0
1736.15	0
1736.37	0
1736.59	0
1736.81	0
1737.03	0
1737.25	0
1737.47	0
1737.69	0
1737.91	0
1738.13	0
1738.35	0
1738.57	0
1738.79	0
1739.01	0
1739.23	0
1739.45	0
1739.67	0
1739.89	0
1740.11	0
1740.33	0
1740.55	0
1740.77	0
1740.99	0
1741.21	0
1741.43	0
1741.65	0
1741.87	0
1742.09	0
1742.31	0
1742.53	0
1742.75	0
1742.97	0
1743.19	0
1743.41	0
1743.63	0
1743.85	0
1744.07	0
1744.29	0
1744.51	0
1744.73	0
1744.95	0
1745.17	0
1745.39	0
1745.61	0
1745.83	0
1746.05	0
1746.27	0
1746.49	0
1746.71	0
1746.93	0
1747.15	0
1747.37	0
1747.59	0
1747.81	0
1748.03	0
1748.25	0
1748.47	0
1748.69	0
1748.91	0
1749.13	0
1749.35	0
1749.57	0
1749.79	0
1750.02	0
1750.24	0
1750.46	0
1750.68	0
1750.9	0
1751.12	0
1751.34	0
1751.56	0
1751.78	0
1752	1
1752.22	0
1752.44	0
1752.66	0
1752.88	0
1753.1	0
1753.32	0
1753.54	0
1753.76	0
1753.98	0
1754.2	1
1754.42	0
1754.64	0
1754.86	0
1755.08	0
1755.3	0
1755.52	0
1755.74	0
1755.96	0
1756.18	0
1756.4	0
1756.62	0
1756.84	0
1757.06	0
1757.28	0
1757.5	0
1757.72	0
1757.94	0
1758.16	0
1758.38	0
1758.6	0
1758.82	0
1759.04	0
1759.26	0
1759.48	0
1759.7	0
1759.92	0
1760.14	0
1760.36	0
1760.58	0
1760.8	0
1761.02	0
1761.24	0
1761.46	0
1761.68	0
1761.9	0
1762.12	0
1762.34	0
1762.56	0
1762.78	0
1763	0
1763.22	0
1763.44	0
1763.66	0
1763.88	0
1764.1	0
1764.32	0
1764.54	0
1764.76	0
1764.98	0
1765.2	0
1765.42	0
1765.64	0
1765.86	1
1766.08	0
1766.3	0
1766.52	0
1766.74	0
1766.96	0
1767.18	0
1767.4	1
1767.62	0
1767.84	0
1768.06	0
1768.28	0
1768.5	0
1768.72	0
1768.94	0
1769.16	0
1769.38	0
1769.6	0
1769.82	0
1770.04	0
1770.26	0
1770.48	0
1770.7	0
1770.92	0
1771.14	0
1771.36	0
1771.58	0
1771.8	0
1772.03	0
1772.25	0
1772.47	0
1772.69	0
1772.91	0
1773.13	0
1773.35	0
1773.57	0
1773.79	0
1774.01	0
1774.23	0
1774.45	0
1774.67	0
1774.89	0
1775.11	0
1775.33	0
1775.55	0
1775.77	0
1775.99	0
1776.21	0
1776.43	0
1776.65	0
1776.87	0
1777.09	0
1777.31	0
1777.53	0
1777.75	0
1777.97	0
1778.19	0
1778.41	0
1778.63	0
1778.85	0
1779.07	0
1779.29	0
1779.51	0
1779.73	0
1779.95	0
1780.17	0
1780.39	0
1780.61	0
1780.83	0
1781.05	0
1781.27	0
1781.49	0
1781.71	0
1781.93	0
1782.15	0
1782.37	0
1782.59	1
1782.81	0
1783.03	0
1783.25	0
1783.47	0
1783.69	0
1783.91	0
1784.13	0
1784.35	0
1784.57	0
1784.79	0
1785.01	0
1785.23	0
1785.45	0
1785.67	0
1785.89	0
1786.11	0
1786.33	0
1786.55	0
1786.77	0
1786.99	0
1787.21	0
1787.43	0
1787.65	0
1787.87	0
1788.09	0
1788.31	0
1788.53	0
1788.75	0
1788.97	0
1789.19	0
1789.41	0
1789.63	1
1789.85	0
1790.07	0
1790.29	0
1790.51	0
1790.73	0
1790.95	0
1791.17	0
1791.39	0
1791.61	0
1791.83	0
1792.05	0
1792.27	0
1792.49	0
1792.71	0
1792.93	0
1793.15	0
1793.37	0
1793.59	0
1793.81	0
1794.04	0
1794.26	0
1794.48	0
1794.7	0
1794.92	0
1795.14	0
1795.36	0
1795.58	0
1795.8	0
1796.02	0
1796.24	0
1796.46	0
1796.68	0
1796.9	0
1797.12	0
1797.34	0
1797.56	0
1797.78	0
1798	0
1798.22	0
1798.44	0
1798.66	0
1798.88	0
1799.1	0
1799.32	0
1799.54	0
1799.76	0
1799.98	0
1800.2	0
1800.42	0
1800.64	0
1800.86	0
1801.08	0
1801.3	0
1801.52	0
1801.74	0
1801.96	0
1802.18	0
1802.4	0
1802.62	0
1802.84	0
