-5.15587e-020	0
0.2201	0
0.4402	0
0.6603	0
0.8804	0
1.1005	0
1.3206	0
1.5407	0
1.7608	0
1.9809	0
2.201	0
2.4211	0
2.6412	0
2.8613	0
3.0814	0
3.3015	0
3.5216	0
3.7417	0
3.9618	0
4.1819	0
4.402	0
4.6221	0
4.8422	0
5.0623	0
5.2824	0
5.5025	0
5.7226	0
5.9427	0
6.1628	0
6.3829	0
6.603	0
6.8231	0
7.0432	0
7.2633	0
7.4834	7
7.7035	38
7.9236	147
8.1437	251
8.3638	313
8.5839	305
8.804	311
9.0241	321
9.2442	275
9.4643	283
9.6844	288
9.9045	278
10.1246	306
10.3447	286
10.5648	290
10.7849	264
11.005	307
11.2251	258
11.4452	273
11.6653	259
11.8854	313
12.1055	288
12.3256	258
12.5457	265
12.7658	249
12.9859	280
13.206	300
13.4261	298
13.6462	299
13.8663	284
14.0864	312
14.3065	250
14.5266	288
14.7467	275
14.9668	294
15.1869	289
15.407	304
15.6271	273
15.8472	312
16.0673	280
16.2874	320
16.5075	321
16.7276	329
16.9477	350
17.1678	327
17.3879	327
17.608	341
17.8281	407
18.0482	386
18.2683	470
18.4884	460
18.7085	436
18.9286	338
19.1487	305
19.3688	305
19.5889	286
19.809	277
20.0291	251
20.2492	287
20.4693	282
20.6894	310
20.9095	306
21.1296	303
21.3497	295
21.5698	301
21.7899	327
22.01	349
22.2301	357
22.4502	381
22.6703	411
22.8904	435
23.1105	441
23.3306	459
23.5507	430
23.7708	455
23.9909	513
24.211	444
24.4311	551
24.6512	674
24.8713	719
25.0914	776
25.3115	814
25.5316	827
25.7517	889
25.9718	854
26.1919	835
26.412	877
26.6321	890
26.8522	910
27.0723	921
27.2924	1059
27.5125	1289
27.7326	2127
27.9527	3588
28.1728	5459
28.3929	6697
28.613	6117
28.8331	4417
29.0532	2353
29.2733	1045
29.4934	542
29.7135	430
29.9336	393
30.1537	397
30.3738	370
30.5939	363
30.814	376
31.0341	374
31.2542	395
31.4743	396
31.6944	386
31.9145	465
32.1346	639
32.3547	1020
32.5748	1433
32.7949	1646
33.015	1379
33.2351	1015
33.4552	707
33.6753	644
33.8954	569
34.1155	419
34.3356	275
34.5557	243
34.7758	223
34.9959	213
35.216	253
35.4361	239
35.6562	253
35.8763	219
36.0964	224
36.3165	199
36.5366	211
36.7567	235
36.9768	205
37.1969	250
37.417	232
37.6371	224
37.8572	240
38.0773	237
38.2974	204
38.5175	211
38.7376	216
38.9577	258
39.1778	201
39.3979	210
39.618	246
39.8381	214
40.0582	229
40.2783	247
40.4984	220
40.7185	240
40.9386	240
41.1587	221
41.3788	224
41.5989	215
41.819	238
42.0391	227
42.2592	218
42.4793	227
42.6994	213
42.9195	227
43.1396	233
43.3597	235
43.5798	239
43.7999	227
44.02	252
44.2401	240
44.4602	255
44.6803	224
44.9004	254
45.1205	241
45.3406	229
45.5607	252
45.7808	220
46.0009	228
46.221	216
46.4411	207
46.6612	218
46.8813	213
47.1014	202
47.3215	214
47.5416	204
47.7617	211
47.9818	196
48.2019	221
48.422	195
48.6421	213
48.8622	212
49.0823	223
49.3024	192
49.5225	208
49.7426	225
49.9627	244
50.1828	237
50.4029	215
50.623	261
50.8431	220
51.0632	203
51.2833	212
51.5034	229
51.7235	208
51.9436	192
52.1637	221
52.3838	211
52.6039	236
52.824	207
53.0441	240
53.2642	220
53.4843	235
53.7044	192
53.9245	224
54.1446	198
54.3647	218
54.5848	233
54.8049	251
55.025	221
55.2451	215
55.4652	210
55.6853	209
55.9054	213
56.1255	192
56.3456	213
56.5657	201
56.7858	219
57.0059	219
57.226	198
57.4461	234
57.6662	222
57.8863	241
58.1064	204
58.3265	229
58.5466	218
58.7667	207
58.9868	240
59.2069	226
59.427	234
59.6471	220
59.8672	226
60.0873	234
60.3074	202
60.5275	245
60.7476	212
60.9677	217
61.1878	237
61.4079	223
61.628	212
61.8481	232
62.0682	216
62.2883	224
62.5084	212
62.7285	202
62.9486	216
63.1687	194
63.3888	234
63.6089	221
63.829	231
64.0491	225
64.2692	229
64.4893	214
64.7094	225
64.9295	227
65.1496	256
65.3697	215
65.5898	227
65.8099	236
66.03	229
66.2501	222
66.4702	250
66.6903	242
66.9104	227
67.1305	244
67.3506	221
67.5707	251
67.7908	253
68.0109	217
68.231	229
68.4511	229
68.6712	252
68.8913	275
69.1114	385
69.3315	472
69.5516	462
69.7717	421
69.9918	335
70.2119	282
70.432	268
70.6521	247
70.8722	318
71.0923	396
71.3124	513
71.5325	666
71.7526	703
71.9727	510
72.1928	444
72.4129	295
72.633	241
72.8531	202
73.0732	214
73.2933	251
73.5134	247
73.7335	273
73.9536	216
74.1737	225
74.3938	217
74.6139	222
74.834	222
75.0541	245
75.2742	223
75.4943	227
75.7144	228
75.9345	215
76.1546	223
76.3747	199
76.5948	219
76.8149	204
77.035	216
77.2551	235
77.4752	218
77.6953	242
77.9154	215
78.1355	206
78.3556	216
78.5757	236
78.7958	194
79.0159	225
79.236	213
79.4561	244
79.6762	204
79.8963	229
80.1164	208
80.3365	244
80.5566	250
80.7767	264
80.9968	305
81.2169	413
81.437	442
81.6571	456
81.8772	359
82.0973	319
82.3174	270
82.5375	261
82.7576	208
82.9777	212
83.1978	246
83.4179	244
83.638	254
83.8581	289
84.0782	338
84.2983	299
84.5184	288
84.7385	239
84.9586	241
85.1787	225
85.3988	250
85.6189	203
85.839	235
86.0591	218
86.2792	200
86.4993	220
86.7194	223
86.9395	204
87.1596	221
87.3797	204
87.5998	234
87.8199	216
88.04	203
88.2601	219
88.4802	215
88.7003	243
88.9204	184
89.1405	217
89.3606	203
89.5807	216
89.8008	210
90.0209	218
90.241	223
90.4611	207
90.6812	222
90.9013	230
91.1214	215
91.3415	210
91.5616	202
91.7817	213
92.0018	229
92.2219	222
92.442	211
92.6621	208
92.8822	241
93.1023	234
93.3224	223
93.5425	233
93.7626	213
93.9827	240
94.2028	205
94.4229	203
94.643	195
94.8631	228
95.0832	206
95.3033	215
95.5234	195
95.7435	196
95.9636	220
96.1837	230
96.4038	205
96.6239	229
96.844	209
97.0641	206
97.2842	195
97.5043	221
97.7244	229
97.9445	203
98.1646	222
98.3847	224
98.6048	243
98.8249	229
99.045	244
99.2651	214
99.4852	214
99.7053	224
99.9254	222
100.146	225
100.366	217
100.586	219
100.806	246
101.026	218
101.246	218
101.466	232
101.686	253
101.906	232
102.126	215
102.346	223
102.567	195
102.787	223
103.007	217
103.227	232
103.447	222
103.667	231
103.887	209
104.107	213
104.327	229
104.548	199
104.768	213
104.988	228
105.208	204
105.428	235
105.648	233
105.868	210
106.088	229
106.308	220
106.528	166
106.748	227
106.969	237
107.189	217
107.409	235
107.629	222
107.849	218
108.069	228
108.289	229
108.509	219
108.729	252
108.95	200
109.17	212
109.39	205
109.61	223
109.83	220
110.05	235
110.27	241
110.49	231
110.71	240
110.93	218
111.15	229
111.371	244
111.591	229
111.811	244
112.031	244
112.251	234
112.471	217
112.691	255
112.911	222
113.131	230
113.352	239
113.572	236
113.792	243
114.012	238
114.232	230
114.452	234
114.672	221
114.892	217
115.112	246
115.332	222
115.552	250
115.773	225
115.993	244
116.213	257
116.433	237
116.653	226
116.873	260
117.093	254
117.313	220
117.533	247
117.753	228
117.974	230
118.194	230
118.414	256
118.634	239
118.854	228
119.074	274
119.294	289
119.514	233
119.734	248
119.955	251
120.175	233
120.395	263
120.615	253
120.835	240
121.055	260
121.275	220
121.495	250
121.715	245
121.935	233
122.155	224
122.376	246
122.596	231
122.816	235
123.036	220
123.256	227
123.476	232
123.696	248
123.916	234
124.136	252
124.357	224
124.577	237
124.797	231
125.017	246
125.237	239
125.457	226
125.677	237
125.897	227
126.117	249
126.337	237
126.557	243
126.778	229
126.998	262
127.218	251
127.438	240
127.658	218
127.878	234
128.098	234
128.318	224
128.538	271
128.759	251
128.979	258
129.199	261
129.419	256
129.639	201
129.859	234
130.079	242
130.299	244
130.519	257
130.739	207
130.959	227
131.18	230
131.4	234
131.62	248
131.84	235
132.06	239
132.28	218
132.5	246
132.72	219
132.94	253
133.16	239
133.381	237
133.601	210
133.821	238
134.041	214
134.261	235
134.481	225
134.701	267
134.921	240
135.141	247
135.362	229
135.582	237
135.802	250
136.022	249
136.242	232
136.462	256
136.682	218
136.902	266
137.122	243
137.342	214
137.563	252
137.783	241
138.003	211
138.223	230
138.443	227
138.663	224
138.883	229
139.103	243
139.323	229
139.543	226
139.763	227
139.984	230
140.204	235
140.424	230
140.644	248
140.864	236
141.084	250
141.304	247
141.524	216
141.744	220
141.964	245
142.185	230
142.405	231
142.625	199
142.845	209
143.065	206
143.285	255
143.505	241
143.725	236
143.945	209
144.165	236
144.386	227
144.606	196
144.826	221
145.046	210
145.266	201
145.486	214
145.706	223
145.926	224
146.146	238
146.367	230
146.587	211
146.807	251
147.027	217
147.247	217
147.467	210
147.687	233
147.907	240
148.127	216
148.347	227
148.568	238
148.788	226
149.008	230
149.228	232
149.448	254
149.668	233
149.888	205
150.108	226
150.328	235
150.548	228
150.768	202
150.989	211
151.209	236
151.429	219
151.649	221
151.869	249
152.089	242
152.309	220
152.529	219
152.749	216
152.969	213
153.19	227
153.41	223
153.63	222
153.85	211
154.07	199
154.29	243
154.51	235
154.73	211
154.95	208
155.171	225
155.391	229
155.611	200
155.831	221
156.051	236
156.271	214
156.491	221
156.711	223
156.931	215
157.151	206
157.372	225
157.592	225
157.812	212
158.032	217
158.252	214
158.472	221
158.692	220
158.912	228
159.132	204
159.352	219
159.572	223
159.793	178
160.013	212
160.233	201
160.453	192
160.673	202
160.893	208
161.113	209
161.333	213
161.553	209
161.773	233
161.994	215
162.214	224
162.434	221
162.654	214
162.874	199
163.094	220
163.314	243
163.534	228
163.754	204
163.975	214
164.195	232
164.415	218
164.635	202
164.855	194
165.075	228
165.295	207
165.515	199
165.735	189
165.955	209
166.176	220
166.396	203
166.616	209
166.836	204
167.056	228
167.276	201
167.496	227
167.716	201
167.936	209
168.156	227
168.376	213
168.597	214
168.817	219
169.037	234
169.257	241
169.477	184
169.697	206
169.917	202
170.137	208
170.357	208
170.577	202
170.798	196
171.018	215
171.238	237
171.458	226
171.678	194
171.898	218
172.118	187
172.338	230
172.558	200
172.778	210
172.999	212
173.219	197
173.439	205
173.659	230
173.879	180
174.099	183
174.319	216
174.539	205
174.759	194
174.98	194
175.2	193
175.42	198
175.64	215
175.86	211
176.08	217
176.3	221
176.52	227
176.74	215
176.96	182
177.18	208
177.401	221
177.621	214
177.841	207
178.061	232
178.281	213
178.501	187
178.721	217
178.941	235
179.161	224
179.381	218
179.602	176
179.822	229
180.042	220
180.262	196
180.482	228
180.702	223
180.922	255
181.142	254
181.362	234
181.582	251
181.803	250
182.023	263
182.243	283
182.463	260
182.683	241
182.903	282
183.123	292
183.343	285
183.563	255
183.784	279
184.004	285
184.224	278
184.444	297
184.664	265
184.884	282
185.104	259
185.324	285
185.544	308
185.764	286
185.985	268
186.205	283
186.425	273
186.645	274
186.865	269
187.085	292
187.305	290
187.525	280
187.745	273
187.965	270
188.185	302
188.406	303
188.626	297
188.846	314
189.066	296
189.286	291
189.506	294
189.726	297
189.946	248
190.166	302
190.386	301
190.607	244
190.827	251
191.047	244
191.267	283
191.487	264
191.707	271
191.927	291
192.147	277
192.367	283
192.587	289
192.808	252
193.028	284
193.248	294
193.468	266
193.688	270
193.908	267
194.128	267
194.348	291
194.568	268
194.789	227
195.009	251
195.229	262
195.449	264
195.669	278
195.889	284
196.109	288
196.329	270
196.549	280
196.769	284
196.989	276
197.21	256
197.43	253
197.65	266
197.87	281
198.09	244
198.31	258
198.53	263
198.75	260
198.97	278
199.19	245
199.411	271
199.631	256
199.851	289
200.071	240
200.291	273
200.511	259
200.731	227
200.951	245
201.171	284
201.391	248
201.612	237
201.832	232
202.052	243
202.272	259
202.492	236
202.712	191
202.932	238
203.152	239
203.372	240
203.593	241
203.813	228
204.033	274
204.253	249
204.473	241
204.693	269
204.913	256
205.133	224
205.353	235
205.573	248
205.793	261
206.014	249
206.234	215
206.454	222
206.674	254
206.894	260
207.114	218
207.334	232
207.554	208
207.774	230
207.994	229
208.215	209
208.435	222
208.655	249
208.875	252
209.095	246
209.315	228
209.535	225
209.755	217
209.975	230
210.195	238
210.416	233
210.636	222
210.856	253
211.076	221
211.296	225
211.516	223
211.736	226
211.956	214
212.176	241
212.397	237
212.617	228
212.837	217
213.057	239
213.277	243
213.497	241
213.717	221
213.937	222
214.157	244
214.377	223
214.598	230
214.818	246
215.038	210
215.258	221
215.478	212
215.698	208
215.918	222
216.138	222
216.358	188
216.578	239
216.798	236
217.019	230
217.239	240
217.459	240
217.679	216
217.899	233
218.119	211
218.339	229
218.559	231
218.779	216
218.999	225
219.22	250
219.44	222
219.66	223
219.88	219
220.1	234
220.32	225
220.54	227
220.76	217
220.98	254
221.2	242
221.421	213
221.641	239
221.861	246
222.081	229
222.301	226
222.521	228
222.741	207
222.961	227
223.181	224
223.402	210
223.622	204
223.842	244
224.062	234
224.282	215
224.502	221
224.722	216
224.942	206
225.162	223
225.382	227
225.602	217
225.823	204
226.043	215
226.263	201
226.483	195
226.703	219
226.923	249
227.143	196
227.363	206
227.583	202
227.803	243
228.024	209
228.244	224
228.464	196
228.684	187
228.904	223
229.124	201
229.344	201
229.564	216
229.784	210
230.004	196
230.225	209
230.445	223
230.665	213
230.885	202
231.105	203
231.325	219
231.545	197
231.765	230
231.985	214
232.206	202
232.426	212
232.646	206
232.866	225
233.086	233
233.306	211
233.526	198
233.746	197
233.966	223
234.186	219
234.406	208
234.627	234
234.847	203
235.067	211
235.287	193
235.507	201
235.727	200
235.947	199
236.167	183
236.387	198
236.607	205
236.828	219
237.048	190
237.268	203
237.488	197
237.708	212
237.928	216
238.148	216
238.368	193
238.588	190
238.808	214
239.029	219
239.249	191
239.469	212
239.689	196
239.909	175
240.129	220
240.349	215
240.569	225
240.789	215
241.01	178
241.23	219
241.45	211
241.67	186
241.89	189
242.11	178
242.33	199
242.55	205
242.77	216
242.99	195
243.211	215
243.431	210
243.651	228
243.871	178
244.091	217
244.311	215
244.531	192
244.751	192
244.971	213
245.191	198
245.411	206
245.632	195
245.852	183
246.072	171
246.292	204
246.512	227
246.732	181
246.952	208
247.172	202
247.392	224
247.612	217
247.833	174
248.053	202
248.273	164
248.493	203
248.713	210
248.933	189
249.153	182
249.373	226
249.593	204
249.813	234
250.034	199
250.254	195
250.474	205
250.694	194
250.914	192
251.134	208
251.354	225
251.574	193
251.794	212
252.015	181
252.235	186
252.455	182
252.675	200
252.895	198
253.115	186
253.335	207
253.555	205
253.775	187
253.995	197
254.215	221
254.436	173
254.656	164
254.876	213
255.096	206
255.316	190
255.536	187
255.756	233
255.976	168
256.196	202
256.416	190
256.637	177
256.857	184
257.077	207
257.297	212
257.517	180
257.737	191
257.957	202
258.177	160
258.397	203
258.618	172
258.838	185
259.058	184
259.278	196
259.498	165
259.718	188
259.938	207
260.158	215
260.378	186
260.598	183
260.818	194
261.039	183
261.259	184
261.479	179
261.699	181
261.919	168
262.139	216
262.359	206
262.579	203
262.799	200
263.019	196
263.24	188
263.46	180
263.68	182
263.9	183
264.12	204
264.34	179
264.56	197
264.78	164
265	175
265.221	179
265.441	219
265.661	166
265.881	193
266.101	176
266.321	180
266.541	181
266.761	156
266.981	182
267.201	148
267.421	174
267.642	199
267.862	191
268.082	192
268.302	169
268.522	205
268.742	200
268.962	150
269.182	190
269.402	183
269.623	176
269.843	184
270.063	168
270.283	170
270.503	162
270.723	185
270.943	205
271.163	161
271.383	168
271.603	170
271.823	183
272.044	178
272.264	177
272.484	185
272.704	199
272.924	187
273.144	191
273.364	181
273.584	171
273.804	176
274.024	169
274.245	150
274.465	165
274.685	183
274.905	162
275.125	171
275.345	174
275.565	195
275.785	201
276.005	197
276.226	178
276.446	176
276.666	182
276.886	154
277.106	188
277.326	176
277.546	165
277.766	175
277.986	200
278.206	164
278.426	171
278.647	185
278.867	159
279.087	198
279.307	194
279.527	171
279.747	167
279.967	181
280.187	189
280.407	151
280.628	160
280.848	191
281.068	157
281.288	165
281.508	163
281.728	184
281.948	167
282.168	175
282.388	154
282.608	178
282.828	164
283.049	182
283.269	163
283.489	150
283.709	169
283.929	166
284.149	190
284.369	148
284.589	167
284.809	191
285.029	161
285.25	175
285.47	171
285.69	150
285.91	170
286.13	173
286.35	175
286.57	163
286.79	179
287.01	157
287.231	167
287.451	164
287.671	158
287.891	158
288.111	154
288.331	159
288.551	161
288.771	145
288.991	148
289.211	161
289.431	159
289.652	166
289.872	180
290.092	159
290.312	167
290.532	174
290.752	174
290.972	173
291.192	167
291.412	163
291.632	161
291.853	150
292.073	185
292.293	161
292.513	148
292.733	160
292.953	162
293.173	152
293.393	159
293.613	136
293.834	184
294.054	156
294.274	146
294.494	141
294.714	187
294.934	164
295.154	163
295.374	161
295.594	177
295.814	173
296.034	152
296.255	163
296.475	162
296.695	188
296.915	162
297.135	179
297.355	131
297.575	158
297.795	157
298.015	160
298.236	148
298.456	139
298.676	148
298.896	149
299.116	148
299.336	146
299.556	154
299.776	168
299.996	163
300.216	150
300.436	159
300.657	153
300.877	143
301.097	160
301.317	170
301.537	147
301.757	157
301.977	142
302.197	162
302.417	162
302.637	157
302.858	163
303.078	129
303.298	177
303.518	147
303.738	164
303.958	136
304.178	138
304.398	161
304.618	172
304.839	171
305.059	148
305.279	152
305.499	162
305.719	149
305.939	146
306.159	131
306.379	159
306.599	127
306.819	164
307.039	145
307.26	158
307.48	148
307.7	135
307.92	151
308.14	152
308.36	150
308.58	145
308.8	164
309.02	162
309.241	122
309.461	147
309.681	127
309.901	146
310.121	173
310.341	154
310.561	138
310.781	152
311.001	127
311.221	162
311.441	126
311.662	143
311.882	154
312.102	149
312.322	116
312.542	138
312.762	145
312.982	175
313.202	162
313.422	149
313.642	132
313.863	131
314.083	129
314.303	165
314.523	131
314.743	144
314.963	147
315.183	142
315.403	152
315.623	133
315.844	138
316.064	136
316.284	138
316.504	137
316.724	145
316.944	142
317.164	147
317.384	127
317.604	153
317.824	126
318.044	155
318.265	146
318.485	149
318.705	151
318.925	132
319.145	132
319.365	139
319.585	131
319.805	128
320.025	120
320.245	154
320.466	151
320.686	130
320.906	147
321.126	154
321.346	132
321.566	140
321.786	138
322.006	147
322.226	140
322.446	111
322.667	128
322.887	152
323.107	154
323.327	142
323.547	126
323.767	134
323.987	125
324.207	134
324.427	128
324.647	148
324.868	118
325.088	125
325.308	139
325.528	140
325.748	132
325.968	140
326.188	132
326.408	131
326.628	130
326.849	130
327.069	130
327.289	143
327.509	133
327.729	140
327.949	123
328.169	118
328.389	138
328.609	125
328.829	137
329.049	125
329.27	129
329.49	137
329.71	132
329.93	144
330.15	148
330.37	135
330.59	140
330.81	150
331.03	130
331.25	133
331.471	145
331.691	126
331.911	131
332.131	143
332.351	134
332.571	157
332.791	125
333.011	145
333.231	141
333.452	156
333.672	121
333.892	148
334.112	136
334.332	136
334.552	124
334.772	134
334.992	141
335.212	115
335.432	111
335.652	128
335.873	139
336.093	127
336.313	155
336.533	110
336.753	125
336.973	150
337.193	110
337.413	144
337.633	121
337.854	121
338.074	128
338.294	120
338.514	133
338.734	138
338.954	159
339.174	138
339.394	125
339.614	123
339.834	110
340.054	144
340.275	137
340.495	133
340.715	117
340.935	136
341.155	132
341.375	137
341.595	146
341.815	142
342.035	125
342.255	140
342.476	112
342.696	95
342.916	119
343.136	131
343.356	106
343.576	136
343.796	113
344.016	147
344.236	126
344.457	131
344.677	122
344.897	105
345.117	130
345.337	142
345.557	122
345.777	140
345.997	104
346.217	115
346.437	112
346.657	127
346.878	130
347.098	118
347.318	114
347.538	132
347.758	130
347.978	106
348.198	123
348.418	110
348.638	136
348.858	129
349.079	119
349.299	113
349.519	114
349.739	116
349.959	126
350.179	119
350.399	114
350.619	127
350.839	132
351.059	132
351.28	120
351.5	119
351.72	128
351.94	117
352.16	141
352.38	124
352.6	114
352.82	144
353.04	110
353.26	140
353.481	126
353.701	134
353.921	117
354.141	116
354.361	132
354.581	133
354.801	147
355.021	123
355.241	125
355.462	126
355.682	129
355.902	139
356.122	130
356.342	127
356.562	135
356.782	119
357.002	128
357.222	114
357.442	129
357.662	111
357.883	116
358.103	111
358.323	136
358.543	116
358.763	139
358.983	133
359.203	120
359.423	123
359.643	115
359.863	134
360.084	124
360.304	108
360.524	122
360.744	115
360.964	116
361.184	111
361.404	142
361.624	139
361.844	101
362.065	110
362.285	130
362.505	104
362.725	109
362.945	137
363.165	130
363.385	127
363.605	126
363.825	119
364.045	128
364.265	109
364.486	122
364.706	130
364.926	117
365.146	119
365.366	119
365.586	120
365.806	122
366.026	105
366.246	125
366.467	115
366.687	115
366.907	132
367.127	131
367.347	126
367.567	105
367.787	133
368.007	112
368.227	111
368.447	125
368.667	108
368.888	138
369.108	131
369.328	141
369.548	99
369.768	111
369.988	138
370.208	120
370.428	112
370.648	117
370.868	136
371.089	113
371.309	112
371.529	109
371.749	97
371.969	124
372.189	136
372.409	102
372.629	130
372.849	126
373.07	124
373.29	123
373.51	120
373.73	107
373.95	110
374.17	129
374.39	116
374.61	125
374.83	133
375.05	137
375.27	116
375.491	131
375.711	123
375.931	146
376.151	126
376.371	123
376.591	116
376.811	124
377.031	127
377.251	121
377.471	123
377.692	126
377.912	121
378.132	130
378.352	142
378.572	132
378.792	136
379.012	113
379.232	128
379.452	115
379.672	136
379.893	109
380.113	131
380.333	129
380.553	119
380.773	126
380.993	107
381.213	109
381.433	138
381.653	115
381.873	121
382.094	145
382.314	106
382.534	132
382.754	118
382.974	126
383.194	102
383.414	130
383.634	125
383.854	117
384.075	128
384.295	130
384.515	119
384.735	118
384.955	129
385.175	113
385.395	113
385.615	143
385.835	122
386.055	126
386.275	118
386.496	114
386.716	152
386.936	111
387.156	138
387.376	109
387.596	134
387.816	111
388.036	101
388.256	141
388.476	125
388.697	119
388.917	132
389.137	119
389.357	127
389.577	119
389.797	111
390.017	128
390.237	114
390.457	131
390.678	139
390.898	114
391.118	135
391.338	107
391.558	110
391.778	131
391.998	117
392.218	133
392.438	117
392.658	137
392.878	109
393.099	115
393.319	122
393.539	122
393.759	141
393.979	129
394.199	137
394.419	123
394.639	116
394.859	108
395.08	108
395.3	127
395.52	122
395.74	134
395.96	119
396.18	120
396.4	134
396.62	125
396.84	143
397.06	122
397.28	136
397.501	133
397.721	140
397.941	139
398.161	127
398.381	131
398.601	127
398.821	123
399.041	129
399.261	121
399.481	121
399.702	117
399.922	119
400.142	125
400.362	122
400.582	132
400.802	123
401.022	156
401.242	115
401.462	131
401.683	130
401.903	131
402.123	136
402.343	152
402.563	125
402.783	148
403.003	119
403.223	115
403.443	131
403.663	133
403.883	141
404.104	127
404.324	130
404.544	140
404.764	135
404.984	129
405.204	123
405.424	170
405.644	132
405.864	164
406.084	150
406.305	124
406.525	125
406.745	130
406.965	129
407.185	102
407.405	117
407.625	147
407.845	129
408.065	124
408.285	132
408.506	128
408.726	123
408.946	117
409.166	143
409.386	151
409.606	129
409.826	128
410.046	139
410.266	147
410.486	152
410.707	132
410.927	156
411.147	141
411.367	136
411.587	124
411.807	132
412.027	133
412.247	137
412.467	141
412.688	131
412.908	132
413.128	135
413.348	134
413.568	153
413.788	140
414.008	140
414.228	146
414.448	119
414.668	139
414.888	148
415.109	126
415.329	141
415.549	140
415.769	171
415.989	159
416.209	135
416.429	137
416.649	149
416.869	150
417.089	142
417.31	130
417.53	156
417.75	160
417.97	150
418.19	144
418.41	112
418.63	141
418.85	170
419.07	141
419.291	153
419.511	162
419.731	168
419.951	153
420.171	152
420.391	147
420.611	139
420.831	133
421.051	147
421.271	146
421.491	141
421.712	145
421.932	140
422.152	146
422.372	158
422.592	122
422.812	152
423.032	155
423.252	150
423.472	134
423.693	165
423.913	149
424.133	153
424.353	172
424.573	164
424.793	142
425.013	165
425.233	155
425.453	154
425.673	141
425.893	180
426.114	169
426.334	151
426.554	161
426.774	159
426.994	146
427.214	129
427.434	134
427.654	159
427.874	147
428.094	119
428.315	143
428.535	147
428.755	157
428.975	182
429.195	141
429.415	170
429.635	125
429.855	152
430.075	162
430.296	150
430.516	149
430.736	155
430.956	169
431.176	141
431.396	144
431.616	177
431.836	146
432.056	161
432.276	170
432.496	151
432.717	145
432.937	142
433.157	175
433.377	151
433.597	156
433.817	158
434.037	183
434.257	139
434.477	139
434.697	161
434.918	153
435.138	163
435.358	151
435.578	173
435.798	162
436.018	133
436.238	163
436.458	144
436.678	161
436.898	183
437.119	173
437.339	161
437.559	150
437.779	165
437.999	147
438.219	153
438.439	158
438.659	151
438.879	168
439.099	147
439.32	157
439.54	172
439.76	169
439.98	167
440.2	177
440.42	143
440.64	156
440.86	169
441.08	164
441.301	161
441.521	178
441.741	157
441.961	157
442.181	164
442.401	170
442.621	161
442.841	171
443.061	153
443.281	144
443.501	161
443.722	160
443.942	185
444.162	201
444.382	170
444.602	175
444.822	183
445.042	187
445.262	185
445.482	172
445.702	168
445.923	186
446.143	156
446.363	161
446.583	188
446.803	174
447.023	175
447.243	167
447.463	156
447.683	153
447.904	193
448.124	163
448.344	199
448.564	195
448.784	177
449.004	196
449.224	193
449.444	171
449.664	174
449.884	170
450.104	171
450.325	198
450.545	169
450.765	193
450.985	175
451.205	181
451.425	182
451.645	221
451.865	193
452.085	192
452.305	181
452.526	177
452.746	196
452.966	184
453.186	189
453.406	184
453.626	156
453.846	193
454.066	205
454.286	186
454.506	178
454.727	195
454.947	164
455.167	183
455.387	194
455.607	204
455.827	182
456.047	177
456.267	194
456.487	203
456.707	203
456.928	200
457.148	195
457.368	170
457.588	192
457.808	199
458.028	172
458.248	195
458.468	175
458.688	190
458.909	173
459.129	208
459.349	176
459.569	205
459.789	181
460.009	172
460.229	208
460.449	207
460.669	197
460.889	183
461.109	183
461.33	178
461.55	209
461.77	202
461.99	202
462.21	186
462.43	185
462.65	195
462.87	176
463.09	192
463.31	192
463.531	174
463.751	209
463.971	189
464.191	198
464.411	186
464.631	196
464.851	196
465.071	205
465.291	198
465.511	192
465.732	163
465.952	172
466.172	211
466.392	213
466.612	181
466.832	203
467.052	187
467.272	157
467.492	200
467.712	179
467.933	172
468.153	176
468.373	215
468.593	212
468.813	210
469.033	178
469.253	209
469.473	207
469.693	178
469.914	226
470.134	188
470.354	192
470.574	195
470.794	191
471.014	187
471.234	194
471.454	194
471.674	180
471.894	189
472.114	186
472.335	169
472.555	179
472.775	182
472.995	169
473.215	194
473.435	194
473.655	174
473.875	187
474.095	176
474.315	165
474.536	175
474.756	194
474.976	174
475.196	171
475.416	157
475.636	170
475.856	164
476.076	191
476.296	171
476.516	173
476.737	145
476.957	150
477.177	128
477.397	154
477.617	153
477.837	142
478.057	149
478.277	135
478.497	133
478.717	113
478.938	126
479.158	126
479.378	121
479.598	120
479.818	130
480.038	104
480.258	120
480.478	108
480.698	120
480.918	132
481.139	99
481.359	103
481.579	116
481.799	142
482.019	95
482.239	98
482.459	111
482.679	101
482.899	126
483.119	107
483.34	109
483.56	110
483.78	106
484	113
484.22	100
484.44	96
484.66	98
484.88	98
485.1	117
485.32	88
485.541	107
485.761	89
485.981	105
486.201	108
486.421	114
486.641	107
486.861	85
487.081	94
487.301	105
487.522	90
487.742	98
487.962	90
488.182	82
488.402	80
488.622	90
488.842	106
489.062	80
489.282	86
489.502	104
489.722	94
489.943	87
490.163	97
490.383	83
490.603	93
490.823	89
491.043	76
491.263	104
491.483	91
491.703	86
491.923	85
492.144	93
492.364	86
492.584	78
492.804	90
493.024	85
493.244	75
493.464	91
493.684	94
493.904	106
494.124	87
494.345	63
494.565	77
494.785	84
495.005	95
495.225	99
495.445	88
495.665	92
495.885	74
496.105	90
496.325	92
496.546	92
496.766	99
496.986	81
497.206	90
497.426	78
497.646	74
497.866	79
498.086	79
498.306	88
498.527	88
498.747	95
498.967	79
499.187	89
499.407	87
499.627	83
499.847	74
500.067	95
500.287	74
500.507	72
500.727	81
500.948	74
501.168	74
501.388	65
501.608	88
501.828	73
502.048	83
502.268	77
502.488	86
502.708	56
502.928	86
503.149	84
503.369	84
503.589	87
503.809	69
504.029	85
504.249	55
504.469	71
504.689	80
504.909	60
505.129	66
505.35	80
505.57	65
505.79	97
506.01	74
506.23	75
506.45	67
506.67	76
506.89	80
507.11	74
507.33	72
507.551	69
507.771	82
507.991	66
508.211	79
508.431	60
508.651	73
508.871	69
509.091	72
509.311	66
509.531	57
509.752	75
509.972	75
510.192	69
510.412	73
510.632	67
510.852	81
511.072	95
511.292	68
511.512	57
511.732	50
511.953	70
512.173	63
512.393	56
512.613	56
512.833	65
513.053	73
513.273	87
513.493	60
513.713	57
513.933	58
514.154	60
514.374	75
514.594	75
514.814	72
515.034	58
515.254	44
515.474	60
515.694	52
515.914	67
516.135	69
516.355	64
516.575	74
516.795	59
517.015	65
517.235	72
517.455	44
517.675	64
517.895	51
518.115	51
518.336	53
518.556	70
518.776	76
518.996	64
519.216	58
519.436	59
519.656	61
519.876	63
520.096	60
520.316	57
520.536	58
520.757	54
520.977	63
521.197	61
521.417	60
521.637	43
521.857	61
522.077	59
522.297	55
522.517	47
522.737	55
522.958	43
523.178	62
523.398	62
523.618	50
523.838	69
524.058	52
524.278	67
524.498	49
524.718	55
524.938	53
525.159	61
525.379	41
525.599	37
525.819	50
526.039	56
526.259	50
526.479	48
526.699	42
526.919	65
527.14	55
527.36	50
527.58	54
527.8	54
528.02	51
528.24	49
528.46	41
528.68	46
528.9	47
529.12	51
529.341	52
529.561	44
529.781	37
530.001	59
530.221	48
530.441	37
530.661	50
530.881	43
531.101	56
531.321	48
531.541	41
531.762	54
531.982	44
532.202	47
532.422	44
532.642	49
532.862	49
533.082	47
533.302	50
533.522	45
533.742	59
533.963	45
534.183	52
534.403	40
534.623	35
534.843	49
535.063	53
535.283	32
535.503	43
535.723	32
535.943	42
536.164	54
536.384	38
536.604	40
536.824	43
537.044	39
537.264	47
537.484	44
537.704	42
537.924	42
538.144	30
538.365	48
538.585	45
538.805	36
539.025	41
539.245	29
539.465	44
539.685	33
539.905	34
540.125	46
540.346	37
540.566	46
540.786	41
541.006	45
541.226	37
541.446	37
541.666	32
541.886	40
542.106	35
542.326	40
542.546	34
542.767	41
542.987	38
543.207	31
543.427	34
543.647	35
543.867	23
544.087	35
544.307	26
544.527	34
544.747	39
544.968	30
545.188	37
545.408	38
545.628	40
545.848	40
546.068	30
546.288	35
546.508	34
546.728	30
546.948	43
547.169	37
547.389	45
547.609	35
547.829	36
548.049	41
548.269	25
548.489	46
548.709	31
548.929	33
549.149	17
549.37	42
549.59	32
549.81	29
550.03	30
550.25	30
550.47	37
550.69	30
550.91	36
551.13	31
551.351	33
551.571	20
551.791	29
552.011	25
552.231	33
552.451	27
552.671	28
552.891	36
553.111	29
553.331	33
553.551	28
553.772	33
553.992	34
554.212	32
554.432	33
554.652	29
554.872	27
555.092	26
555.312	31
555.532	26
555.752	28
555.973	25
556.193	24
556.413	25
556.633	20
556.853	27
557.073	34
557.293	21
557.513	25
557.733	28
557.953	23
558.174	21
558.394	24
558.614	37
558.834	20
559.054	23
559.274	20
559.494	28
559.714	27
559.934	22
560.154	29
560.375	21
560.595	26
560.815	18
561.035	33
561.255	20
561.475	24
561.695	28
561.915	31
562.135	19
562.356	21
562.576	26
562.796	27
563.016	21
563.236	23
563.456	28
563.676	22
563.896	28
564.116	20
564.336	20
564.557	22
564.777	27
564.997	15
565.217	23
565.437	19
565.657	20
565.877	13
566.097	19
566.317	23
566.537	27
566.757	16
566.978	14
567.198	21
567.418	28
567.638	14
567.858	16
568.078	23
568.298	21
568.518	15
568.738	20
568.958	20
569.179	17
569.399	25
569.619	20
569.839	26
570.059	18
570.279	18
570.499	26
570.719	21
570.939	24
571.159	24
571.38	18
571.6	22
571.82	21
572.04	12
572.26	27
572.48	18
572.7	22
572.92	16
573.14	30
573.361	17
573.581	17
573.801	17
574.021	15
574.241	31
574.461	20
574.681	14
574.901	23
575.121	18
575.341	18
575.562	11
575.782	27
576.002	9
576.222	26
576.442	19
576.662	28
576.882	17
577.102	29
577.322	18
577.542	13
577.762	13
577.983	26
578.203	19
578.423	17
578.643	27
578.863	16
579.083	16
579.303	17
579.523	22
579.743	22
579.963	14
580.184	29
580.404	19
580.624	29
580.844	15
581.064	24
581.284	19
581.504	19
581.724	16
581.944	18
582.164	24
582.385	22
582.605	18
582.825	31
583.045	15
583.265	17
583.485	20
583.705	26
583.925	16
584.145	26
584.366	14
584.586	18
584.806	21
585.026	14
585.246	24
585.466	18
585.686	26
585.906	14
586.126	16
586.346	20
586.567	16
586.787	18
587.007	15
587.227	24
587.447	20
587.667	21
587.887	18
588.107	17
588.327	18
588.547	19
588.767	20
588.988	14
589.208	22
589.428	19
589.648	19
589.868	22
590.088	12
590.308	16
590.528	21
590.748	15
590.968	18
591.189	13
591.409	18
591.629	21
591.849	20
592.069	17
592.289	16
592.509	15
592.729	25
592.949	18
593.169	16
593.39	17
593.61	17
593.83	18
594.05	15
594.27	16
594.49	21
594.71	29
594.93	15
595.15	19
595.37	13
595.591	8
595.811	17
596.031	24
596.251	14
596.471	21
596.691	24
596.911	17
597.131	16
597.351	22
597.572	15
597.792	14
598.012	12
598.232	10
598.452	20
598.672	15
598.892	14
599.112	21
599.332	29
599.552	11
599.772	20
599.993	21
600.213	10
600.433	16
600.653	19
600.873	18
601.093	11
601.313	15
601.533	17
601.753	15
601.973	12
602.194	23
602.414	21
602.634	11
602.854	19
603.074	19
603.294	21
603.514	11
603.734	14
603.954	12
604.174	13
604.395	24
604.615	13
604.835	17
605.055	19
605.275	16
605.495	11
605.715	18
605.935	15
606.155	12
606.375	8
606.596	20
606.816	9
607.036	17
607.256	11
607.476	13
607.696	14
607.916	12
608.136	26
608.356	17
608.577	11
608.797	25
609.017	19
609.237	19
609.457	15
609.677	16
609.897	23
610.117	16
610.337	8
610.557	16
610.777	15
610.998	14
611.218	20
611.438	14
611.658	19
611.878	15
612.098	12
612.318	9
612.538	14
612.758	24
612.978	21
613.199	14
613.419	13
613.639	14
613.859	16
614.079	13
614.299	19
614.519	10
614.739	12
614.959	21
615.179	16
615.4	18
615.62	16
615.84	21
616.06	13
616.28	9
616.5	19
616.72	14
616.94	11
617.16	12
617.38	14
617.601	14
617.821	6
618.041	13
618.261	19
618.481	17
618.701	15
618.921	10
619.141	12
619.361	14
619.582	11
619.802	11
620.022	19
620.242	24
620.462	11
620.682	17
620.902	12
621.122	11
621.342	12
621.562	13
621.783	20
622.003	9
622.223	15
622.443	14
622.663	17
622.883	13
623.103	9
623.323	12
623.543	20
623.763	13
623.983	15
624.204	21
624.424	22
624.644	14
624.864	11
625.084	9
625.304	14
625.524	20
625.744	14
625.964	12
626.184	20
626.405	13
626.625	21
626.845	9
627.065	15
627.285	13
627.505	14
627.725	20
627.945	16
628.165	17
628.385	14
628.606	17
628.826	13
629.046	19
629.266	14
629.486	10
629.706	20
629.926	12
630.146	19
630.366	10
630.587	13
630.807	13
631.027	20
631.247	8
631.467	9
631.687	19
631.907	7
632.127	15
632.347	13
632.567	14
632.788	23
633.008	13
633.228	13
633.448	12
633.668	14
633.888	11
634.108	12
634.328	8
634.548	17
634.768	11
634.988	12
635.209	11
635.429	13
635.649	14
635.869	12
636.089	21
636.309	7
636.529	17
636.749	9
636.969	13
637.189	13
637.41	9
637.63	7
637.85	13
638.07	17
638.29	13
638.51	16
638.73	9
638.95	10
639.17	16
639.39	14
639.611	20
639.831	7
640.051	17
640.271	12
640.491	14
640.711	16
640.931	18
641.151	21
641.371	9
641.592	6
641.812	16
642.032	11
642.252	12
642.472	17
642.692	13
642.912	18
643.132	10
643.352	20
643.572	15
643.793	13
644.013	17
644.233	22
644.453	18
644.673	14
644.893	16
645.113	21
645.333	9
645.553	10
645.773	28
645.993	12
646.214	12
646.434	7
646.654	12
646.874	14
647.094	12
647.314	18
647.534	11
647.754	23
647.974	20
648.194	15
648.415	7
648.635	22
648.855	11
649.075	16
649.295	25
649.515	16
649.735	14
649.955	20
650.175	23
650.395	15
650.616	16
650.836	20
651.056	15
651.276	16
651.496	12
651.716	12
651.936	17
652.156	22
652.376	14
652.596	20
652.817	23
653.037	19
653.257	12
653.477	18
653.697	24
653.917	15
654.137	12
654.357	14
654.577	23
654.798	13
655.018	20
655.238	18
655.458	17
655.678	11
655.898	18
656.118	19
656.338	16
656.558	15
656.778	15
656.998	17
657.219	20
657.439	22
657.659	16
657.879	29
658.099	20
658.319	16
658.539	29
658.759	25
658.979	20
659.199	28
659.42	25
659.64	50
659.86	62
660.08	134
660.3	278
660.52	623
660.74	1283
660.96	2657
661.18	4514
661.4	6929
661.621	9458
661.841	11306
662.061	11623
662.281	10328
662.501	8062
662.721	5414
662.941	3110
663.161	1611
663.381	730
663.601	278
663.822	123
664.042	28
664.262	13
664.482	13
664.702	7
664.922	10
665.142	2
665.362	6
665.582	9
665.803	4
666.023	2
666.243	9
666.463	4
666.683	3
666.903	5
667.123	4
667.343	2
667.563	4
667.783	6
668.003	4
668.224	7
668.444	3
668.664	4
668.884	8
669.104	3
669.324	4
669.544	4
669.764	6
669.984	6
670.204	3
670.425	3
670.645	5
670.865	4
671.085	2
671.305	5
671.525	4
671.745	4
671.965	2
672.185	2
672.405	7
672.626	2
672.846	6
673.066	5
673.286	6
673.506	4
673.726	2
673.946	4
674.166	3
674.386	4
674.606	1
674.827	2
675.047	3
675.267	5
675.487	6
675.707	6
675.927	5
676.147	3
676.367	0
676.587	3
676.808	1
677.028	5
677.248	1
677.468	1
677.688	9
677.908	4
678.128	4
678.348	8
678.568	4
678.788	5
679.008	3
679.229	5
679.449	6
679.669	0
679.889	4
680.109	3
680.329	3
680.549	4
680.769	1
680.989	6
681.209	2
681.43	2
681.65	2
681.87	2
682.09	2
682.31	4
682.53	0
682.75	2
682.97	1
683.19	6
683.41	1
683.631	4
683.851	1
684.071	3
684.291	6
684.511	4
684.731	2
684.951	6
685.171	1
685.391	4
685.611	2
685.832	4
686.052	2
686.272	1
686.492	3
686.712	3
686.932	3
687.152	4
687.372	2
687.592	1
687.813	3
688.033	4
688.253	2
688.473	2
688.693	2
688.913	5
689.133	2
689.353	1
689.573	6
689.793	5
690.014	4
690.234	3
690.454	3
690.674	5
690.894	2
691.114	5
691.334	3
691.554	3
691.774	4
691.994	3
692.214	4
692.435	4
692.655	3
692.875	5
693.095	6
693.315	3
693.535	3
693.755	2
693.975	2
694.195	4
694.415	4
694.636	5
694.856	4
695.076	0
695.296	1
695.516	1
695.736	1
695.956	2
696.176	4
696.396	3
696.616	2
696.837	0
697.057	2
697.277	1
697.497	3
697.717	1
697.937	0
698.157	1
698.377	2
698.597	6
698.818	5
699.038	0
699.258	0
699.478	2
699.698	2
699.918	5
700.138	5
700.358	0
700.578	2
700.798	2
701.019	3
701.239	2
701.459	1
701.679	1
701.899	0
702.119	2
702.339	1
702.559	0
702.779	2
702.999	1
703.219	1
703.44	2
703.66	2
703.88	6
704.1	1
704.32	0
704.54	1
704.76	5
704.98	0
705.2	0
705.42	0
705.641	1
705.861	1
706.081	1
706.301	2
706.521	2
706.741	1
706.961	0
707.181	2
707.401	0
707.621	6
707.842	2
708.062	0
708.282	1
708.502	4
708.722	1
708.942	1
709.162	2
709.382	1
709.602	1
709.822	2
710.043	2
710.263	4
710.483	1
710.703	1
710.923	0
711.143	0
711.363	1
711.583	2
711.803	2
712.024	2
712.244	3
712.464	2
712.684	2
712.904	1
713.124	2
713.344	3
713.564	3
713.784	0
714.004	2
714.224	3
714.445	1
714.665	1
714.885	1
715.105	3
715.325	2
715.545	2
715.765	2
715.985	3
716.205	1
716.425	6
716.646	1
716.866	4
717.086	1
717.306	1
717.526	1
717.746	2
717.966	2
718.186	3
718.406	4
718.626	2
718.847	2
719.067	0
719.287	2
719.507	4
719.727	1
719.947	2
720.167	0
720.387	1
720.607	0
720.827	0
721.048	0
721.268	1
721.488	1
721.708	2
721.928	3
722.148	1
722.368	2
722.588	2
722.808	0
723.029	2
723.249	0
723.469	1
723.689	1
723.909	2
724.129	2
724.349	3
724.569	2
724.789	0
725.009	1
725.229	1
725.45	0
725.67	1
725.89	2
726.11	0
726.33	2
726.55	1
726.77	2
726.99	2
727.21	3
727.43	0
727.651	1
727.871	2
728.091	4
728.311	3
728.531	3
728.751	1
728.971	1
729.191	1
729.411	4
729.631	1
729.852	0
730.072	1
730.292	2
730.512	1
730.732	1
730.952	3
731.172	2
731.392	0
731.612	2
731.832	2
732.053	0
732.273	2
732.493	2
732.713	0
732.933	0
733.153	0
733.373	3
733.593	1
733.813	3
734.034	1
734.254	1
734.474	0
734.694	1
734.914	1
735.134	2
735.354	1
735.574	0
735.794	0
736.014	2
736.234	1
736.455	1
736.675	2
736.895	2
737.115	4
737.335	3
737.555	1
737.775	0
737.995	1
738.215	0
738.435	0
738.656	2
738.876	3
739.096	0
739.316	1
739.536	0
739.756	1
739.976	3
740.196	4
740.416	3
740.636	1
740.857	1
741.077	1
741.297	1
741.517	0
741.737	1
741.957	0
742.177	1
742.397	1
742.617	2
742.837	0
743.058	1
743.278	1
743.498	1
743.718	3
743.938	0
744.158	0
744.378	0
744.598	0
744.818	0
745.039	3
745.259	2
745.479	3
745.699	2
745.919	1
746.139	1
746.359	2
746.579	1
746.799	2
747.019	1
747.24	2
747.46	1
747.68	5
747.9	0
748.12	3
748.34	1
748.56	2
748.78	2
749	1
749.22	2
749.44	0
749.661	2
749.881	4
750.101	0
750.321	1
750.541	0
750.761	2
750.981	0
751.201	2
751.421	0
751.641	3
751.862	2
752.082	0
752.302	2
752.522	1
752.742	3
752.962	2
753.182	0
753.402	2
753.622	0
753.842	2
754.063	1
754.283	2
754.503	0
754.723	2
754.943	0
755.163	1
755.383	2
755.603	0
755.823	3
756.043	3
756.264	3
756.484	0
756.704	2
756.924	2
757.144	2
757.364	0
757.584	0
757.804	2
758.024	1
758.245	0
758.465	3
758.685	0
758.905	0
759.125	1
759.345	3
759.565	0
759.785	1
760.005	1
760.225	2
760.445	1
760.666	1
760.886	3
761.106	0
761.326	2
761.546	4
761.766	0
761.986	1
762.206	2
762.426	0
762.646	3
762.867	0
763.087	0
763.307	2
763.527	1
763.747	5
763.967	1
764.187	1
764.407	1
764.627	2
764.847	1
765.068	1
765.288	2
765.508	1
765.728	1
765.948	2
766.168	0
766.388	0
766.608	1
766.828	1
767.048	0
767.269	1
767.489	3
767.709	1
767.929	1
768.149	1
768.369	1
768.589	2
768.809	0
769.029	1
769.25	2
769.47	2
769.69	2
769.91	3
770.13	0
770.35	2
770.57	2
770.79	2
771.01	1
771.23	1
771.45	3
771.671	1
771.891	2
772.111	2
772.331	1
772.551	1
772.771	1
772.991	0
773.211	0
773.431	2
773.651	2
773.872	3
774.092	1
774.312	1
774.532	1
774.752	0
774.972	2
775.192	0
775.412	0
775.632	1
775.852	1
776.073	0
776.293	3
776.513	1
776.733	0
776.953	1
777.173	1
777.393	0
777.613	0
777.833	0
778.053	0
778.274	0
778.494	2
778.714	2
778.934	1
779.154	1
779.374	2
779.594	2
779.814	0
780.034	1
780.255	2
780.475	0
780.695	2
780.915	1
781.135	0
781.355	0
781.575	4
781.795	1
782.015	2
782.235	1
782.455	0
782.676	3
782.896	0
783.116	0
783.336	1
783.556	2
783.776	5
783.996	1
784.216	0
784.436	0
784.656	0
784.877	1
785.097	0
785.317	1
785.537	0
785.757	0
785.977	1
786.197	2
786.417	0
786.637	0
786.857	0
787.078	2
787.298	0
787.518	0
787.738	1
787.958	0
788.178	2
788.398	2
788.618	1
788.838	0
789.058	2
789.279	1
789.499	0
789.719	1
789.939	1
790.159	1
790.379	1
790.599	2
790.819	1
791.039	2
791.26	1
791.48	0
791.7	1
791.92	1
792.14	1
792.36	1
792.58	2
792.8	1
793.02	1
793.24	2
793.46	0
793.681	0
793.901	3
794.121	1
794.341	0
794.561	0
794.781	2
795.001	0
795.221	1
795.441	1
795.661	1
795.882	2
796.102	2
796.322	4
796.542	2
796.762	1
796.982	2
797.202	0
797.422	0
797.642	2
797.862	2
798.083	1
798.303	1
798.523	1
798.743	1
798.963	0
799.183	0
799.403	1
799.623	3
799.843	3
800.063	0
800.284	0
800.504	2
800.724	0
800.944	1
801.164	2
801.384	2
801.604	1
801.824	2
802.044	0
802.265	2
802.485	2
802.705	0
802.925	0
803.145	1
803.365	1
803.585	2
803.805	2
804.025	1
804.245	1
804.466	1
804.686	1
804.906	3
805.126	3
805.346	0
805.566	1
805.786	1
806.006	1
806.226	2
806.446	1
806.666	2
806.887	0
807.107	2
807.327	1
807.547	0
807.767	0
807.987	1
808.207	1
808.427	0
808.647	2
808.867	0
809.088	1
809.308	0
809.528	0
809.748	2
809.968	5
810.188	1
810.408	1
810.628	1
810.848	0
811.068	1
811.289	1
811.509	2
811.729	3
811.949	1
812.169	1
812.389	4
812.609	1
812.829	0
813.049	1
813.269	1
813.49	0
813.71	1
813.93	0
814.15	0
814.37	0
814.59	0
814.81	0
815.03	0
815.25	1
815.471	1
815.691	2
815.911	2
816.131	0
816.351	3
816.571	1
816.791	0
817.011	0
817.231	2
817.451	1
817.671	3
817.892	1
818.112	0
818.332	0
818.552	1
818.772	1
818.992	0
819.212	2
819.432	1
819.652	0
819.872	3
820.093	0
820.313	1
820.533	1
820.753	0
820.973	1
821.193	0
821.413	0
821.633	2
821.853	1
822.073	1
822.294	1
822.514	1
822.734	0
822.954	0
823.174	0
823.394	0
823.614	0
823.834	0
824.054	1
824.274	1
824.495	1
824.715	0
824.935	1
825.155	1
825.375	0
825.595	1
825.815	1
826.035	1
826.255	4
826.476	2
826.696	0
826.916	2
827.136	1
827.356	2
827.576	2
827.796	1
828.016	0
828.236	1
828.456	1
828.676	1
828.897	0
829.117	2
829.337	0
829.557	3
829.777	1
829.997	1
830.217	2
830.437	1
830.657	0
830.877	1
831.098	1
831.318	1
831.538	0
831.758	4
831.978	0
832.198	2
832.418	1
832.638	0
832.858	0
833.078	1
833.299	1
833.519	0
833.739	0
833.959	0
834.179	0
834.399	0
834.619	1
834.839	2
835.059	1
835.279	0
835.5	3
835.72	1
835.94	0
836.16	0
836.38	1
836.6	1
836.82	0
837.04	0
837.26	0
837.481	0
837.701	1
837.921	1
838.141	0
838.361	2
838.581	2
838.801	1
839.021	3
839.241	1
839.461	2
839.681	0
839.902	3
840.122	1
840.342	0
840.562	1
840.782	0
841.002	1
841.222	2
841.442	1
841.662	1
841.882	0
842.103	2
842.323	1
842.543	2
842.763	0
842.983	2
843.203	2
843.423	2
843.643	2
843.863	3
844.083	1
844.304	0
844.524	2
844.744	3
844.964	3
845.184	0
845.404	2
845.624	0
845.844	1
846.064	0
846.284	1
846.505	1
846.725	1
846.945	2
847.165	0
847.385	1
847.605	0
847.825	0
848.045	1
848.265	1
848.486	1
848.706	1
848.926	1
849.146	1
849.366	0
849.586	3
849.806	0
850.026	1
850.246	2
850.466	1
850.686	1
850.907	1
851.127	1
851.347	2
851.567	1
851.787	0
852.007	2
852.227	1
852.447	0
852.667	0
852.887	0
853.108	3
853.328	0
853.548	0
853.768	0
853.988	1
854.208	0
854.428	1
854.648	1
854.868	2
855.088	1
855.309	1
855.529	0
855.749	2
855.969	1
856.189	2
856.409	0
856.629	0
856.849	2
857.069	0
857.289	0
857.51	3
857.73	1
857.95	1
858.17	0
858.39	0
858.61	0
858.83	1
859.05	0
859.27	1
859.491	0
859.711	2
859.931	1
860.151	1
860.371	2
860.591	1
860.811	0
861.031	1
861.251	0
861.471	2
861.691	1
861.912	0
862.132	0
862.352	1
862.572	3
862.792	3
863.012	0
863.232	0
863.452	1
863.672	0
863.892	1
864.113	0
864.333	2
864.553	0
864.773	1
864.993	1
865.213	1
865.433	1
865.653	0
865.873	0
866.093	1
866.314	3
866.534	0
866.754	0
866.974	0
867.194	2
867.414	0
867.634	1
867.854	1
868.074	2
868.294	0
868.515	1
868.735	2
868.955	3
869.175	2
869.395	0
869.615	1
869.835	0
870.055	1
870.275	1
870.495	1
870.716	0
870.936	0
871.156	1
871.376	1
871.596	1
871.816	1
872.036	2
872.256	0
872.476	0
872.697	0
872.917	0
873.137	1
873.357	0
873.577	0
873.797	2
874.017	1
874.237	0
874.457	0
874.677	0
874.897	0
875.118	0
875.338	1
875.558	0
875.778	1
875.998	2
876.218	0
876.438	1
876.658	0
876.878	0
877.098	1
877.319	0
877.539	3
877.759	1
877.979	0
878.199	1
878.419	2
878.639	0
878.859	0
879.079	0
879.299	1
879.52	1
879.74	0
879.96	0
880.18	2
880.4	0
880.62	0
880.84	2
881.06	1
881.28	2
881.5	0
881.721	0
881.941	1
882.161	0
882.381	1
882.601	0
882.821	1
883.041	1
883.261	1
883.481	1
883.702	0
883.922	0
884.142	0
884.362	1
884.582	2
884.802	0
885.022	1
885.242	1
885.462	0
885.682	2
885.902	1
886.123	1
886.343	1
886.563	5
886.783	1
887.003	1
887.223	2
887.443	1
887.663	0
887.883	2
888.103	1
888.324	0
888.544	1
888.764	0
888.984	1
889.204	1
889.424	0
889.644	1
889.864	1
890.084	0
890.304	0
890.525	0
890.745	0
890.965	0
891.185	0
891.405	0
891.625	0
891.845	3
892.065	1
892.285	1
892.505	0
892.726	0
892.946	1
893.166	3
893.386	2
893.606	1
893.826	0
894.046	2
894.266	1
894.486	0
894.707	0
894.927	2
895.147	2
895.367	0
895.587	1
895.807	0
896.027	2
896.247	1
896.467	0
896.687	1
896.907	1
897.128	0
897.348	2
897.568	0
897.788	1
898.008	1
898.228	0
898.448	0
898.668	2
898.888	0
899.108	2
899.329	0
899.549	1
899.769	0
899.989	0
900.209	0
900.429	0
900.649	1
900.869	1
901.089	0
901.309	2
901.53	0
901.75	0
901.97	0
902.19	1
902.41	0
902.63	2
902.85	0
903.07	0
903.29	1
903.51	1
903.731	0
903.951	1
904.171	1
904.391	0
904.611	2
904.831	2
905.051	0
905.271	0
905.491	0
905.712	0
905.932	1
906.152	0
906.372	2
906.592	2
906.812	0
907.032	0
907.252	2
907.472	0
907.692	0
907.912	0
908.133	0
908.353	1
908.573	1
908.793	2
909.013	1
909.233	0
909.453	0
909.673	3
909.893	0
910.113	1
910.334	0
910.554	0
910.774	0
910.994	1
911.214	1
911.434	0
911.654	1
911.874	0
912.094	0
912.314	0
912.535	2
912.755	2
912.975	0
913.195	0
913.415	1
913.635	0
913.855	1
914.075	1
914.295	3
914.515	2
914.736	1
914.956	2
915.176	0
915.396	0
915.616	0
915.836	1
916.056	1
916.276	0
916.496	0
916.717	0
916.937	2
917.157	0
917.377	1
917.597	1
917.817	1
918.037	0
918.257	0
918.477	0
918.697	2
918.917	0
919.138	1
919.358	2
919.578	0
919.798	1
920.018	0
920.238	1
920.458	2
920.678	0
920.898	1
921.118	0
921.339	1
921.559	0
921.779	0
921.999	2
922.219	3
922.439	1
922.659	0
922.879	2
923.099	2
923.319	1
923.54	1
923.76	1
923.98	0
924.2	1
924.42	2
924.64	3
924.86	0
925.08	0
925.3	1
925.52	0
925.741	0
925.961	1
926.181	0
926.401	0
926.621	1
926.841	0
927.061	1
927.281	2
927.501	1
927.721	0
927.942	0
928.162	2
928.382	0
928.602	1
928.822	0
929.042	2
929.262	1
929.482	1
929.702	1
929.923	0
930.143	0
930.363	2
930.583	0
930.803	0
931.023	0
931.243	0
931.463	0
931.683	1
931.903	1
932.123	2
932.344	0
932.564	0
932.784	0
933.004	0
933.224	1
933.444	2
933.664	0
933.884	1
934.104	0
934.324	1
934.545	1
934.765	2
934.985	0
935.205	0
935.425	1
935.645	0
935.865	1
936.085	1
936.305	0
936.525	1
936.746	3
936.966	3
937.186	0
937.406	1
937.626	1
937.846	0
938.066	1
938.286	0
938.506	1
938.726	0
938.947	0
939.167	0
939.387	1
939.607	1
939.827	0
940.047	0
940.267	0
940.487	2
940.707	0
940.928	0
941.148	0
941.368	0
941.588	1
941.808	0
942.028	2
942.248	2
942.468	1
942.688	0
942.908	2
943.128	0
943.349	4
943.569	0
943.789	1
944.009	0
944.229	1
944.449	3
944.669	1
944.889	1
945.109	2
945.329	1
945.55	1
945.77	1
945.99	0
946.21	0
946.43	3
946.65	1
946.87	3
947.09	0
947.31	1
947.53	0
947.751	0
947.971	1
948.191	1
948.411	1
948.631	0
948.851	0
949.071	0
949.291	0
949.511	1
949.731	2
949.952	0
950.172	2
950.392	3
950.612	0
950.832	1
951.052	0
951.272	1
951.492	1
951.712	0
951.933	2
952.153	0
952.373	0
952.593	0
952.813	1
953.033	2
953.253	1
953.473	0
953.693	0
953.913	1
954.133	0
954.354	1
954.574	0
954.794	0
955.014	1
955.234	0
955.454	0
955.674	3
955.894	0
956.114	0
956.334	1
956.555	0
956.775	1
956.995	0
957.215	2
957.435	0
957.655	1
957.875	1
958.095	0
958.315	1
958.535	1
958.756	0
958.976	2
959.196	1
959.416	2
959.636	1
959.856	1
960.076	0
960.296	0
960.516	1
960.736	1
960.957	0
961.177	1
961.397	0
961.617	1
961.837	1
962.057	0
962.277	1
962.497	0
962.717	1
962.938	1
963.158	0
963.378	0
963.598	0
963.818	0
964.038	2
964.258	1
964.478	0
964.698	0
964.918	1
965.138	1
965.359	1
965.579	0
965.799	0
966.019	0
966.239	1
966.459	0
966.679	0
966.899	2
967.119	1
967.339	0
967.56	0
967.78	0
968	1
968.22	1
968.44	0
968.66	0
968.88	0
969.1	2
969.32	0
969.54	0
969.761	0
969.981	1
970.201	1
970.421	1
970.641	0
970.861	1
971.081	0
971.301	0
971.521	1
971.741	0
971.962	0
972.182	0
972.402	0
972.622	0
972.842	1
973.062	2
973.282	0
973.502	1
973.722	1
973.943	0
974.163	0
974.383	0
974.603	0
974.823	0
975.043	0
975.263	1
975.483	0
975.703	0
975.923	0
976.143	1
976.364	1
976.584	0
976.804	0
977.024	0
977.244	0
977.464	0
977.684	0
977.904	1
978.124	0
978.344	0
978.565	0
978.785	0
979.005	3
979.225	1
979.445	0
979.665	1
979.885	3
980.105	0
980.325	2
980.545	0
980.766	1
980.986	0
981.206	0
981.426	1
981.646	1
981.866	1
982.086	1
982.306	0
982.526	1
982.746	0
982.967	0
983.187	1
983.407	1
983.627	0
983.847	0
984.067	1
984.287	0
984.507	0
984.727	1
984.947	0
985.168	0
985.388	0
985.608	0
985.828	0
986.048	0
986.268	1
986.488	0
986.708	0
986.928	1
987.148	0
987.369	1
987.589	2
987.809	0
988.029	0
988.249	1
988.469	1
988.689	0
988.909	2
989.129	4
989.349	0
989.57	0
989.79	0
990.01	1
990.23	0
990.45	0
990.67	0
990.89	0
991.11	1
991.33	1
991.55	0
991.771	0
991.991	0
992.211	2
992.431	0
992.651	0
992.871	0
993.091	0
993.311	0
993.531	0
993.751	0
993.972	0
994.192	1
994.412	0
994.632	0
994.852	1
995.072	1
995.292	0
995.512	1
995.732	1
995.952	0
996.173	0
996.393	0
996.613	0
996.833	1
997.053	0
997.273	1
997.493	1
997.713	0
997.933	1
998.154	0
998.374	1
998.594	0
998.814	1
999.034	0
999.254	2
999.474	0
999.694	0
999.914	1
1000.13	0
1000.35	1
1000.57	0
1000.79	0
1001.01	0
1001.23	0
1001.45	1
1001.68	0
1001.9	0
1002.12	1
1002.34	0
1002.56	1
1002.78	0
1003	0
1003.22	2
1003.44	0
1003.66	1
1003.88	0
1004.1	0
1004.32	1
1004.54	0
1004.76	1
1004.98	0
1005.2	0
1005.42	0
1005.64	0
1005.86	0
1006.08	0
1006.3	1
1006.52	0
1006.74	0
1006.96	1
1007.18	0
1007.4	2
1007.62	1
1007.84	0
1008.06	1
1008.28	1
1008.5	0
1008.72	0
1008.94	0
1009.16	1
1009.38	2
1009.6	0
1009.82	1
1010.04	2
1010.26	0
1010.48	0
1010.7	1
1010.92	1
1011.14	0
1011.36	0
1011.58	1
1011.8	1
1012.02	1
1012.24	0
1012.46	1
1012.68	0
1012.9	0
1013.12	1
1013.34	0
1013.56	0
1013.78	3
1014	0
1014.22	1
1014.44	0
1014.66	0
1014.88	1
1015.1	0
1015.32	3
1015.54	1
1015.76	0
1015.98	0
1016.2	0
1016.42	0
1016.64	1
1016.86	0
1017.08	1
1017.3	0
1017.52	1
1017.74	0
1017.96	1
1018.18	0
1018.4	0
1018.62	0
1018.84	1
1019.06	0
1019.28	0
1019.5	0
1019.72	0
1019.94	0
1020.16	2
1020.38	0
1020.6	0
1020.82	0
1021.04	0
1021.26	0
1021.48	1
1021.7	0
1021.92	0
1022.14	1
1022.36	2
1022.58	2
1022.8	1
1023.02	0
1023.24	0
1023.46	0
1023.69	0
1023.91	0
1024.13	0
1024.35	0
1024.57	0
1024.79	1
1025.01	1
1025.23	1
1025.45	1
1025.67	0
1025.89	1
1026.11	0
1026.33	0
1026.55	1
1026.77	1
1026.99	0
1027.21	0
1027.43	0
1027.65	0
1027.87	0
1028.09	0
1028.31	0
1028.53	0
1028.75	0
1028.97	1
1029.19	0
1029.41	0
1029.63	0
1029.85	1
1030.07	0
1030.29	0
1030.51	1
1030.73	0
1030.95	3
1031.17	0
1031.39	1
1031.61	0
1031.83	0
1032.05	0
1032.27	1
1032.49	0
1032.71	0
1032.93	1
1033.15	1
1033.37	0
1033.59	0
1033.81	0
1034.03	1
1034.25	0
1034.47	1
1034.69	2
1034.91	0
1035.13	1
1035.35	0
1035.57	1
1035.79	0
1036.01	0
1036.23	1
1036.45	1
1036.67	1
1036.89	0
1037.11	0
1037.33	0
1037.55	0
1037.77	1
1037.99	3
1038.21	1
1038.43	0
1038.65	0
1038.87	1
1039.09	0
1039.31	0
1039.53	0
1039.75	0
1039.97	0
1040.19	1
1040.41	2
1040.63	1
1040.85	0
1041.07	0
1041.29	0
1041.51	0
1041.73	1
1041.95	2
1042.17	0
1042.39	0
1042.61	0
1042.83	1
1043.05	0
1043.27	1
1043.49	0
1043.71	2
1043.93	3
1044.15	0
1044.37	0
1044.59	0
1044.81	0
1045.03	1
1045.25	1
1045.47	0
1045.7	1
1045.92	0
1046.14	1
1046.36	1
1046.58	0
1046.8	0
1047.02	0
1047.24	1
1047.46	1
1047.68	1
1047.9	0
1048.12	2
1048.34	0
1048.56	0
1048.78	0
1049	0
1049.22	0
1049.44	0
1049.66	0
1049.88	0
1050.1	0
1050.32	0
1050.54	0
1050.76	0
1050.98	0
1051.2	0
1051.42	0
1051.64	0
1051.86	0
1052.08	0
1052.3	0
1052.52	0
1052.74	0
1052.96	0
1053.18	2
1053.4	0
1053.62	1
1053.84	0
1054.06	1
1054.28	0
1054.5	1
1054.72	0
1054.94	0
1055.16	1
1055.38	0
1055.6	0
1055.82	0
1056.04	0
1056.26	0
1056.48	0
1056.7	0
1056.92	0
1057.14	0
1057.36	1
1057.58	0
1057.8	0
1058.02	0
1058.24	0
1058.46	2
1058.68	1
1058.9	1
1059.12	0
1059.34	1
1059.56	1
1059.78	0
1060	0
1060.22	1
1060.44	0
1060.66	1
1060.88	1
1061.1	1
1061.32	0
1061.54	1
1061.76	0
1061.98	1
1062.2	0
1062.42	2
1062.64	2
1062.86	0
1063.08	0
1063.3	0
1063.52	0
1063.74	0
1063.96	0
1064.18	1
1064.4	0
1064.62	0
1064.84	0
1065.06	2
1065.28	1
1065.5	1
1065.72	0
1065.94	0
1066.16	0
1066.38	0
1066.6	2
1066.82	1
1067.04	0
1067.26	2
1067.48	1
1067.71	0
1067.93	2
1068.15	0
1068.37	1
1068.59	1
1068.81	0
1069.03	2
1069.25	0
1069.47	0
1069.69	0
1069.91	0
1070.13	2
1070.35	0
1070.57	0
1070.79	0
1071.01	0
1071.23	0
1071.45	0
1071.67	1
1071.89	1
1072.11	0
1072.33	0
1072.55	0
1072.77	0
1072.99	2
1073.21	1
1073.43	1
1073.65	0
1073.87	0
1074.09	0
1074.31	0
1074.53	0
1074.75	0
1074.97	0
1075.19	1
1075.41	1
1075.63	1
1075.85	1
1076.07	0
1076.29	0
1076.51	0
1076.73	0
1076.95	0
1077.17	1
1077.39	0
1077.61	0
1077.83	1
1078.05	1
1078.27	0
1078.49	0
1078.71	1
1078.93	0
1079.15	2
1079.37	0
1079.59	2
1079.81	2
1080.03	0
1080.25	0
1080.47	0
1080.69	0
1080.91	0
1081.13	1
1081.35	1
1081.57	0
1081.79	0
1082.01	0
1082.23	1
1082.45	0
1082.67	1
1082.89	0
1083.11	1
1083.33	1
1083.55	1
1083.77	0
1083.99	3
1084.21	0
1084.43	0
1084.65	0
1084.87	1
1085.09	1
1085.31	1
1085.53	0
1085.75	1
1085.97	0
1086.19	1
1086.41	1
1086.63	0
1086.85	0
1087.07	1
1087.29	1
1087.51	0
1087.73	0
1087.95	0
1088.17	0
1088.39	2
1088.61	1
1088.83	0
1089.05	0
1089.27	0
1089.49	0
1089.72	0
1089.94	0
1090.16	1
1090.38	0
1090.6	0
1090.82	0
1091.04	0
1091.26	1
1091.48	2
1091.7	0
1091.92	0
1092.14	0
1092.36	0
1092.58	0
1092.8	0
1093.02	0
1093.24	0
1093.46	0
1093.68	2
1093.9	1
1094.12	1
1094.34	0
1094.56	0
1094.78	2
1095	0
1095.22	0
1095.44	1
1095.66	0
1095.88	0
1096.1	2
1096.32	0
1096.54	0
1096.76	0
1096.98	0
1097.2	0
1097.42	1
1097.64	2
1097.86	0
1098.08	1
1098.3	2
1098.52	2
1098.74	0
1098.96	1
1099.18	0
1099.4	1
1099.62	1
1099.84	1
1100.06	0
1100.28	0
1100.5	0
1100.72	0
1100.94	1
1101.16	1
1101.38	1
1101.6	0
1101.82	1
1102.04	0
1102.26	0
1102.48	0
1102.7	0
1102.92	0
1103.14	0
1103.36	1
1103.58	0
1103.8	0
1104.02	2
1104.24	1
1104.46	1
1104.68	1
1104.9	0
1105.12	0
1105.34	0
1105.56	0
1105.78	0
1106	0
1106.22	1
1106.44	0
1106.66	0
1106.88	0
1107.1	3
1107.32	0
1107.54	0
1107.76	1
1107.98	0
1108.2	1
1108.42	0
1108.64	0
1108.86	1
1109.08	0
1109.3	0
1109.52	0
1109.74	1
1109.96	1
1110.18	0
1110.4	0
1110.62	0
1110.84	0
1111.06	1
1111.28	1
1111.5	1
1111.73	0
1111.95	0
1112.17	0
1112.39	0
1112.61	1
1112.83	0
1113.05	0
1113.27	1
1113.49	1
1113.71	0
1113.93	0
1114.15	2
1114.37	1
1114.59	0
1114.81	1
1115.03	0
1115.25	0
1115.47	0
1115.69	1
1115.91	1
1116.13	0
1116.35	1
1116.57	0
1116.79	0
1117.01	0
1117.23	0
1117.45	0
1117.67	0
1117.89	0
1118.11	0
1118.33	0
1118.55	1
1118.77	0
1118.99	0
1119.21	0
1119.43	0
1119.65	0
1119.87	0
1120.09	0
1120.31	0
1120.53	0
1120.75	0
1120.97	0
1121.19	0
1121.41	0
1121.63	2
1121.85	0
1122.07	0
1122.29	1
1122.51	0
1122.73	3
1122.95	1
1123.17	0
1123.39	0
1123.61	0
1123.83	1
1124.05	0
1124.27	0
1124.49	0
1124.71	0
1124.93	0
1125.15	0
1125.37	1
1125.59	0
1125.81	1
1126.03	0
1126.25	0
1126.47	1
1126.69	0
1126.91	0
1127.13	0
1127.35	0
1127.57	1
1127.79	1
1128.01	0
1128.23	0
1128.45	0
1128.67	1
1128.89	1
1129.11	1
1129.33	0
1129.55	0
1129.77	0
1129.99	0
1130.21	0
1130.43	1
1130.65	0
1130.87	1
1131.09	0
1131.31	0
1131.53	0
1131.75	1
1131.97	0
1132.19	1
1132.41	1
1132.63	0
1132.85	0
1133.07	1
1133.29	0
1133.51	2
1133.74	1
1133.96	0
1134.18	0
1134.4	2
1134.62	0
1134.84	1
1135.06	0
1135.28	0
1135.5	0
1135.72	2
1135.94	0
1136.16	0
1136.38	0
1136.6	0
1136.82	2
1137.04	1
1137.26	0
1137.48	0
1137.7	0
1137.92	0
1138.14	1
1138.36	0
1138.58	0
1138.8	1
1139.02	0
1139.24	1
1139.46	0
1139.68	0
1139.9	2
1140.12	1
1140.34	0
1140.56	0
1140.78	1
1141	1
1141.22	0
1141.44	1
1141.66	1
1141.88	0
1142.1	0
1142.32	0
1142.54	2
1142.76	0
1142.98	0
1143.2	0
1143.42	1
1143.64	0
1143.86	0
1144.08	1
1144.3	0
1144.52	0
1144.74	0
1144.96	0
1145.18	1
1145.4	1
1145.62	0
1145.84	0
1146.06	0
1146.28	1
1146.5	0
1146.72	0
1146.94	0
1147.16	0
1147.38	0
1147.6	1
1147.82	0
1148.04	0
1148.26	0
1148.48	0
1148.7	0
1148.92	0
1149.14	0
1149.36	1
1149.58	0
1149.8	1
1150.02	1
1150.24	0
1150.46	0
1150.68	2
1150.9	0
1151.12	1
1151.34	0
1151.56	0
1151.78	0
1152	1
1152.22	0
1152.44	0
1152.66	0
1152.88	0
1153.1	0
1153.32	0
1153.54	0
1153.76	0
1153.98	2
1154.2	0
1154.42	1
1154.64	0
1154.86	2
1155.08	1
1155.3	0
1155.52	0
1155.75	1
1155.97	1
1156.19	0
1156.41	0
1156.63	0
1156.85	1
1157.07	0
1157.29	1
1157.51	0
1157.73	0
1157.95	0
1158.17	0
1158.39	0
1158.61	0
1158.83	1
1159.05	0
1159.27	3
1159.49	1
1159.71	0
1159.93	0
1160.15	1
1160.37	2
1160.59	0
1160.81	1
1161.03	0
1161.25	0
1161.47	1
1161.69	0
1161.91	0
1162.13	0
1162.35	2
1162.57	0
1162.79	0
1163.01	0
1163.23	0
1163.45	0
1163.67	0
1163.89	2
1164.11	1
1164.33	0
1164.55	0
1164.77	0
1164.99	1
1165.21	0
1165.43	0
1165.65	1
1165.87	1
1166.09	0
1166.31	0
1166.53	0
1166.75	0
1166.97	0
1167.19	0
1167.41	0
1167.63	1
1167.85	0
1168.07	0
1168.29	0
1168.51	0
1168.73	1
1168.95	0
1169.17	0
1169.39	0
1169.61	1
1169.83	0
1170.05	0
1170.27	0
1170.49	0
1170.71	0
1170.93	1
1171.15	0
1171.37	0
1171.59	0
1171.81	0
1172.03	0
1172.25	0
1172.47	0
1172.69	0
1172.91	0
1173.13	0
1173.35	0
1173.57	0
1173.79	0
1174.01	0
1174.23	0
1174.45	0
1174.67	2
1174.89	1
1175.11	1
1175.33	2
1175.55	9
1175.77	6
1175.99	14
1176.21	8
1176.43	12
1176.65	1
1176.87	11
1177.09	7
1177.31	2
1177.53	6
1177.76	1
1177.98	1
1178.2	1
1178.42	0
1178.64	0
1178.86	1
1179.08	0
1179.3	0
1179.52	0
1179.74	0
1179.96	0
1180.18	0
1180.4	3
1180.62	2
1180.84	0
1181.06	1
1181.28	0
1181.5	0
1181.72	1
1181.94	0
1182.16	0
1182.38	2
1182.6	1
1182.82	1
1183.04	0
1183.26	0
1183.48	0
1183.7	0
1183.92	0
1184.14	0
1184.36	0
1184.58	0
1184.8	2
1185.02	1
1185.24	0
1185.46	0
1185.68	0
1185.9	1
1186.12	1
1186.34	0
1186.56	0
1186.78	0
1187	0
1187.22	0
1187.44	0
1187.66	0
1187.88	0
1188.1	0
1188.32	0
1188.54	0
1188.76	0
1188.98	0
1189.2	0
1189.42	0
1189.64	1
1189.86	0
1190.08	1
1190.3	0
1190.52	1
1190.74	0
1190.96	0
1191.18	0
1191.4	1
1191.62	0
1191.84	0
1192.06	1
1192.28	1
1192.5	0
1192.72	0
1192.94	0
1193.16	1
1193.38	0
1193.6	0
1193.82	0
1194.04	0
1194.26	0
1194.48	0
1194.7	0
1194.92	0
1195.14	0
1195.36	0
1195.58	0
1195.8	0
1196.02	0
1196.24	0
1196.46	0
1196.68	0
1196.9	0
1197.12	0
1197.34	0
1197.56	0
1197.78	0
1198	0
1198.22	1
1198.44	0
1198.66	0
1198.88	0
1199.1	0
1199.32	0
1199.54	0
1199.77	0
1199.99	1
1200.21	0
1200.43	0
1200.65	0
1200.87	0
1201.09	0
1201.31	0
1201.53	0
1201.75	0
1201.97	0
1202.19	1
1202.41	0
1202.63	0
1202.85	0
1203.07	0
1203.29	0
1203.51	0
1203.73	0
1203.95	0
1204.17	0
1204.39	0
1204.61	0
1204.83	0
1205.05	0
1205.27	0
1205.49	0
1205.71	0
1205.93	0
1206.15	1
1206.37	1
1206.59	0
1206.81	0
1207.03	0
1207.25	0
1207.47	0
1207.69	0
1207.91	0
1208.13	0
1208.35	1
1208.57	0
1208.79	0
1209.01	0
1209.23	0
1209.45	0
1209.67	0
1209.89	1
1210.11	0
1210.33	0
1210.55	0
1210.77	1
1210.99	0
1211.21	0
1211.43	0
1211.65	0
1211.87	0
1212.09	0
1212.31	0
1212.53	0
1212.75	0
1212.97	0
1213.19	0
1213.41	0
1213.63	0
1213.85	0
1214.07	0
1214.29	0
1214.51	0
1214.73	0
1214.95	0
1215.17	0
1215.39	1
1215.61	0
1215.83	0
1216.05	1
1216.27	0
1216.49	0
1216.71	0
1216.93	0
1217.15	0
1217.37	0
1217.59	2
1217.81	0
1218.03	0
1218.25	0
1218.47	0
1218.69	0
1218.91	1
1219.13	0
1219.35	0
1219.57	1
1219.79	0
1220.01	0
1220.23	0
1220.45	0
1220.67	1
1220.89	0
1221.11	0
1221.33	1
1221.55	0
1221.78	0
1222	0
1222.22	1
1222.44	0
1222.66	0
1222.88	0
1223.1	0
1223.32	0
1223.54	0
1223.76	1
1223.98	0
1224.2	0
1224.42	1
1224.64	0
1224.86	1
1225.08	1
1225.3	0
1225.52	0
1225.74	0
1225.96	0
1226.18	0
1226.4	0
1226.62	0
1226.84	0
1227.06	0
1227.28	0
1227.5	0
1227.72	0
1227.94	0
1228.16	0
1228.38	0
1228.6	1
1228.82	1
1229.04	0
1229.26	0
1229.48	0
1229.7	1
1229.92	0
1230.14	1
1230.36	0
1230.58	0
1230.8	0
1231.02	0
1231.24	0
1231.46	0
1231.68	0
1231.9	0
1232.12	1
1232.34	0
1232.56	1
1232.78	0
1233	0
1233.22	0
1233.44	0
1233.66	0
1233.88	0
1234.1	0
1234.32	0
1234.54	0
1234.76	0
1234.98	0
1235.2	0
1235.42	0
1235.64	0
1235.86	0
1236.08	0
1236.3	0
1236.52	0
1236.74	1
1236.96	0
1237.18	0
1237.4	0
1237.62	0
1237.84	1
1238.06	0
1238.28	0
1238.5	0
1238.72	0
1238.94	0
1239.16	0
1239.38	1
1239.6	0
1239.82	0
1240.04	0
1240.26	0
1240.48	1
1240.7	0
1240.92	0
1241.14	0
1241.36	0
1241.58	0
1241.8	0
1242.02	0
1242.24	0
1242.46	0
1242.68	0
1242.9	0
1243.12	0
1243.34	0
1243.57	0
1243.79	0
1244.01	0
1244.23	0
1244.45	0
1244.67	0
1244.89	0
1245.11	0
1245.33	0
1245.55	0
1245.77	1
1245.99	0
1246.21	0
1246.43	0
1246.65	0
1246.87	1
1247.09	0
1247.31	0
1247.53	0
1247.75	0
1247.97	0
1248.19	1
1248.41	1
1248.63	0
1248.85	0
1249.07	0
1249.29	0
1249.51	0
1249.73	0
1249.95	0
1250.17	0
1250.39	0
1250.61	0
1250.83	0
1251.05	0
1251.27	1
1251.49	0
1251.71	1
1251.93	0
1252.15	0
1252.37	1
1252.59	0
1252.81	0
1253.03	0
1253.25	0
1253.47	0
1253.69	0
1253.91	0
1254.13	0
1254.35	0
1254.57	0
1254.79	0
1255.01	0
1255.23	0
1255.45	1
1255.67	0
1255.89	0
1256.11	0
1256.33	1
1256.55	0
1256.77	0
1256.99	1
1257.21	0
1257.43	0
1257.65	0
1257.87	0
1258.09	2
1258.31	0
1258.53	0
1258.75	0
1258.97	0
1259.19	1
1259.41	0
1259.63	0
1259.85	1
1260.07	1
1260.29	0
1260.51	0
1260.73	0
1260.95	0
1261.17	0
1261.39	1
1261.61	0
1261.83	0
1262.05	0
1262.27	0
1262.49	0
1262.71	0
1262.93	1
1263.15	0
1263.37	0
1263.59	0
1263.81	0
1264.03	1
1264.25	0
1264.47	0
1264.69	0
1264.91	1
1265.13	1
1265.35	1
1265.58	0
1265.8	0
1266.02	0
1266.24	0
1266.46	0
1266.68	0
1266.9	0
1267.12	0
1267.34	1
1267.56	0
1267.78	0
1268	0
1268.22	0
1268.44	0
1268.66	1
1268.88	0
1269.1	0
1269.32	0
1269.54	0
1269.76	0
1269.98	0
1270.2	0
1270.42	0
1270.64	0
1270.86	0
1271.08	0
1271.3	0
1271.52	0
1271.74	0
1271.96	0
1272.18	0
1272.4	0
1272.62	0
1272.84	0
1273.06	0
1273.28	2
1273.5	0
1273.72	0
1273.94	0
1274.16	0
1274.38	0
1274.6	0
1274.82	0
1275.04	0
1275.26	0
1275.48	0
1275.7	0
1275.92	0
1276.14	0
1276.36	0
1276.58	0
1276.8	0
1277.02	0
1277.24	0
1277.46	0
1277.68	1
1277.9	0
1278.12	0
1278.34	0
1278.56	0
1278.78	0
1279	0
1279.22	1
1279.44	0
1279.66	0
1279.88	0
1280.1	0
1280.32	0
1280.54	0
1280.76	0
1280.98	0
1281.2	0
1281.42	1
1281.64	0
1281.86	0
1282.08	0
1282.3	0
1282.52	0
1282.74	0
1282.96	0
1283.18	0
1283.4	0
1283.62	0
1283.84	1
1284.06	0
1284.28	0
1284.5	0
1284.72	0
1284.94	0
1285.16	0
1285.38	0
1285.6	0
1285.82	0
1286.04	0
1286.26	0
1286.48	0
1286.7	0
1286.92	0
1287.14	0
1287.36	0
1287.59	0
1287.81	0
1288.03	1
1288.25	0
1288.47	0
1288.69	0
1288.91	0
1289.13	0
1289.35	0
1289.57	0
1289.79	0
1290.01	0
1290.23	0
1290.45	0
1290.67	0
1290.89	0
1291.11	0
1291.33	0
1291.55	0
1291.77	0
1291.99	0
1292.21	0
1292.43	0
1292.65	0
1292.87	0
1293.09	0
1293.31	0
1293.53	0
1293.75	0
1293.97	0
1294.19	0
1294.41	0
1294.63	0
1294.85	0
1295.07	0
1295.29	1
1295.51	0
1295.73	0
1295.95	0
1296.17	0
1296.39	0
1296.61	0
1296.83	0
1297.05	0
1297.27	0
1297.49	0
1297.71	0
1297.93	1
1298.15	0
1298.37	0
1298.59	1
1298.81	0
1299.03	0
1299.25	1
1299.47	0
1299.69	0
1299.91	0
1300.13	0
1300.35	0
1300.57	0
1300.79	0
1301.01	0
1301.23	0
1301.45	0
1301.67	0
1301.89	0
1302.11	0
1302.33	1
1302.55	0
1302.77	0
1302.99	0
1303.21	0
1303.43	0
1303.65	0
1303.87	0
1304.09	0
1304.31	0
1304.53	0
1304.75	0
1304.97	0
1305.19	0
1305.41	0
1305.63	1
1305.85	0
1306.07	0
1306.29	0
1306.51	0
1306.73	0
1306.95	1
1307.17	1
1307.39	0
1307.61	0
1307.83	0
1308.05	0
1308.27	0
1308.49	0
1308.71	0
1308.93	0
1309.15	0
1309.37	0
1309.6	0
1309.82	0
1310.04	0
1310.26	1
1310.48	0
1310.7	0
1310.92	1
1311.14	0
1311.36	0
1311.58	0
1311.8	0
1312.02	0
1312.24	0
1312.46	2
1312.68	0
1312.9	0
1313.12	1
1313.34	1
1313.56	0
1313.78	0
1314	0
1314.22	0
1314.44	0
1314.66	1
1314.88	0
1315.1	0
1315.32	0
1315.54	0
1315.76	1
1315.98	0
1316.2	0
1316.42	0
1316.64	0
1316.86	1
1317.08	0
1317.3	0
1317.52	0
1317.74	0
1317.96	0
1318.18	0
1318.4	0
1318.62	0
1318.84	0
1319.06	0
1319.28	0
1319.5	1
1319.72	0
1319.94	0
1320.16	0
1320.38	0
1320.6	1
1320.82	1
1321.04	0
1321.26	0
1321.48	0
1321.7	0
1321.92	0
1322.14	0
1322.36	2
1322.58	0
1322.8	0
1323.02	0
1323.24	0
1323.46	0
1323.68	2
1323.9	0
1324.12	1
1324.34	0
1324.56	0
1324.78	0
1325	0
1325.22	1
1325.44	0
1325.66	0
1325.88	0
1326.1	0
1326.32	0
1326.54	1
1326.76	1
1326.98	1
1327.2	0
1327.42	0
1327.64	0
1327.86	1
1328.08	0
1328.3	0
1328.52	0
1328.74	0
1328.96	0
1329.18	0
1329.4	0
1329.62	0
1329.84	0
1330.06	0
1330.28	0
1330.5	0
1330.72	0
1330.94	0
1331.16	1
1331.38	0
1331.61	0
1331.83	0
1332.05	0
1332.27	0
1332.49	0
1332.71	0
1332.93	0
1333.15	0
1333.37	0
1333.59	0
1333.81	0
1334.03	1
1334.25	0
1334.47	0
1334.69	1
1334.91	2
1335.13	0
1335.35	3
1335.57	2
1335.79	6
1336.01	4
1336.23	6
1336.45	5
1336.67	8
1336.89	10
1337.11	12
1337.33	6
1337.55	7
1337.77	1
1337.99	4
1338.21	2
1338.43	1
1338.65	1
1338.87	0
1339.09	0
1339.31	0
1339.53	0
1339.75	0
1339.97	0
1340.19	0
1340.41	0
1340.63	0
1340.85	0
1341.07	0
1341.29	0
1341.51	0
1341.73	0
1341.95	0
1342.17	0
1342.39	0
1342.61	0
1342.83	0
1343.05	0
1343.27	0
1343.49	0
1343.71	0
1343.93	0
1344.15	0
1344.37	0
1344.59	0
1344.81	0
1345.03	0
1345.25	0
1345.47	0
1345.69	0
1345.91	0
1346.13	0
1346.35	0
1346.57	0
1346.79	0
1347.01	1
1347.23	0
1347.45	0
1347.67	0
1347.89	0
1348.11	0
1348.33	0
1348.55	0
1348.77	0
1348.99	0
1349.21	0
1349.43	0
1349.65	0
1349.87	0
1350.09	0
1350.31	0
1350.53	0
1350.75	0
1350.97	0
1351.19	0
1351.41	0
1351.63	0
1351.85	0
1352.07	0
1352.29	0
1352.51	0
1352.73	0
1352.95	0
1353.17	0
1353.39	0
1353.62	1
1353.84	0
1354.06	0
1354.28	0
1354.5	0
1354.72	0
1354.94	0
1355.16	0
1355.38	0
1355.6	0
1355.82	0
1356.04	0
1356.26	0
1356.48	0
1356.7	0
1356.92	0
1357.14	0
1357.36	0
1357.58	0
1357.8	0
1358.02	0
1358.24	1
1358.46	0
1358.68	0
1358.9	0
1359.12	1
1359.34	1
1359.56	0
1359.78	0
1360	0
1360.22	0
1360.44	0
1360.66	0
1360.88	0
1361.1	0
1361.32	0
1361.54	0
1361.76	0
1361.98	0
1362.2	0
1362.42	0
1362.64	0
1362.86	0
1363.08	0
1363.3	0
1363.52	0
1363.74	1
1363.96	0
1364.18	0
1364.4	0
1364.62	0
1364.84	0
1365.06	0
1365.28	0
1365.5	0
1365.72	0
1365.94	0
1366.16	0
1366.38	0
1366.6	0
1366.82	0
1367.04	0
1367.26	0
1367.48	0
1367.7	1
1367.92	0
1368.14	0
1368.36	0
1368.58	0
1368.8	0
1369.02	0
1369.24	0
1369.46	0
1369.68	0
1369.9	0
1370.12	1
1370.34	0
1370.56	0
1370.78	0
1371	0
1371.22	0
1371.44	0
1371.66	0
1371.88	0
1372.1	0
1372.32	1
1372.54	0
1372.76	0
1372.98	0
1373.2	0
1373.42	0
1373.64	0
1373.86	0
1374.08	0
1374.3	0
1374.52	0
1374.74	1
1374.96	0
1375.18	0
1375.4	0
1375.63	0
1375.85	0
1376.07	0
1376.29	0
1376.51	0
1376.73	0
1376.95	0
1377.17	0
1377.39	0
1377.61	0
1377.83	1
1378.05	0
1378.27	1
1378.49	0
1378.71	0
1378.93	0
1379.15	1
1379.37	0
1379.59	0
1379.81	0
1380.03	0
1380.25	0
1380.47	0
1380.69	0
1380.91	0
1381.13	0
1381.35	0
1381.57	1
1381.79	1
1382.01	0
1382.23	0
1382.45	0
1382.67	2
1382.89	0
1383.11	0
1383.33	0
1383.55	0
1383.77	0
1383.99	0
1384.21	0
1384.43	0
1384.65	0
1384.87	0
1385.09	0
1385.31	0
1385.53	0
1385.75	0
1385.97	0
1386.19	0
1386.41	0
1386.63	0
1386.85	0
1387.07	0
1387.29	0
1387.51	1
1387.73	0
1387.95	0
1388.17	0
1388.39	0
1388.61	0
1388.83	0
1389.05	0
1389.27	0
1389.49	0
1389.71	0
1389.93	0
1390.15	0
1390.37	0
1390.59	0
1390.81	0
1391.03	0
1391.25	0
1391.47	0
1391.69	0
1391.91	0
1392.13	0
1392.35	0
1392.57	0
1392.79	0
1393.01	0
1393.23	0
1393.45	0
1393.67	0
1393.89	0
1394.11	0
1394.33	0
1394.55	0
1394.77	0
1394.99	0
1395.21	0
1395.43	0
1395.65	0
1395.87	0
1396.09	0
1396.31	0
1396.53	0
1396.75	0
1396.97	0
1397.19	0
1397.41	0
1397.64	0
1397.86	0
1398.08	0
1398.3	0
1398.52	0
1398.74	0
1398.96	0
1399.18	0
1399.4	0
1399.62	0
1399.84	0
1400.06	0
1400.28	0
1400.5	0
1400.72	0
1400.94	0
1401.16	0
1401.38	1
1401.6	0
1401.82	0
1402.04	0
1402.26	0
1402.48	0
1402.7	0
1402.92	0
1403.14	0
1403.36	0
1403.58	0
1403.8	0
1404.02	0
1404.24	0
1404.46	0
1404.68	0
1404.9	0
1405.12	0
1405.34	0
1405.56	0
1405.78	0
1406	0
1406.22	0
1406.44	1
1406.66	0
1406.88	0
1407.1	1
1407.32	0
1407.54	0
1407.76	1
1407.98	0
1408.2	0
1408.42	0
1408.64	0
1408.86	0
1409.08	0
1409.3	0
1409.52	0
1409.74	0
1409.96	0
1410.18	0
1410.4	0
1410.62	0
1410.84	0
1411.06	0
1411.28	0
1411.5	0
1411.72	0
1411.94	0
1412.16	0
1412.38	1
1412.6	0
1412.82	0
1413.04	1
1413.26	0
1413.48	0
1413.7	0
1413.92	0
1414.14	0
1414.36	0
1414.58	0
1414.8	0
1415.02	0
1415.24	0
1415.46	0
1415.68	0
1415.9	0
1416.12	0
1416.34	1
1416.56	0
1416.78	0
1417	0
1417.22	1
1417.44	0
1417.66	0
1417.88	0
1418.1	0
1418.32	0
1418.54	0
1418.76	0
1418.98	0
1419.2	0
1419.42	0
1419.65	0
1419.87	0
1420.09	0
1420.31	0
1420.53	0
1420.75	0
1420.97	0
1421.19	0
1421.41	0
1421.63	0
1421.85	0
1422.07	1
1422.29	0
1422.51	1
1422.73	0
1422.95	0
1423.17	0
1423.39	1
1423.61	0
1423.83	0
1424.05	0
1424.27	0
1424.49	0
1424.71	0
1424.93	0
1425.15	0
1425.37	0
1425.59	0
1425.81	0
1426.03	0
1426.25	0
1426.47	0
1426.69	0
1426.91	0
1427.13	0
1427.35	0
1427.57	0
1427.79	0
1428.01	0
1428.23	0
1428.45	0
1428.67	0
1428.89	0
1429.11	0
1429.33	0
1429.55	0
1429.77	0
1429.99	0
1430.21	0
1430.43	0
1430.65	0
1430.87	0
1431.09	0
1431.31	0
1431.53	0
1431.75	0
1431.97	1
1432.19	0
1432.41	0
1432.63	0
1432.85	0
1433.07	0
1433.29	0
1433.51	0
1433.73	0
1433.95	0
1434.17	0
1434.39	0
1434.61	0
1434.83	0
1435.05	0
1435.27	0
1435.49	0
1435.71	0
1435.93	1
1436.15	0
1436.37	0
1436.59	0
1436.81	0
1437.03	0
1437.25	0
1437.47	0
1437.69	0
1437.91	0
1438.13	0
1438.35	0
1438.57	0
1438.79	0
1439.01	0
1439.23	0
1439.45	0
1439.67	0
1439.89	0
1440.11	1
1440.33	0
1440.55	0
1440.77	0
1440.99	0
1441.21	0
1441.43	0
1441.66	0
1441.88	0
1442.1	0
1442.32	0
1442.54	0
1442.76	0
1442.98	0
1443.2	0
1443.42	0
1443.64	0
1443.86	0
1444.08	0
1444.3	0
1444.52	1
1444.74	0
1444.96	0
1445.18	0
1445.4	0
1445.62	0
1445.84	0
1446.06	0
1446.28	0
1446.5	0
1446.72	0
1446.94	0
1447.16	0
1447.38	0
1447.6	0
1447.82	0
1448.04	0
1448.26	0
1448.48	0
1448.7	1
1448.92	0
1449.14	0
1449.36	0
1449.58	1
1449.8	0
1450.02	0
1450.24	0
1450.46	0
1450.68	0
1450.9	0
1451.12	0
1451.34	0
1451.56	0
1451.78	0
1452	0
1452.22	0
1452.44	0
1452.66	0
1452.88	0
1453.1	0
1453.32	0
1453.54	0
1453.76	0
1453.98	0
1454.2	0
1454.42	0
1454.64	0
1454.86	0
1455.08	0
1455.3	0
1455.52	0
1455.74	0
1455.96	0
1456.18	0
1456.4	0
1456.62	0
1456.84	0
1457.06	0
1457.28	0
1457.5	0
1457.72	0
1457.94	0
1458.16	0
1458.38	1
1458.6	0
1458.82	0
1459.04	0
1459.26	1
1459.48	0
1459.7	0
1459.92	0
1460.14	0
1460.36	0
1460.58	0
1460.8	0
1461.02	0
1461.24	0
1461.46	1
1461.68	0
1461.9	0
1462.12	0
1462.34	0
1462.56	0
1462.78	0
1463	0
1463.22	0
1463.44	0
1463.67	0
1463.89	0
1464.11	1
1464.33	1
1464.55	0
1464.77	0
1464.99	0
1465.21	1
1465.43	0
1465.65	1
1465.87	0
1466.09	3
1466.31	1
1466.53	0
1466.75	2
1466.97	1
1467.19	0
1467.41	0
1467.63	0
1467.85	0
1468.07	0
1468.29	0
1468.51	0
1468.73	0
1468.95	0
1469.17	0
1469.39	0
1469.61	0
1469.83	0
1470.05	0
1470.27	0
1470.49	0
1470.71	0
1470.93	0
1471.15	0
1471.37	0
1471.59	0
1471.81	0
1472.03	0
1472.25	0
1472.47	0
1472.69	0
1472.91	0
1473.13	0
1473.35	1
1473.57	0
1473.79	0
1474.01	0
1474.23	0
1474.45	0
1474.67	0
1474.89	0
1475.11	0
1475.33	0
1475.55	0
1475.77	0
1475.99	0
1476.21	0
1476.43	0
1476.65	0
1476.87	0
1477.09	0
1477.31	0
1477.53	0
1477.75	1
1477.97	0
1478.19	0
1478.41	0
1478.63	0
1478.85	0
1479.07	0
1479.29	0
1479.51	0
1479.73	0
1479.95	0
1480.17	0
1480.39	0
1480.61	0
1480.83	0
1481.05	0
1481.27	0
1481.49	0
1481.71	0
1481.93	0
1482.15	0
1482.37	0
1482.59	0
1482.81	0
1483.03	0
1483.25	0
1483.47	0
1483.69	0
1483.91	0
1484.13	0
1484.35	0
1484.57	0
1484.79	0
1485.01	0
1485.23	0
1485.45	0
1485.68	0
1485.9	0
1486.12	0
1486.34	0
1486.56	0
1486.78	0
1487	0
1487.22	0
1487.44	0
1487.66	0
1487.88	0
1488.1	0
1488.32	0
1488.54	0
1488.76	1
1488.98	0
1489.2	0
1489.42	0
1489.64	0
1489.86	0
1490.08	0
1490.3	0
1490.52	0
1490.74	0
1490.96	0
1491.18	0
1491.4	0
1491.62	0
1491.84	0
1492.06	0
1492.28	0
1492.5	0
1492.72	0
1492.94	1
1493.16	0
1493.38	0
1493.6	0
1493.82	0
1494.04	0
1494.26	0
1494.48	0
1494.7	0
1494.92	0
1495.14	0
1495.36	1
1495.58	0
1495.8	0
1496.02	0
1496.24	0
1496.46	0
1496.68	0
1496.9	0
1497.12	0
1497.34	0
1497.56	0
1497.78	0
1498	0
1498.22	0
1498.44	0
1498.66	0
1498.88	0
1499.1	0
1499.32	0
1499.54	0
1499.76	0
1499.98	0
1500.2	0
1500.42	0
1500.64	0
1500.86	0
1501.08	0
1501.3	0
1501.52	0
1501.74	0
1501.96	0
1502.18	0
1502.4	0
1502.62	0
1502.84	0
1503.06	0
1503.28	0
1503.5	1
1503.72	0
1503.94	0
1504.16	0
1504.38	0
1504.6	0
1504.82	0
1505.04	0
1505.26	0
1505.48	1
1505.7	0
1505.92	0
1506.14	0
1506.36	0
1506.58	0
1506.8	0
1507.02	0
1507.24	0
1507.46	0
1507.68	0
1507.91	0
1508.13	0
1508.35	0
1508.57	0
1508.79	0
1509.01	0
1509.23	0
1509.45	1
1509.67	0
1509.89	0
1510.11	0
1510.33	0
1510.55	0
1510.77	0
1510.99	0
1511.21	0
1511.43	0
1511.65	0
1511.87	0
1512.09	0
1512.31	0
1512.53	0
1512.75	0
1512.97	0
1513.19	0
1513.41	0
1513.63	0
1513.85	0
1514.07	1
1514.29	0
1514.51	1
1514.73	0
1514.95	0
1515.17	0
1515.39	0
1515.61	0
1515.83	0
1516.05	0
1516.27	0
1516.49	0
1516.71	0
1516.93	0
1517.15	0
1517.37	0
1517.59	0
1517.81	0
1518.03	0
1518.25	0
1518.47	0
1518.69	0
1518.91	0
1519.13	0
1519.35	0
1519.57	0
1519.79	0
1520.01	0
1520.23	0
1520.45	1
1520.67	0
1520.89	1
1521.11	0
1521.33	0
1521.55	0
1521.77	0
1521.99	0
1522.21	0
1522.43	0
1522.65	0
1522.87	0
1523.09	0
1523.31	0
1523.53	0
1523.75	0
1523.97	0
1524.19	0
1524.41	0
1524.63	0
1524.85	0
1525.07	0
1525.29	0
1525.51	0
1525.73	0
1525.95	0
1526.17	0
1526.39	0
1526.61	0
1526.83	0
1527.05	0
1527.27	0
1527.49	0
1527.71	0
1527.93	0
1528.15	0
1528.37	0
1528.59	0
1528.81	0
1529.03	0
1529.25	0
1529.47	0
1529.69	1
1529.92	0
1530.14	1
1530.36	0
1530.58	0
1530.8	0
1531.02	0
1531.24	0
1531.46	0
1531.68	0
1531.9	0
1532.12	0
1532.34	0
1532.56	0
1532.78	0
1533	0
1533.22	0
1533.44	0
1533.66	0
1533.88	0
1534.1	0
1534.32	0
1534.54	0
1534.76	0
1534.98	0
1535.2	0
1535.42	0
1535.64	0
1535.86	0
1536.08	0
1536.3	0
1536.52	0
1536.74	0
1536.96	0
1537.18	0
1537.4	0
1537.62	0
1537.84	0
1538.06	0
1538.28	0
1538.5	0
1538.72	0
1538.94	0
1539.16	0
1539.38	0
1539.6	0
1539.82	0
1540.04	0
1540.26	0
1540.48	0
1540.7	0
1540.92	0
1541.14	0
1541.36	0
1541.58	0
1541.8	0
1542.02	0
1542.24	0
1542.46	0
1542.68	0
1542.9	0
1543.12	0
1543.34	0
1543.56	0
1543.78	0
1544	0
1544.22	0
1544.44	0
1544.66	0
1544.88	0
1545.1	0
1545.32	0
1545.54	0
1545.76	0
1545.98	0
1546.2	0
1546.42	0
1546.64	0
1546.86	0
1547.08	0
1547.3	0
1547.52	0
1547.74	0
1547.96	0
1548.18	1
1548.4	0
1548.62	0
1548.84	0
1549.06	0
1549.28	0
1549.5	0
1549.72	0
1549.94	0
1550.16	0
1550.38	0
1550.6	0
1550.82	0
1551.04	0
1551.26	0
1551.48	0
1551.7	0
1551.93	1
1552.15	0
1552.37	0
1552.59	0
1552.81	0
1553.03	0
1553.25	0
1553.47	0
1553.69	0
1553.91	0
1554.13	0
1554.35	0
1554.57	0
1554.79	0
1555.01	0
1555.23	0
1555.45	0
1555.67	0
1555.89	0
1556.11	0
1556.33	0
1556.55	0
1556.77	0
1556.99	0
1557.21	0
1557.43	0
1557.65	0
1557.87	0
1558.09	0
1558.31	0
1558.53	0
1558.75	0
1558.97	0
1559.19	0
1559.41	0
1559.63	0
1559.85	0
1560.07	0
1560.29	0
1560.51	0
1560.73	0
1560.95	0
1561.17	0
1561.39	0
1561.61	0
1561.83	0
1562.05	0
1562.27	0
1562.49	0
1562.71	0
1562.93	0
1563.15	0
1563.37	0
1563.59	0
1563.81	0
1564.03	0
1564.25	0
1564.47	0
1564.69	0
1564.91	0
1565.13	0
1565.35	0
1565.57	0
1565.79	0
1566.01	0
1566.23	0
1566.45	0
1566.67	0
1566.89	0
1567.11	0
1567.33	0
1567.55	0
1567.77	0
1567.99	0
1568.21	0
1568.43	0
1568.65	0
1568.87	0
1569.09	0
1569.31	0
1569.53	0
1569.75	0
1569.97	0
1570.19	0
1570.41	0
1570.63	0
1570.85	0
1571.07	0
1571.29	0
1571.51	0
1571.73	0
1571.95	0
1572.17	0
1572.39	0
1572.61	0
1572.83	0
1573.05	0
1573.27	0
1573.49	0
1573.71	0
1573.94	0
1574.16	0
1574.38	0
1574.6	0
1574.82	0
1575.04	0
1575.26	0
1575.48	1
1575.7	0
1575.92	0
1576.14	0
1576.36	0
1576.58	0
1576.8	0
1577.02	0
1577.24	0
1577.46	0
1577.68	0
1577.9	0
1578.12	0
1578.34	0
1578.56	0
1578.78	0
1579	0
1579.22	0
1579.44	0
1579.66	0
1579.88	0
1580.1	0
1580.32	0
1580.54	0
1580.76	0
1580.98	0
1581.2	0
1581.42	0
1581.64	0
1581.86	0
1582.08	0
1582.3	0
1582.52	0
1582.74	0
1582.96	0
1583.18	0
1583.4	0
1583.62	0
1583.84	0
1584.06	0
1584.28	0
1584.5	0
1584.72	0
1584.94	0
1585.16	0
1585.38	0
1585.6	0
1585.82	0
1586.04	0
1586.26	0
1586.48	0
1586.7	0
1586.92	0
1587.14	0
1587.36	0
1587.58	0
1587.8	0
1588.02	0
1588.24	0
1588.46	0
1588.68	0
1588.9	0
1589.12	0
1589.34	0
1589.56	0
1589.78	0
1590	0
1590.22	0
1590.44	0
1590.66	0
1590.88	0
1591.1	0
1591.32	0
1591.54	0
1591.76	0
1591.98	0
1592.2	0
1592.42	0
1592.64	0
1592.86	0
1593.08	0
1593.3	0
1593.52	0
1593.74	0
1593.96	0
1594.18	0
1594.4	1
1594.62	0
1594.84	0
1595.06	0
1595.28	0
1595.5	0
1595.72	0
1595.95	0
1596.17	0
1596.39	0
1596.61	0
1596.83	0
1597.05	1
1597.27	0
1597.49	0
1597.71	0
1597.93	0
1598.15	0
1598.37	0
1598.59	0
1598.81	0
1599.03	0
1599.25	0
1599.47	0
1599.69	0
1599.91	0
1600.13	0
1600.35	0
1600.57	0
1600.79	0
1601.01	0
1601.23	1
1601.45	0
1601.67	0
1601.89	1
1602.11	0
1602.33	0
1602.55	0
1602.77	0
1602.99	0
1603.21	0
1603.43	0
1603.65	0
1603.87	0
1604.09	0
1604.31	0
1604.53	0
1604.75	0
1604.97	0
1605.19	0
1605.41	0
1605.63	0
1605.85	0
1606.07	0
1606.29	0
1606.51	0
1606.73	0
1606.95	0
1607.17	0
1607.39	0
1607.61	0
1607.83	0
1608.05	0
1608.27	0
1608.49	0
1608.71	0
1608.93	0
1609.15	0
1609.37	0
1609.59	0
1609.81	0
1610.03	0
1610.25	0
1610.47	0
1610.69	0
1610.91	0
1611.13	0
1611.35	0
1611.57	0
1611.79	0
1612.01	0
1612.23	0
1612.45	0
1612.67	0
1612.89	1
1613.11	0
1613.33	0
1613.55	0
1613.77	0
1613.99	0
1614.21	0
1614.43	0
1614.65	0
1614.87	0
1615.09	0
1615.31	0
1615.53	0
1615.75	0
1615.97	0
1616.19	0
1616.41	0
1616.63	0
1616.85	0
1617.07	0
1617.29	0
1617.51	1
1617.73	0
1617.96	0
1618.18	0
1618.4	0
1618.62	0
1618.84	0
1619.06	1
1619.28	0
1619.5	0
1619.72	0
1619.94	0
1620.16	0
1620.38	0
1620.6	0
1620.82	0
1621.04	0
1621.26	0
1621.48	0
1621.7	0
1621.92	0
1622.14	0
1622.36	0
1622.58	0
1622.8	0
1623.02	0
1623.24	0
1623.46	0
1623.68	0
1623.9	0
1624.12	0
1624.34	0
1624.56	0
1624.78	0
1625	0
1625.22	0
1625.44	0
1625.66	0
1625.88	0
1626.1	0
1626.32	0
1626.54	0
1626.76	0
1626.98	0
1627.2	0
1627.42	0
1627.64	1
1627.86	0
1628.08	0
1628.3	0
1628.52	0
1628.74	0
1628.96	0
1629.18	0
1629.4	0
1629.62	0
1629.84	0
1630.06	0
1630.28	0
1630.5	0
1630.72	0
1630.94	0
1631.16	0
1631.38	1
1631.6	0
1631.82	0
1632.04	0
1632.26	0
1632.48	0
1632.7	0
1632.92	0
1633.14	0
1633.36	0
1633.58	0
1633.8	0
1634.02	0
1634.24	0
1634.46	0
1634.68	0
1634.9	0
1635.12	0
1635.34	0
1635.56	0
1635.78	0
1636	0
1636.22	1
1636.44	0
1636.66	0
1636.88	0
1637.1	0
1637.32	0
1637.54	0
1637.76	0
1637.98	0
1638.2	0
1638.42	0
1638.64	0
1638.86	0
1639.08	0
1639.3	0
1639.52	0
1639.74	0
1639.97	0
1640.19	0
1640.41	0
1640.63	0
1640.85	0
1641.07	0
1641.29	0
1641.51	0
1641.73	0
1641.95	0
1642.17	0
1642.39	0
1642.61	1
1642.83	0
1643.05	0
1643.27	0
1643.49	0
1643.71	0
1643.93	0
1644.15	0
1644.37	0
1644.59	0
1644.81	0
1645.03	0
1645.25	0
1645.47	0
1645.69	0
1645.91	0
1646.13	0
1646.35	0
1646.57	0
1646.79	0
1647.01	0
1647.23	0
1647.45	0
1647.67	0
1647.89	0
1648.11	0
1648.33	1
1648.55	0
1648.77	0
1648.99	0
1649.21	0
1649.43	0
1649.65	0
1649.87	0
1650.09	0
1650.31	0
1650.53	0
1650.75	0
1650.97	0
1651.19	0
1651.41	0
1651.63	0
1651.85	0
1652.07	0
1652.29	0
1652.51	0
1652.73	0
1652.95	0
1653.17	0
1653.39	0
1653.61	0
1653.83	0
1654.05	0
1654.27	0
1654.49	0
1654.71	0
1654.93	0
1655.15	0
1655.37	1
1655.59	0
1655.81	0
1656.03	0
1656.25	0
1656.47	0
1656.69	1
1656.91	0
1657.13	0
1657.35	0
1657.57	0
1657.79	0
1658.01	0
1658.23	0
1658.45	1
1658.67	0
1658.89	0
1659.11	0
1659.33	0
1659.55	0
1659.77	0
1659.99	0
1660.21	0
1660.43	0
1660.65	0
1660.87	0
1661.09	0
1661.31	0
1661.53	0
1661.75	0
1661.98	0
1662.2	0
1662.42	0
1662.64	0
1662.86	0
1663.08	0
1663.3	0
1663.52	0
1663.74	0
1663.96	0
1664.18	0
1664.4	0
1664.62	0
1664.84	0
1665.06	0
1665.28	0
1665.5	0
1665.72	0
1665.94	0
1666.16	0
1666.38	0
1666.6	0
1666.82	0
1667.04	0
1667.26	0
1667.48	0
1667.7	0
1667.92	0
1668.14	0
1668.36	0
1668.58	0
1668.8	0
1669.02	0
1669.24	0
1669.46	0
1669.68	0
1669.9	0
1670.12	0
1670.34	0
1670.56	0
1670.78	0
1671	0
1671.22	0
1671.44	0
1671.66	0
1671.88	0
1672.1	0
1672.32	0
1672.54	0
1672.76	0
1672.98	0
1673.2	0
1673.42	0
1673.64	0
1673.86	0
1674.08	0
1674.3	0
1674.52	0
1674.74	0
1674.96	0
1675.18	0
1675.4	0
1675.62	0
1675.84	0
1676.06	0
1676.28	0
1676.5	0
1676.72	0
1676.94	0
1677.16	0
1677.38	0
1677.6	0
1677.82	0
1678.04	0
1678.26	0
1678.48	0
1678.7	0
1678.92	0
1679.14	0
1679.36	0
1679.58	0
1679.8	0
1680.02	0
1680.24	0
1680.46	0
1680.68	0
1680.9	0
1681.12	0
1681.34	1
1681.56	0
1681.78	0
1682	0
1682.22	0
1682.44	0
1682.66	0
1682.88	0
1683.1	0
1683.32	0
1683.54	0
1683.76	0
1683.99	0
1684.21	0
1684.43	0
1684.65	0
1684.87	0
1685.09	0
1685.31	0
1685.53	0
1685.75	0
1685.97	0
1686.19	0
1686.41	0
1686.63	0
1686.85	0
1687.07	0
1687.29	0
1687.51	0
1687.73	0
1687.95	0
1688.17	0
1688.39	0
1688.61	0
1688.83	0
1689.05	0
1689.27	0
1689.49	0
1689.71	0
1689.93	0
1690.15	0
1690.37	0
1690.59	0
1690.81	0
1691.03	0
1691.25	0
1691.47	0
1691.69	0
1691.91	0
1692.13	0
1692.35	0
1692.57	0
1692.79	0
1693.01	0
1693.23	0
1693.45	0
1693.67	0
1693.89	0
1694.11	0
1694.33	0
1694.55	0
1694.77	1
1694.99	0
1695.21	0
1695.43	0
1695.65	0
1695.87	0
1696.09	0
1696.31	0
1696.53	0
1696.75	0
1696.97	0
1697.19	0
1697.41	0
1697.63	0
1697.85	0
1698.07	0
1698.29	0
1698.51	0
1698.73	0
1698.95	0
1699.17	0
1699.39	0
1699.61	0
1699.83	0
1700.05	0
1700.27	0
1700.49	0
1700.71	0
1700.93	0
1701.15	0
1701.37	0
1701.59	0
1701.81	0
1702.03	0
1702.25	0
1702.47	0
1702.69	0
1702.91	0
1703.13	0
1703.35	0
1703.57	0
1703.79	0
1704.01	0
1704.23	0
1704.45	0
1704.67	0
1704.89	0
1705.11	0
1705.33	0
1705.55	0
1705.77	0
1706	0
1706.22	0
1706.44	0
1706.66	0
1706.88	0
1707.1	0
1707.32	0
1707.54	0
1707.76	0
1707.98	0
1708.2	0
1708.42	0
1708.64	0
1708.86	0
1709.08	0
1709.3	0
1709.52	0
1709.74	0
1709.96	0
1710.18	0
1710.4	0
1710.62	0
1710.84	0
1711.06	0
1711.28	0
1711.5	0
1711.72	0
1711.94	0
1712.16	0
1712.38	0
1712.6	0
1712.82	0
1713.04	0
1713.26	0
1713.48	0
1713.7	0
1713.92	0
1714.14	0
1714.36	0
1714.58	0
1714.8	0
1715.02	0
1715.24	0
1715.46	0
1715.68	0
1715.9	0
1716.12	0
1716.34	0
1716.56	0
1716.78	0
1717	0
1717.22	0
1717.44	0
1717.66	0
1717.88	0
1718.1	0
1718.32	0
1718.54	0
1718.76	0
1718.98	0
1719.2	0
1719.42	1
1719.64	0
1719.86	0
1720.08	0
1720.3	0
1720.52	0
1720.74	1
1720.96	0
1721.18	0
1721.4	0
1721.62	0
1721.84	0
1722.06	0
1722.28	0
1722.5	0
1722.72	0
1722.94	0
1723.16	0
1723.38	0
1723.6	0
1723.82	0
1724.04	0
1724.26	0
1724.48	0
1724.7	0
1724.92	0
1725.14	0
1725.36	0
1725.58	0
1725.8	0
1726.02	0
1726.24	0
1726.46	0
1726.68	0
1726.9	0
1727.12	0
1727.34	0
1727.56	0
1727.78	0
1728.01	0
1728.23	0
1728.45	0
1728.67	1
1728.89	0
1729.11	0
1729.33	0
1729.55	0
1729.77	0
1729.99	0
1730.21	0
1730.43	0
1730.65	0
1730.87	0
1731.09	0
1731.31	0
1731.53	0
1731.75	0
1731.97	0
1732.19	0
1732.41	0
1732.63	0
1732.85	1
1733.07	0
1733.29	0
1733.51	0
1733.73	0
1733.95	0
1734.17	0
1734.39	0
1734.61	0
1734.83	0
1735.05	0
1735.27	1
1735.49	0
1735.71	0
1735.93	0
1736.15	0
1736.37	0
1736.59	0
1736.81	1
1737.03	0
1737.25	0
1737.47	0
1737.69	0
1737.91	0
1738.13	0
1738.35	0
1738.57	0
1738.79	0
1739.01	0
1739.23	0
1739.45	0
1739.67	0
1739.89	0
1740.11	0
1740.33	0
1740.55	0
1740.77	0
1740.99	0
1741.21	0
1741.43	0
1741.65	0
1741.87	0
1742.09	0
1742.31	0
1742.53	0
1742.75	0
1742.97	0
1743.19	0
1743.41	0
1743.63	0
1743.85	0
1744.07	0
1744.29	0
1744.51	0
1744.73	0
1744.95	0
1745.17	0
1745.39	0
1745.61	0
1745.83	0
1746.05	0
1746.27	0
1746.49	0
1746.71	0
1746.93	0
1747.15	0
1747.37	1
1747.59	0
1747.81	0
1748.03	0
1748.25	0
1748.47	0
1748.69	0
1748.91	0
1749.13	0
1749.35	0
1749.57	0
1749.79	0
1750.02	0
1750.24	0
1750.46	0
1750.68	0
1750.9	0
1751.12	0
1751.34	0
1751.56	0
1751.78	0
1752	0
1752.22	0
1752.44	0
1752.66	0
1752.88	0
1753.1	0
1753.32	0
1753.54	0
1753.76	0
1753.98	0
1754.2	0
1754.42	0
1754.64	0
1754.86	0
1755.08	0
1755.3	0
1755.52	0
1755.74	0
1755.96	0
1756.18	0
1756.4	0
1756.62	0
1756.84	0
1757.06	0
1757.28	0
1757.5	0
1757.72	0
1757.94	0
1758.16	0
1758.38	0
1758.6	0
1758.82	0
1759.04	0
1759.26	0
1759.48	0
1759.7	0
1759.92	0
1760.14	0
1760.36	0
1760.58	0
1760.8	0
1761.02	0
1761.24	0
1761.46	0
1761.68	0
1761.9	0
1762.12	0
1762.34	0
1762.56	0
1762.78	0
1763	0
1763.22	0
1763.44	0
1763.66	0
1763.88	0
1764.1	0
1764.32	0
1764.54	0
1764.76	0
1764.98	0
1765.2	0
1765.42	0
1765.64	0
1765.86	0
1766.08	0
1766.3	0
1766.52	0
1766.74	0
1766.96	0
1767.18	0
1767.4	0
1767.62	0
1767.84	0
1768.06	0
1768.28	0
1768.5	0
1768.72	0
1768.94	0
1769.16	0
1769.38	0
1769.6	0
1769.82	0
1770.04	0
1770.26	0
1770.48	0
1770.7	0
1770.92	0
1771.14	0
1771.36	0
1771.58	0
1771.8	1
1772.03	0
1772.25	1
1772.47	0
1772.69	0
1772.91	0
1773.13	0
1773.35	0
1773.57	0
1773.79	0
1774.01	0
1774.23	0
1774.45	0
1774.67	0
1774.89	0
1775.11	0
1775.33	0
1775.55	0
1775.77	0
1775.99	0
1776.21	0
1776.43	0
1776.65	0
1776.87	0
1777.09	0
1777.31	0
1777.53	0
1777.75	0
1777.97	0
1778.19	0
1778.41	0
1778.63	0
1778.85	0
1779.07	1
1779.29	0
1779.51	0
1779.73	0
1779.95	0
1780.17	0
1780.39	0
1780.61	0
1780.83	0
1781.05	0
1781.27	0
1781.49	0
1781.71	0
1781.93	0
1782.15	0
1782.37	0
1782.59	0
1782.81	0
1783.03	0
1783.25	0
1783.47	0
1783.69	0
1783.91	0
1784.13	0
1784.35	0
1784.57	0
1784.79	0
1785.01	0
1785.23	0
1785.45	0
1785.67	0
1785.89	0
1786.11	0
1786.33	0
1786.55	0
1786.77	0
1786.99	0
1787.21	0
1787.43	0
1787.65	0
1787.87	0
1788.09	0
1788.31	0
1788.53	0
1788.75	1
1788.97	0
1789.19	0
1789.41	0
1789.63	0
1789.85	0
1790.07	0
1790.29	0
1790.51	0
1790.73	0
1790.95	0
1791.17	0
1791.39	0
1791.61	0
1791.83	0
1792.05	0
1792.27	0
1792.49	0
1792.71	0
1792.93	0
1793.15	0
1793.37	0
1793.59	0
1793.81	0
1794.04	0
1794.26	0
1794.48	0
1794.7	0
1794.92	0
1795.14	0
1795.36	0
1795.58	0
1795.8	0
1796.02	0
1796.24	0
1796.46	0
1796.68	0
1796.9	0
1797.12	0
1797.34	0
1797.56	0
1797.78	0
1798	0
1798.22	0
1798.44	0
1798.66	0
1798.88	0
1799.1	0
1799.32	0
1799.54	0
1799.76	0
1799.98	0
1800.2	0
1800.42	0
1800.64	0
1800.86	0
1801.08	0
1801.3	0
1801.52	0
1801.74	0
1801.96	0
1802.18	0
1802.4	0
1802.62	0
1802.84	0
