-5.15587e-020	0
0.2201	0
0.4402	0
0.6603	0
0.8804	0
1.1005	0
1.3206	0
1.5407	0
1.7608	0
1.9809	0
2.201	0
2.4211	0
2.6412	0
2.8613	0
3.0814	0
3.3015	0
3.5216	0
3.7417	0
3.9618	0
4.1819	0
4.402	0
4.6221	0
4.8422	0
5.0623	0
5.2824	0
5.5025	0
5.7226	0
5.9427	0
6.1628	0
6.3829	0
6.603	0
6.8231	0
7.0432	0
7.2633	1
7.4834	9
7.7035	44
7.9236	147
8.1437	241
8.3638	255
8.5839	289
8.804	283
9.0241	261
9.2442	283
9.4643	287
9.6844	294
9.9045	253
10.1246	280
10.3447	280
10.5648	260
10.7849	292
11.005	269
11.2251	269
11.4452	312
11.6653	275
11.8854	248
12.1055	311
12.3256	286
12.5457	286
12.7658	282
12.9859	274
13.206	278
13.4261	273
13.6462	315
13.8663	290
14.0864	278
14.3065	312
14.5266	291
14.7467	264
14.9668	291
15.1869	276
15.407	280
15.6271	287
15.8472	283
16.0673	289
16.2874	290
16.5075	323
16.7276	284
16.9477	280
17.1678	282
17.3879	313
17.608	329
17.8281	335
18.0482	354
18.2683	409
18.4884	403
18.7085	411
18.9286	351
19.1487	326
19.3688	275
19.5889	269
19.809	252
20.0291	262
20.2492	282
20.4693	273
20.6894	262
20.9095	289
21.1296	277
21.3497	300
21.5698	304
21.7899	323
22.01	319
22.2301	358
22.4502	375
22.6703	360
22.8904	367
23.1105	393
23.3306	432
23.5507	465
23.7708	416
23.9909	441
24.211	489
24.4311	549
24.6512	629
24.8713	683
25.0914	771
25.3115	804
25.5316	782
25.7517	816
25.9718	866
26.1919	811
26.412	839
26.6321	820
26.8522	832
27.0723	851
27.2924	918
27.5125	1211
27.7326	1972
27.9527	3460
28.1728	5266
28.3929	6238
28.613	5666
28.8331	4107
29.0532	2327
29.2733	988
29.4934	525
29.7135	378
29.9336	327
30.1537	327
30.3738	381
30.5939	376
30.814	362
31.0341	368
31.2542	341
31.4743	339
31.6944	342
31.9145	437
32.1346	592
32.3547	1040
32.5748	1411
32.7949	1596
33.015	1281
33.2351	981
33.4552	705
33.6753	620
33.8954	532
34.1155	390
34.3356	302
34.5557	274
34.7758	229
34.9959	215
35.216	232
35.4361	200
35.6562	223
35.8763	202
36.0964	222
36.3165	241
36.5366	220
36.7567	214
36.9768	215
37.1969	216
37.417	224
37.6371	177
37.8572	204
38.0773	211
38.2974	204
38.5175	241
38.7376	208
38.9577	220
39.1778	229
39.3979	210
39.618	238
39.8381	240
40.0582	208
40.2783	231
40.4984	202
40.7185	234
40.9386	194
41.1587	234
41.3788	217
41.5989	217
41.819	196
42.0391	210
42.2592	195
42.4793	204
42.6994	200
42.9195	206
43.1396	204
43.3597	240
43.5798	202
43.7999	205
44.02	193
44.2401	216
44.4602	201
44.6803	207
44.9004	223
45.1205	206
45.3406	203
45.5607	208
45.7808	219
46.0009	235
46.221	201
46.4411	197
46.6612	232
46.8813	246
47.1014	226
47.3215	204
47.5416	198
47.7617	195
47.9818	224
48.2019	200
48.422	218
48.6421	195
48.8622	211
49.0823	203
49.3024	182
49.5225	184
49.7426	202
49.9627	174
50.1828	218
50.4029	203
50.623	192
50.8431	192
51.0632	210
51.2833	204
51.5034	197
51.7235	208
51.9436	189
52.1637	230
52.3838	227
52.6039	209
52.824	194
53.0441	218
53.2642	196
53.4843	203
53.7044	204
53.9245	189
54.1446	200
54.3647	195
54.5848	223
54.8049	225
55.025	213
55.2451	237
55.4652	210
55.6853	240
55.9054	197
56.1255	236
56.3456	225
56.5657	187
56.7858	215
57.0059	222
57.226	187
57.4461	209
57.6662	225
57.8863	210
58.1064	202
58.3265	196
58.5466	230
58.7667	209
58.9868	195
59.2069	220
59.427	223
59.6471	212
59.8672	218
60.0873	240
60.3074	221
60.5275	201
60.7476	217
60.9677	217
61.1878	211
61.4079	205
61.628	210
61.8481	194
62.0682	207
62.2883	199
62.5084	208
62.7285	218
62.9486	218
63.1687	208
63.3888	230
63.6089	222
63.829	220
64.0491	181
64.2692	225
64.4893	229
64.7094	253
64.9295	210
65.1496	210
65.3697	235
65.5898	203
65.8099	213
66.03	245
66.2501	202
66.4702	207
66.6903	227
66.9104	225
67.1305	198
67.3506	214
67.5707	213
67.7908	212
68.0109	231
68.231	207
68.4511	245
68.6712	241
68.8913	275
69.1114	363
69.3315	435
69.5516	454
69.7717	398
69.9918	343
70.2119	294
70.432	232
70.6521	245
70.8722	294
71.0923	337
71.3124	489
71.5325	641
71.7526	680
71.9727	519
72.1928	369
72.4129	276
72.633	252
72.8531	201
73.0732	223
73.2933	223
73.5134	207
73.7335	222
73.9536	229
74.1737	200
74.3938	173
74.6139	223
74.834	227
75.0541	226
75.2742	211
75.4943	196
75.7144	216
75.9345	225
76.1546	221
76.3747	225
76.5948	194
76.8149	223
77.035	234
77.2551	204
77.4752	219
77.6953	231
77.9154	246
78.1355	239
78.3556	220
78.5757	219
78.7958	230
79.0159	204
79.236	205
79.4561	178
79.6762	205
79.8963	241
80.1164	198
80.3365	236
80.5566	245
80.7767	299
80.9968	325
81.2169	355
81.437	409
81.6571	423
81.8772	392
82.0973	368
82.3174	290
82.5375	233
82.7576	211
82.9777	213
83.1978	234
83.4179	234
83.638	249
83.8581	273
84.0782	288
84.2983	304
84.5184	248
84.7385	232
84.9586	220
85.1787	198
85.3988	222
85.6189	219
85.839	205
86.0591	183
86.2792	209
86.4993	204
86.7194	206
86.9395	232
87.1596	209
87.3797	204
87.5998	193
87.8199	207
88.04	217
88.2601	183
88.4802	203
88.7003	187
88.9204	192
89.1405	186
89.3606	201
89.5807	222
89.8008	195
90.0209	202
90.241	219
90.4611	194
90.6812	219
90.9013	219
91.1214	209
91.3415	216
91.5616	209
91.7817	200
92.0018	236
92.2219	202
92.442	202
92.6621	203
92.8822	209
93.1023	217
93.3224	221
93.5425	186
93.7626	214
93.9827	206
94.2028	219
94.4229	203
94.643	238
94.8631	197
95.0832	203
95.3033	206
95.5234	217
95.7435	214
95.9636	204
96.1837	186
96.4038	208
96.6239	193
96.844	207
97.0641	180
97.2842	205
97.5043	217
97.7244	210
97.9445	207
98.1646	200
98.3847	207
98.6048	211
98.8249	217
99.045	195
99.2651	225
99.4852	223
99.7053	207
99.9254	187
100.146	185
100.366	205
100.586	213
100.806	217
101.026	225
101.246	211
101.466	200
101.686	215
101.906	215
102.126	221
102.346	195
102.567	187
102.787	224
103.007	207
103.227	196
103.447	205
103.667	201
103.887	197
104.107	172
104.327	220
104.548	203
104.768	215
104.988	174
105.208	230
105.428	218
105.648	203
105.868	210
106.088	231
106.308	211
106.528	229
106.748	214
106.969	234
107.189	219
107.409	204
107.629	204
107.849	223
108.069	229
108.289	254
108.509	237
108.729	212
108.95	204
109.17	207
109.39	185
109.61	209
109.83	217
110.05	216
110.27	211
110.49	206
110.71	226
110.93	214
111.15	186
111.371	215
111.591	226
111.811	205
112.031	234
112.251	234
112.471	220
112.691	216
112.911	216
113.131	239
113.352	217
113.572	217
113.792	213
114.012	212
114.232	216
114.452	211
114.672	210
114.892	191
115.112	238
115.332	248
115.552	220
115.773	224
115.993	209
116.213	227
116.433	242
116.653	226
116.873	229
117.093	221
117.313	234
117.533	241
117.753	213
117.974	214
118.194	217
118.414	239
118.634	243
118.854	206
119.074	237
119.294	249
119.514	234
119.734	230
119.955	216
120.175	195
120.395	233
120.615	267
120.835	215
121.055	234
121.275	211
121.495	235
121.715	233
121.935	215
122.155	232
122.376	233
122.596	235
122.816	244
123.036	216
123.256	231
123.476	253
123.696	223
123.916	239
124.136	226
124.357	228
124.577	223
124.797	237
125.017	226
125.237	220
125.457	207
125.677	229
125.897	217
126.117	222
126.337	229
126.557	227
126.778	216
126.998	212
127.218	222
127.438	210
127.658	230
127.878	230
128.098	244
128.318	238
128.538	231
128.759	231
128.979	249
129.199	238
129.419	232
129.639	246
129.859	257
130.079	233
130.299	247
130.519	242
130.739	257
130.959	230
131.18	227
131.4	238
131.62	255
131.84	240
132.06	203
132.28	210
132.5	231
132.72	235
132.94	206
133.16	225
133.381	207
133.601	206
133.821	239
134.041	232
134.261	218
134.481	205
134.701	224
134.921	231
135.141	213
135.362	210
135.582	211
135.802	246
136.022	220
136.242	212
136.462	222
136.682	217
136.902	229
137.122	207
137.342	242
137.563	232
137.783	194
138.003	221
138.223	229
138.443	213
138.663	269
138.883	224
139.103	204
139.323	223
139.543	242
139.763	239
139.984	229
140.204	239
140.424	207
140.644	224
140.864	241
141.084	265
141.304	228
141.524	209
141.744	217
141.964	219
142.185	203
142.405	210
142.625	227
142.845	216
143.065	215
143.285	228
143.505	225
143.725	173
143.945	215
144.165	212
144.386	222
144.606	222
144.826	228
145.046	213
145.266	204
145.486	241
145.706	210
145.926	234
146.146	199
146.367	193
146.587	212
146.807	216
147.027	208
147.247	240
147.467	219
147.687	224
147.907	227
148.127	223
148.347	188
148.568	216
148.788	205
149.008	195
149.228	221
149.448	214
149.668	230
149.888	237
150.108	212
150.328	241
150.548	210
150.768	223
150.989	192
151.209	223
151.429	201
151.649	201
151.869	189
152.089	224
152.309	205
152.529	199
152.749	201
152.969	203
153.19	220
153.41	220
153.63	205
153.85	221
154.07	213
154.29	201
154.51	213
154.73	206
154.95	210
155.171	205
155.391	202
155.611	214
155.831	224
156.051	198
156.271	213
156.491	204
156.711	223
156.931	232
157.151	252
157.372	224
157.592	226
157.812	211
158.032	224
158.252	224
158.472	221
158.692	194
158.912	188
159.132	203
159.352	174
159.572	199
159.793	219
160.013	204
160.233	202
160.453	196
160.673	195
160.893	195
161.113	192
161.333	201
161.553	205
161.773	226
161.994	219
162.214	199
162.434	200
162.654	181
162.874	218
163.094	190
163.314	196
163.534	211
163.754	208
163.975	191
164.195	219
164.415	195
164.635	194
164.855	247
165.075	222
165.295	202
165.515	204
165.735	191
165.955	196
166.176	208
166.396	197
166.616	202
166.836	182
167.056	220
167.276	184
167.496	214
167.716	198
167.936	220
168.156	184
168.376	176
168.597	196
168.817	226
169.037	210
169.257	200
169.477	163
169.697	184
169.917	171
170.137	199
170.357	189
170.577	167
170.798	198
171.018	191
171.238	190
171.458	193
171.678	210
171.898	164
172.118	189
172.338	224
172.558	196
172.778	195
172.999	209
173.219	192
173.439	172
173.659	183
173.879	207
174.099	174
174.319	182
174.539	199
174.759	201
174.98	187
175.2	218
175.42	199
175.64	207
175.86	217
176.08	181
176.3	182
176.52	193
176.74	205
176.96	204
177.18	219
177.401	209
177.621	200
177.841	199
178.061	226
178.281	187
178.501	205
178.721	198
178.941	221
179.161	222
179.381	216
179.602	203
179.822	194
180.042	193
180.262	238
180.482	221
180.702	218
180.922	222
181.142	211
181.362	237
181.582	224
181.803	249
182.023	240
182.243	251
182.463	248
182.683	259
182.903	257
183.123	247
183.343	262
183.563	262
183.784	290
184.004	272
184.224	286
184.444	263
184.664	247
184.884	258
185.104	249
185.324	297
185.544	291
185.764	260
185.985	271
186.205	259
186.425	312
186.645	277
186.865	262
187.085	290
187.305	272
187.525	280
187.745	290
187.965	266
188.185	265
188.406	273
188.626	299
188.846	253
189.066	302
189.286	262
189.506	269
189.726	239
189.946	265
190.166	235
190.386	265
190.607	279
190.827	307
191.047	278
191.267	264
191.487	271
191.707	255
191.927	276
192.147	270
192.367	275
192.587	262
192.808	275
193.028	242
193.248	242
193.468	247
193.688	267
193.908	257
194.128	260
194.348	287
194.568	248
194.789	254
195.009	231
195.229	253
195.449	277
195.669	261
195.889	229
196.109	260
196.329	260
196.549	243
196.769	271
196.989	233
197.21	225
197.43	238
197.65	252
197.87	238
198.09	254
198.31	254
198.53	255
198.75	231
198.97	242
199.19	260
199.411	238
199.631	201
199.851	220
200.071	241
200.291	251
200.511	248
200.731	236
200.951	249
201.171	249
201.391	232
201.612	248
201.832	230
202.052	248
202.272	242
202.492	243
202.712	226
202.932	254
203.152	242
203.372	259
203.593	239
203.813	235
204.033	229
204.253	242
204.473	253
204.693	233
204.913	240
205.133	229
205.353	201
205.573	222
205.793	221
206.014	221
206.234	227
206.454	240
206.674	228
206.894	230
207.114	215
207.334	223
207.554	235
207.774	232
207.994	222
208.215	226
208.435	223
208.655	230
208.875	244
209.095	235
209.315	232
209.535	206
209.755	214
209.975	223
210.195	208
210.416	198
210.636	220
210.856	226
211.076	221
211.296	241
211.516	244
211.736	232
211.956	210
212.176	216
212.397	231
212.617	230
212.837	227
213.057	235
213.277	204
213.497	227
213.717	206
213.937	215
214.157	207
214.377	207
214.598	232
214.818	189
215.038	220
215.258	197
215.478	227
215.698	217
215.918	199
216.138	232
216.358	220
216.578	231
216.798	211
217.019	207
217.239	225
217.459	218
217.679	198
217.899	218
218.119	235
218.339	236
218.559	209
218.779	189
218.999	229
219.22	208
219.44	221
219.66	214
219.88	214
220.1	211
220.32	208
220.54	190
220.76	188
220.98	206
221.2	220
221.421	196
221.641	194
221.861	223
222.081	198
222.301	210
222.521	216
222.741	196
222.961	180
223.181	210
223.402	210
223.622	232
223.842	195
224.062	183
224.282	208
224.502	191
224.722	209
224.942	216
225.162	189
225.382	206
225.602	230
225.823	213
226.043	211
226.263	198
226.483	219
226.703	199
226.923	218
227.143	199
227.363	201
227.583	187
227.803	179
228.024	197
228.244	189
228.464	224
228.684	183
228.904	213
229.124	168
229.344	215
229.564	196
229.784	207
230.004	187
230.225	199
230.445	209
230.665	218
230.885	203
231.105	187
231.325	205
231.545	182
231.765	178
231.985	201
232.206	232
232.426	209
232.646	208
232.866	203
233.086	197
233.306	191
233.526	189
233.746	215
233.966	200
234.186	192
234.406	212
234.627	191
234.847	221
235.067	204
235.287	173
235.507	189
235.727	205
235.947	201
236.167	203
236.387	187
236.607	211
236.828	202
237.048	207
237.268	174
237.488	211
237.708	186
237.928	181
238.148	186
238.368	196
238.588	202
238.808	182
239.029	178
239.249	179
239.469	189
239.689	217
239.909	187
240.129	186
240.349	185
240.569	194
240.789	184
241.01	191
241.23	204
241.45	200
241.67	179
241.89	193
242.11	186
242.33	186
242.55	198
242.77	194
242.99	203
243.211	198
243.431	196
243.651	191
243.871	195
244.091	192
244.311	207
244.531	197
244.751	201
244.971	179
245.191	202
245.411	195
245.632	176
245.852	181
246.072	194
246.292	198
246.512	201
246.732	209
246.952	206
247.172	172
247.392	215
247.612	189
247.833	194
248.053	166
248.273	185
248.493	186
248.713	187
248.933	165
249.153	186
249.373	199
249.593	181
249.813	183
250.034	197
250.254	172
250.474	155
250.694	175
250.914	186
251.134	182
251.354	157
251.574	183
251.794	170
252.015	187
252.235	196
252.455	196
252.675	193
252.895	193
253.115	204
253.335	165
253.555	187
253.775	173
253.995	181
254.215	208
254.436	187
254.656	174
254.876	194
255.096	177
255.316	179
255.536	188
255.756	193
255.976	191
256.196	189
256.416	183
256.637	171
256.857	178
257.077	173
257.297	191
257.517	200
257.737	182
257.957	172
258.177	186
258.397	166
258.618	182
258.838	193
259.058	213
259.278	184
259.498	203
259.718	184
259.938	176
260.158	159
260.378	172
260.598	163
260.818	177
261.039	158
261.259	172
261.479	174
261.699	174
261.919	168
262.139	169
262.359	175
262.579	179
262.799	174
263.019	191
263.24	186
263.46	197
263.68	173
263.9	165
264.12	160
264.34	191
264.56	173
264.78	155
265	182
265.221	187
265.441	171
265.661	172
265.881	166
266.101	192
266.321	185
266.541	177
266.761	188
266.981	194
267.201	162
267.421	179
267.642	172
267.862	189
268.082	172
268.302	180
268.522	154
268.742	200
268.962	189
269.182	164
269.402	198
269.623	210
269.843	170
270.063	174
270.283	171
270.503	161
270.723	177
270.943	171
271.163	186
271.383	186
271.603	176
271.823	173
272.044	178
272.264	182
272.484	168
272.704	170
272.924	187
273.144	170
273.364	155
273.584	166
273.804	156
274.024	147
274.245	158
274.465	168
274.685	177
274.905	160
275.125	169
275.345	161
275.565	183
275.785	198
276.005	166
276.226	146
276.446	189
276.666	148
276.886	175
277.106	183
277.326	177
277.546	172
277.766	140
277.986	170
278.206	149
278.426	152
278.647	144
278.867	176
279.087	165
279.307	170
279.527	157
279.747	154
279.967	173
280.187	159
280.407	153
280.628	165
280.848	176
281.068	163
281.288	178
281.508	174
281.728	177
281.948	179
282.168	159
282.388	160
282.608	181
282.828	168
283.049	161
283.269	159
283.489	153
283.709	148
283.929	136
284.149	185
284.369	164
284.589	154
284.809	147
285.029	164
285.25	160
285.47	149
285.69	146
285.91	156
286.13	153
286.35	205
286.57	138
286.79	162
287.01	140
287.231	185
287.451	178
287.671	164
287.891	154
288.111	158
288.331	151
288.551	159
288.771	157
288.991	159
289.211	150
289.431	174
289.652	152
289.872	139
290.092	147
290.312	154
290.532	156
290.752	152
290.972	148
291.192	149
291.412	143
291.632	165
291.853	165
292.073	137
292.293	163
292.513	136
292.733	172
292.953	161
293.173	153
293.393	148
293.613	151
293.834	147
294.054	166
294.274	157
294.494	168
294.714	143
294.934	159
295.154	155
295.374	156
295.594	160
295.814	171
296.034	158
296.255	152
296.475	154
296.695	153
296.915	131
297.135	157
297.355	137
297.575	164
297.795	169
298.015	161
298.236	153
298.456	143
298.676	159
298.896	171
299.116	150
299.336	124
299.556	158
299.776	178
299.996	133
300.216	141
300.436	162
300.657	131
300.877	155
301.097	153
301.317	156
301.537	136
301.757	163
301.977	123
302.197	133
302.417	144
302.637	162
302.858	128
303.078	131
303.298	136
303.518	139
303.738	172
303.958	142
304.178	142
304.398	147
304.618	137
304.839	143
305.059	148
305.279	146
305.499	149
305.719	134
305.939	127
306.159	168
306.379	127
306.599	139
306.819	147
307.039	146
307.26	158
307.48	135
307.7	147
307.92	144
308.14	126
308.36	150
308.58	127
308.8	140
309.02	154
309.241	133
309.461	139
309.681	151
309.901	165
310.121	150
310.341	135
310.561	136
310.781	131
311.001	142
311.221	115
311.441	122
311.662	155
311.882	151
312.102	125
312.322	140
312.542	140
312.762	135
312.982	153
313.202	131
313.422	141
313.642	146
313.863	153
314.083	136
314.303	134
314.523	134
314.743	131
314.963	125
315.183	121
315.403	158
315.623	140
315.844	127
316.064	136
316.284	126
316.504	130
316.724	145
316.944	149
317.164	126
317.384	136
317.604	125
317.824	153
318.044	135
318.265	131
318.485	139
318.705	120
318.925	142
319.145	141
319.365	139
319.585	123
319.805	131
320.025	118
320.245	125
320.466	106
320.686	126
320.906	112
321.126	115
321.346	112
321.566	147
321.786	125
322.006	145
322.226	101
322.446	136
322.667	133
322.887	144
323.107	105
323.327	144
323.547	154
323.767	153
323.987	141
324.207	129
324.427	135
324.647	116
324.868	158
325.088	130
325.308	112
325.528	142
325.748	125
325.968	116
326.188	138
326.408	124
326.628	118
326.849	135
327.069	134
327.289	147
327.509	144
327.729	133
327.949	117
328.169	140
328.389	130
328.609	144
328.829	132
329.049	147
329.27	124
329.49	129
329.71	132
329.93	119
330.15	137
330.37	135
330.59	131
330.81	128
331.03	127
331.25	128
331.471	138
331.691	143
331.911	124
332.131	122
332.351	139
332.571	115
332.791	130
333.011	108
333.231	126
333.452	120
333.672	107
333.892	135
334.112	148
334.332	131
334.552	115
334.772	130
334.992	144
335.212	132
335.432	126
335.652	116
335.873	121
336.093	121
336.313	121
336.533	131
336.753	124
336.973	121
337.193	117
337.413	123
337.633	124
337.854	135
338.074	97
338.294	109
338.514	126
338.734	125
338.954	132
339.174	122
339.394	123
339.614	131
339.834	111
340.054	118
340.275	116
340.495	135
340.715	121
340.935	130
341.155	95
341.375	128
341.595	131
341.815	106
342.035	105
342.255	113
342.476	131
342.696	118
342.916	132
343.136	119
343.356	109
343.576	132
343.796	138
344.016	126
344.236	127
344.457	115
344.677	135
344.897	133
345.117	100
345.337	103
345.557	129
345.777	135
345.997	113
346.217	137
346.437	111
346.657	112
346.878	123
347.098	124
347.318	116
347.538	83
347.758	118
347.978	115
348.198	122
348.418	111
348.638	133
348.858	118
349.079	125
349.299	126
349.519	129
349.739	143
349.959	120
350.179	154
350.399	130
350.619	118
350.839	107
351.059	116
351.28	117
351.5	125
351.72	103
351.94	102
352.16	97
352.38	135
352.6	113
352.82	131
353.04	133
353.26	127
353.481	105
353.701	115
353.921	126
354.141	120
354.361	135
354.581	123
354.801	114
355.021	116
355.241	131
355.462	128
355.682	106
355.902	133
356.122	101
356.342	110
356.562	107
356.782	119
357.002	112
357.222	126
357.442	135
357.662	126
357.883	110
358.103	127
358.323	87
358.543	117
358.763	150
358.983	121
359.203	123
359.423	128
359.643	128
359.863	115
360.084	112
360.304	108
360.524	110
360.744	116
360.964	124
361.184	125
361.404	134
361.624	105
361.844	132
362.065	124
362.285	133
362.505	134
362.725	106
362.945	132
363.165	127
363.385	118
363.605	130
363.825	84
364.045	130
364.265	126
364.486	118
364.706	116
364.926	115
365.146	103
365.366	112
365.586	97
365.806	111
366.026	134
366.246	140
366.467	125
366.687	125
366.907	126
367.127	126
367.347	111
367.567	143
367.787	118
368.007	130
368.227	121
368.447	123
368.667	131
368.888	128
369.108	104
369.328	116
369.548	122
369.768	124
369.988	114
370.208	120
370.428	128
370.648	117
370.868	119
371.089	104
371.309	98
371.529	113
371.749	120
371.969	125
372.189	105
372.409	98
372.629	130
372.849	136
373.07	118
373.29	119
373.51	113
373.73	108
373.95	113
374.17	117
374.39	110
374.61	114
374.83	104
375.05	102
375.27	124
375.491	88
375.711	119
375.931	115
376.151	127
376.371	126
376.591	95
376.811	109
377.031	106
377.251	134
377.471	107
377.692	121
377.912	122
378.132	121
378.352	126
378.572	116
378.792	121
379.012	124
379.232	116
379.452	132
379.672	109
379.893	140
380.113	126
380.333	114
380.553	112
380.773	109
380.993	105
381.213	111
381.433	113
381.653	115
381.873	129
382.094	109
382.314	113
382.534	126
382.754	120
382.974	116
383.194	119
383.414	114
383.634	111
383.854	109
384.075	118
384.295	119
384.515	119
384.735	118
384.955	97
385.175	110
385.395	109
385.615	101
385.835	108
386.055	102
386.275	109
386.496	126
386.716	114
386.936	112
387.156	118
387.376	107
387.596	108
387.816	127
388.036	98
388.256	117
388.476	104
388.697	136
388.917	112
389.137	114
389.357	153
389.577	116
389.797	102
390.017	117
390.237	120
390.457	122
390.678	132
390.898	111
391.118	119
391.338	105
391.558	109
391.778	127
391.998	113
392.218	117
392.438	129
392.658	131
392.878	102
393.099	123
393.319	128
393.539	115
393.759	122
393.979	124
394.199	132
394.419	98
394.639	106
394.859	129
395.08	121
395.3	122
395.52	114
395.74	108
395.96	147
396.18	127
396.4	125
396.62	121
396.84	133
397.06	119
397.28	127
397.501	132
397.721	113
397.941	114
398.161	131
398.381	122
398.601	133
398.821	130
399.041	133
399.261	118
399.481	127
399.702	126
399.922	117
400.142	105
400.362	131
400.582	124
400.802	135
401.022	122
401.242	130
401.462	119
401.683	122
401.903	121
402.123	115
402.343	120
402.563	126
402.783	117
403.003	126
403.223	118
403.443	133
403.663	129
403.883	131
404.104	130
404.324	120
404.544	114
404.764	133
404.984	140
405.204	140
405.424	120
405.644	143
405.864	129
406.084	137
406.305	112
406.525	115
406.745	122
406.965	126
407.185	133
407.405	128
407.625	150
407.845	117
408.065	135
408.285	123
408.506	125
408.726	124
408.946	133
409.166	130
409.386	135
409.606	134
409.826	102
410.046	122
410.266	145
410.486	140
410.707	123
410.927	123
411.147	135
411.367	121
411.587	145
411.807	123
412.027	128
412.247	116
412.467	131
412.688	136
412.908	139
413.128	131
413.348	138
413.568	128
413.788	155
414.008	134
414.228	124
414.448	150
414.668	138
414.888	140
415.109	121
415.329	140
415.549	135
415.769	129
415.989	136
416.209	147
416.429	135
416.649	120
416.869	139
417.089	140
417.31	121
417.53	112
417.75	133
417.97	118
418.19	153
418.41	145
418.63	146
418.85	143
419.07	127
419.291	132
419.511	143
419.731	146
419.951	131
420.171	139
420.391	151
420.611	153
420.831	128
421.051	146
421.271	133
421.491	138
421.712	129
421.932	144
422.152	154
422.372	141
422.592	140
422.812	126
423.032	155
423.252	160
423.472	156
423.693	156
423.913	142
424.133	160
424.353	120
424.573	128
424.793	139
425.013	136
425.233	125
425.453	158
425.673	148
425.893	136
426.114	137
426.334	147
426.554	131
426.774	133
426.994	155
427.214	131
427.434	141
427.654	159
427.874	136
428.094	128
428.315	131
428.535	165
428.755	151
428.975	118
429.195	150
429.415	158
429.635	145
429.855	150
430.075	151
430.296	150
430.516	123
430.736	153
430.956	139
431.176	161
431.396	146
431.616	156
431.836	150
432.056	157
432.276	143
432.496	139
432.717	147
432.937	140
433.157	132
433.377	141
433.597	159
433.817	153
434.037	147
434.257	120
434.477	146
434.697	128
434.918	156
435.138	154
435.358	150
435.578	145
435.798	158
436.018	158
436.238	154
436.458	139
436.678	161
436.898	154
437.119	156
437.339	150
437.559	164
437.779	159
437.999	124
438.219	145
438.439	165
438.659	179
438.879	157
439.099	160
439.32	160
439.54	159
439.76	160
439.98	130
440.2	134
440.42	155
440.64	136
440.86	150
441.08	139
441.301	160
441.521	138
441.741	165
441.961	129
442.181	165
442.401	174
442.621	164
442.841	163
443.061	163
443.281	157
443.501	170
443.722	146
443.942	177
444.162	170
444.382	167
444.602	167
444.822	180
445.042	159
445.262	166
445.482	169
445.702	155
445.923	157
446.143	149
446.363	165
446.583	153
446.803	169
447.023	183
447.243	169
447.463	164
447.683	174
447.904	164
448.124	156
448.344	150
448.564	145
448.784	166
449.004	174
449.224	158
449.444	179
449.664	187
449.884	170
450.104	172
450.325	155
450.545	142
450.765	163
450.985	165
451.205	184
451.425	166
451.645	165
451.865	163
452.085	170
452.305	186
452.526	170
452.746	153
452.966	177
453.186	181
453.406	156
453.626	164
453.846	200
454.066	148
454.286	172
454.506	170
454.727	172
454.947	174
455.167	158
455.387	165
455.607	200
455.827	204
456.047	169
456.267	172
456.487	177
456.707	187
456.928	192
457.148	170
457.368	173
457.588	175
457.808	193
458.028	158
458.248	172
458.468	187
458.688	170
458.909	191
459.129	191
459.349	198
459.569	179
459.789	161
460.009	189
460.229	171
460.449	157
460.669	185
460.889	202
461.109	181
461.33	178
461.55	200
461.77	171
461.99	180
462.21	182
462.43	159
462.65	205
462.87	155
463.09	183
463.31	198
463.531	167
463.751	181
463.971	204
464.191	181
464.411	195
464.631	178
464.851	187
465.071	190
465.291	231
465.511	172
465.732	182
465.952	172
466.172	183
466.392	181
466.612	201
466.832	193
467.052	184
467.272	217
467.492	186
467.712	179
467.933	151
468.153	181
468.373	199
468.593	193
468.813	171
469.033	177
469.253	209
469.473	151
469.693	192
469.914	195
470.134	175
470.354	196
470.574	167
470.794	160
471.014	170
471.234	183
471.454	202
471.674	170
471.894	179
472.114	192
472.335	196
472.555	168
472.775	162
472.995	153
473.215	171
473.435	169
473.655	137
473.875	159
474.095	172
474.315	161
474.536	166
474.756	157
474.976	159
475.196	155
475.416	189
475.636	170
475.856	169
476.076	155
476.296	150
476.516	143
476.737	159
476.957	144
477.177	131
477.397	138
477.617	134
477.837	141
478.057	126
478.277	126
478.497	138
478.717	135
478.938	113
479.158	148
479.378	121
479.598	132
479.818	102
480.038	110
480.258	132
480.478	126
480.698	104
480.918	107
481.139	113
481.359	113
481.579	93
481.799	110
482.019	104
482.239	103
482.459	97
482.679	101
482.899	90
483.119	103
483.34	102
483.56	106
483.78	90
484	104
484.22	115
484.44	97
484.66	106
484.88	91
485.1	99
485.32	89
485.541	90
485.761	101
485.981	97
486.201	95
486.421	79
486.641	101
486.861	95
487.081	93
487.301	83
487.522	85
487.742	96
487.962	90
488.182	86
488.402	98
488.622	78
488.842	93
489.062	106
489.282	92
489.502	86
489.722	97
489.943	85
490.163	102
490.383	89
490.603	81
490.823	99
491.043	100
491.263	82
491.483	75
491.703	91
491.923	84
492.144	83
492.364	83
492.584	85
492.804	78
493.024	93
493.244	77
493.464	77
493.684	82
493.904	83
494.124	94
494.345	88
494.565	81
494.785	89
495.005	81
495.225	83
495.445	75
495.665	91
495.885	86
496.105	68
496.325	76
496.546	66
496.766	90
496.986	66
497.206	77
497.426	78
497.646	79
497.866	77
498.086	89
498.306	72
498.527	89
498.747	74
498.967	82
499.187	66
499.407	68
499.627	60
499.847	80
500.067	95
500.287	67
500.507	84
500.727	80
500.948	63
501.168	70
501.388	97
501.608	87
501.828	70
502.048	71
502.268	77
502.488	77
502.708	60
502.928	92
503.149	82
503.369	73
503.589	73
503.809	71
504.029	75
504.249	66
504.469	60
504.689	79
504.909	74
505.129	75
505.35	71
505.57	71
505.79	76
506.01	73
506.23	91
506.45	66
506.67	68
506.89	53
507.11	59
507.33	62
507.551	70
507.771	80
507.991	92
508.211	77
508.431	73
508.651	62
508.871	70
509.091	57
509.311	90
509.531	67
509.752	72
509.972	66
510.192	71
510.412	69
510.632	80
510.852	86
511.072	57
511.292	49
511.512	63
511.732	60
511.953	61
512.173	62
512.393	55
512.613	54
512.833	66
513.053	64
513.273	53
513.493	72
513.713	57
513.933	67
514.154	45
514.374	62
514.594	53
514.814	49
515.034	61
515.254	65
515.474	64
515.694	56
515.914	37
516.135	49
516.355	52
516.575	78
516.795	58
517.015	54
517.235	65
517.455	45
517.675	60
517.895	51
518.115	64
518.336	48
518.556	67
518.776	62
518.996	49
519.216	47
519.436	50
519.656	58
519.876	79
520.096	45
520.316	45
520.536	64
520.757	62
520.977	50
521.197	52
521.417	50
521.637	63
521.857	48
522.077	58
522.297	55
522.517	57
522.737	66
522.958	50
523.178	52
523.398	43
523.618	41
523.838	59
524.058	49
524.278	52
524.498	48
524.718	59
524.938	52
525.159	43
525.379	57
525.599	36
525.819	50
526.039	55
526.259	36
526.479	52
526.699	55
526.919	51
527.14	46
527.36	66
527.58	51
527.8	41
528.02	40
528.24	50
528.46	45
528.68	50
528.9	44
529.12	41
529.341	46
529.561	50
529.781	42
530.001	50
530.221	45
530.441	39
530.661	39
530.881	41
531.101	38
531.321	50
531.541	52
531.762	50
531.982	48
532.202	46
532.422	42
532.642	38
532.862	40
533.082	50
533.302	38
533.522	43
533.742	43
533.963	33
534.183	37
534.403	38
534.623	47
534.843	44
535.063	26
535.283	36
535.503	38
535.723	39
535.943	32
536.164	40
536.384	41
536.604	38
536.824	34
537.044	46
537.264	31
537.484	48
537.704	41
537.924	38
538.144	44
538.365	44
538.585	40
538.805	33
539.025	25
539.245	40
539.465	49
539.685	46
539.905	41
540.125	36
540.346	39
540.566	36
540.786	33
541.006	28
541.226	41
541.446	29
541.666	42
541.886	40
542.106	54
542.326	23
542.546	38
542.767	29
542.987	35
543.207	34
543.427	33
543.647	33
543.867	34
544.087	34
544.307	48
544.527	29
544.747	31
544.968	30
545.188	40
545.408	34
545.628	30
545.848	32
546.068	35
546.288	39
546.508	36
546.728	29
546.948	36
547.169	34
547.389	40
547.609	36
547.829	39
548.049	39
548.269	27
548.489	33
548.709	38
548.929	27
549.149	32
549.37	31
549.59	32
549.81	25
550.03	26
550.25	31
550.47	26
550.69	27
550.91	30
551.13	24
551.351	33
551.571	27
551.791	28
552.011	22
552.231	27
552.451	29
552.671	32
552.891	15
553.111	33
553.331	28
553.551	23
553.772	25
553.992	26
554.212	31
554.432	30
554.652	23
554.872	22
555.092	25
555.312	26
555.532	31
555.752	26
555.973	23
556.193	26
556.413	28
556.633	25
556.853	22
557.073	25
557.293	27
557.513	25
557.733	21
557.953	25
558.174	19
558.394	38
558.614	29
558.834	31
559.054	31
559.274	23
559.494	23
559.714	20
559.934	17
560.154	22
560.375	24
560.595	17
560.815	25
561.035	17
561.255	26
561.475	21
561.695	29
561.915	26
562.135	27
562.356	26
562.576	27
562.796	20
563.016	17
563.236	28
563.456	30
563.676	19
563.896	19
564.116	22
564.336	28
564.557	24
564.777	26
564.997	21
565.217	34
565.437	21
565.657	16
565.877	25
566.097	21
566.317	25
566.537	18
566.757	18
566.978	18
567.198	30
567.418	22
567.638	23
567.858	17
568.078	21
568.298	26
568.518	20
568.738	18
568.958	12
569.179	10
569.399	21
569.619	16
569.839	24
570.059	27
570.279	17
570.499	25
570.719	16
570.939	19
571.159	27
571.38	15
571.6	28
571.82	15
572.04	22
572.26	16
572.48	22
572.7	17
572.92	16
573.14	23
573.361	18
573.581	21
573.801	16
574.021	17
574.241	21
574.461	30
574.681	21
574.901	25
575.121	15
575.341	23
575.562	18
575.782	20
576.002	18
576.222	20
576.442	27
576.662	26
576.882	15
577.102	16
577.322	14
577.542	19
577.762	13
577.983	18
578.203	23
578.423	24
578.643	23
578.863	17
579.083	22
579.303	21
579.523	15
579.743	15
579.963	17
580.184	25
580.404	24
580.624	20
580.844	21
581.064	12
581.284	25
581.504	19
581.724	16
581.944	19
582.164	18
582.385	18
582.605	16
582.825	12
583.045	25
583.265	14
583.485	18
583.705	23
583.925	17
584.145	16
584.366	15
584.586	17
584.806	15
585.026	18
585.246	19
585.466	17
585.686	14
585.906	16
586.126	21
586.346	17
586.567	11
586.787	18
587.007	15
587.227	16
587.447	12
587.667	25
587.887	10
588.107	17
588.327	19
588.547	20
588.767	18
588.988	17
589.208	19
589.428	18
589.648	13
589.868	16
590.088	15
590.308	19
590.528	15
590.748	24
590.968	16
591.189	11
591.409	8
591.629	11
591.849	14
592.069	12
592.289	15
592.509	13
592.729	13
592.949	22
593.169	22
593.39	15
593.61	13
593.83	15
594.05	11
594.27	17
594.49	16
594.71	15
594.93	14
595.15	17
595.37	11
595.591	12
595.811	11
596.031	18
596.251	12
596.471	14
596.691	21
596.911	19
597.131	16
597.351	12
597.572	12
597.792	16
598.012	8
598.232	10
598.452	18
598.672	16
598.892	13
599.112	13
599.332	21
599.552	9
599.772	25
599.993	17
600.213	11
600.433	23
600.653	18
600.873	12
601.093	17
601.313	13
601.533	17
601.753	15
601.973	17
602.194	11
602.414	11
602.634	13
602.854	14
603.074	26
603.294	13
603.514	11
603.734	11
603.954	14
604.174	14
604.395	11
604.615	20
604.835	22
605.055	9
605.275	12
605.495	9
605.715	16
605.935	18
606.155	14
606.375	20
606.596	15
606.816	16
607.036	17
607.256	15
607.476	14
607.696	12
607.916	20
608.136	18
608.356	11
608.577	11
608.797	15
609.017	16
609.237	25
609.457	17
609.677	23
609.897	14
610.117	17
610.337	20
610.557	20
610.777	19
610.998	16
611.218	23
611.438	15
611.658	11
611.878	14
612.098	13
612.318	13
612.538	12
612.758	15
612.978	10
613.199	15
613.419	15
613.639	15
613.859	14
614.079	12
614.299	15
614.519	16
614.739	12
614.959	16
615.179	16
615.4	11
615.62	17
615.84	24
616.06	15
616.28	11
616.5	15
616.72	9
616.94	9
617.16	12
617.38	15
617.601	7
617.821	15
618.041	10
618.261	17
618.481	17
618.701	16
618.921	8
619.141	20
619.361	16
619.582	10
619.802	14
620.022	17
620.242	14
620.462	11
620.682	13
620.902	13
621.122	6
621.342	16
621.562	14
621.783	12
622.003	17
622.223	22
622.443	12
622.663	13
622.883	13
623.103	13
623.323	10
623.543	14
623.763	14
623.983	14
624.204	14
624.424	19
624.644	11
624.864	9
625.084	22
625.304	18
625.524	17
625.744	16
625.964	11
626.184	13
626.405	13
626.625	12
626.845	13
627.065	13
627.285	15
627.505	12
627.725	18
627.945	14
628.165	11
628.385	14
628.606	11
628.826	14
629.046	9
629.266	10
629.486	11
629.706	10
629.926	13
630.146	14
630.366	14
630.587	21
630.807	25
631.027	15
631.247	11
631.467	14
631.687	18
631.907	13
632.127	10
632.347	16
632.567	8
632.788	17
633.008	13
633.228	16
633.448	16
633.668	13
633.888	11
634.108	16
634.328	15
634.548	8
634.768	13
634.988	14
635.209	13
635.429	17
635.649	10
635.869	18
636.089	9
636.309	14
636.529	17
636.749	6
636.969	8
637.189	11
637.41	15
637.63	11
637.85	16
638.07	7
638.29	15
638.51	12
638.73	16
638.95	15
639.17	10
639.39	14
639.611	13
639.831	11
640.051	17
640.271	11
640.491	11
640.711	16
640.931	8
641.151	11
641.371	16
641.592	19
641.812	11
642.032	7
642.252	14
642.472	14
642.692	14
642.912	12
643.132	14
643.352	19
643.572	11
643.793	8
644.013	21
644.233	7
644.453	12
644.673	11
644.893	7
645.113	15
645.333	12
645.553	17
645.773	12
645.993	19
646.214	11
646.434	12
646.654	12
646.874	15
647.094	16
647.314	13
647.534	17
647.754	14
647.974	14
648.194	9
648.415	13
648.635	15
648.855	14
649.075	12
649.295	19
649.515	15
649.735	17
649.955	20
650.175	15
650.395	14
650.616	13
650.836	16
651.056	11
651.276	20
651.496	23
651.716	10
651.936	17
652.156	16
652.376	14
652.596	27
652.817	19
653.037	14
653.257	6
653.477	20
653.697	16
653.917	13
654.137	13
654.357	20
654.577	15
654.798	14
655.018	19
655.238	10
655.458	18
655.678	20
655.898	12
656.118	12
656.338	22
656.558	22
656.778	21
656.998	15
657.219	26
657.439	22
657.659	17
657.879	23
658.099	14
658.319	20
658.539	17
658.759	21
658.979	26
659.199	27
659.42	24
659.64	40
659.86	64
660.08	106
660.3	283
660.52	644
660.74	1372
660.96	2586
661.18	4676
661.4	6998
661.621	9239
661.841	10847
662.061	10849
662.281	9686
662.501	7394
662.721	4880
662.941	2846
663.161	1416
663.381	635
663.601	224
663.822	78
664.042	26
664.262	9
664.482	4
664.702	4
664.922	3
665.142	4
665.362	2
665.582	3
665.803	6
666.023	3
666.243	4
666.463	2
666.683	4
666.903	1
667.123	6
667.343	3
667.563	7
667.783	4
668.003	1
668.224	4
668.444	3
668.664	4
668.884	2
669.104	3
669.324	6
669.544	1
669.764	2
669.984	1
670.204	3
670.425	1
670.645	3
670.865	3
671.085	2
671.305	5
671.525	5
671.745	5
671.965	4
672.185	5
672.405	2
672.626	3
672.846	8
673.066	2
673.286	2
673.506	2
673.726	1
673.946	3
674.166	3
674.386	1
674.606	4
674.827	1
675.047	2
675.267	2
675.487	3
675.707	4
675.927	3
676.147	1
676.367	1
676.587	3
676.808	4
677.028	3
677.248	1
677.468	1
677.688	3
677.908	1
678.128	2
678.348	4
678.568	3
678.788	1
679.008	2
679.229	2
679.449	1
679.669	4
679.889	2
680.109	1
680.329	1
680.549	3
680.769	2
680.989	1
681.209	2
681.43	0
681.65	4
681.87	0
682.09	2
682.31	1
682.53	1
682.75	3
682.97	1
683.19	2
683.41	5
683.631	6
683.851	1
684.071	2
684.291	2
684.511	2
684.731	3
684.951	3
685.171	5
685.391	1
685.611	0
685.832	3
686.052	3
686.272	1
686.492	2
686.712	1
686.932	6
687.152	3
687.372	4
687.592	3
687.813	2
688.033	2
688.253	2
688.473	3
688.693	6
688.913	3
689.133	1
689.353	3
689.573	2
689.793	1
690.014	3
690.234	1
690.454	2
690.674	4
690.894	1
691.114	3
691.334	2
691.554	0
691.774	2
691.994	9
692.214	3
692.435	3
692.655	1
692.875	4
693.095	1
693.315	1
693.535	2
693.755	5
693.975	0
694.195	1
694.415	3
694.636	2
694.856	2
695.076	1
695.296	1
695.516	1
695.736	0
695.956	4
696.176	0
696.396	0
696.616	6
696.837	0
697.057	1
697.277	2
697.497	1
697.717	1
697.937	5
698.157	0
698.377	0
698.597	1
698.818	3
699.038	2
699.258	3
699.478	3
699.698	1
699.918	1
700.138	3
700.358	1
700.578	1
700.798	1
701.019	2
701.239	1
701.459	3
701.679	0
701.899	0
702.119	3
702.339	1
702.559	2
702.779	1
702.999	0
703.219	2
703.44	1
703.66	3
703.88	4
704.1	2
704.32	3
704.54	2
704.76	2
704.98	3
705.2	1
705.42	0
705.641	1
705.861	1
706.081	0
706.301	1
706.521	1
706.741	1
706.961	0
707.181	2
707.401	1
707.621	0
707.842	0
708.062	2
708.282	1
708.502	2
708.722	3
708.942	1
709.162	3
709.382	0
709.602	2
709.822	1
710.043	1
710.263	0
710.483	3
710.703	1
710.923	0
711.143	2
711.363	0
711.583	3
711.803	1
712.024	1
712.244	2
712.464	1
712.684	0
712.904	1
713.124	1
713.344	0
713.564	2
713.784	0
714.004	3
714.224	3
714.445	2
714.665	1
714.885	2
715.105	1
715.325	1
715.545	0
715.765	0
715.985	3
716.205	0
716.425	1
716.646	1
716.866	0
717.086	2
717.306	0
717.526	0
717.746	1
717.966	1
718.186	0
718.406	3
718.626	2
718.847	3
719.067	0
719.287	0
719.507	2
719.727	1
719.947	3
720.167	0
720.387	1
720.607	1
720.827	1
721.048	2
721.268	1
721.488	1
721.708	2
721.928	2
722.148	0
722.368	2
722.588	0
722.808	0
723.029	0
723.249	1
723.469	0
723.689	0
723.909	0
724.129	0
724.349	0
724.569	0
724.789	0
725.009	0
725.229	0
725.45	1
725.67	1
725.89	1
726.11	1
726.33	0
726.55	0
726.77	1
726.99	2
727.21	1
727.43	3
727.651	0
727.871	0
728.091	1
728.311	1
728.531	0
728.751	1
728.971	1
729.191	0
729.411	2
729.631	2
729.852	1
730.072	0
730.292	1
730.512	0
730.732	0
730.952	0
731.172	3
731.392	0
731.612	1
731.832	0
732.053	1
732.273	1
732.493	1
732.713	0
732.933	1
733.153	0
733.373	1
733.593	3
733.813	3
734.034	2
734.254	2
734.474	1
734.694	0
734.914	0
735.134	3
735.354	1
735.574	4
735.794	0
736.014	1
736.234	1
736.455	2
736.675	3
736.895	1
737.115	1
737.335	1
737.555	0
737.775	4
737.995	2
738.215	1
738.435	0
738.656	3
738.876	0
739.096	2
739.316	0
739.536	1
739.756	1
739.976	0
740.196	2
740.416	1
740.636	1
740.857	1
741.077	0
741.297	1
741.517	1
741.737	0
741.957	1
742.177	1
742.397	0
742.617	0
742.837	0
743.058	0
743.278	0
743.498	1
743.718	3
743.938	0
744.158	1
744.378	1
744.598	0
744.818	1
745.039	2
745.259	0
745.479	1
745.699	0
745.919	3
746.139	2
746.359	1
746.579	1
746.799	1
747.019	3
747.24	2
747.46	1
747.68	0
747.9	1
748.12	1
748.34	3
748.56	0
748.78	2
749	0
749.22	0
749.44	2
749.661	2
749.881	2
750.101	1
750.321	1
750.541	1
750.761	2
750.981	2
751.201	1
751.421	0
751.641	0
751.862	0
752.082	0
752.302	1
752.522	0
752.742	1
752.962	1
753.182	1
753.402	2
753.622	1
753.842	5
754.063	1
754.283	1
754.503	1
754.723	1
754.943	0
755.163	2
755.383	1
755.603	2
755.823	0
756.043	2
756.264	0
756.484	0
756.704	2
756.924	0
757.144	3
757.364	1
757.584	1
757.804	0
758.024	0
758.245	0
758.465	0
758.685	1
758.905	2
759.125	3
759.345	2
759.565	1
759.785	1
760.005	0
760.225	2
760.445	0
760.666	1
760.886	4
761.106	1
761.326	1
761.546	0
761.766	0
761.986	2
762.206	0
762.426	0
762.646	0
762.867	1
763.087	0
763.307	2
763.527	0
763.747	2
763.967	1
764.187	2
764.407	0
764.627	2
764.847	0
765.068	1
765.288	1
765.508	1
765.728	1
765.948	2
766.168	1
766.388	5
766.608	3
766.828	2
767.048	0
767.269	2
767.489	2
767.709	0
767.929	1
768.149	1
768.369	4
768.589	1
768.809	0
769.029	2
769.25	2
769.47	1
769.69	1
769.91	1
770.13	2
770.35	3
770.57	1
770.79	1
771.01	1
771.23	2
771.45	1
771.671	0
771.891	2
772.111	1
772.331	0
772.551	1
772.771	1
772.991	3
773.211	0
773.431	2
773.651	2
773.872	0
774.092	5
774.312	2
774.532	0
774.752	1
774.972	2
775.192	3
775.412	2
775.632	0
775.852	2
776.073	1
776.293	0
776.513	2
776.733	2
776.953	1
777.173	1
777.393	1
777.613	1
777.833	1
778.053	0
778.274	1
778.494	4
778.714	0
778.934	1
779.154	0
779.374	0
779.594	0
779.814	1
780.034	2
780.255	0
780.475	0
780.695	0
780.915	1
781.135	1
781.355	1
781.575	0
781.795	2
782.015	2
782.235	0
782.455	0
782.676	2
782.896	1
783.116	0
783.336	3
783.556	2
783.776	1
783.996	2
784.216	1
784.436	0
784.656	0
784.877	0
785.097	0
785.317	2
785.537	0
785.757	1
785.977	1
786.197	0
786.417	1
786.637	2
786.857	0
787.078	0
787.298	3
787.518	0
787.738	1
787.958	1
788.178	0
788.398	0
788.618	2
788.838	1
789.058	1
789.279	1
789.499	0
789.719	1
789.939	1
790.159	1
790.379	1
790.599	0
790.819	1
791.039	0
791.26	0
791.48	0
791.7	0
791.92	0
792.14	0
792.36	0
792.58	0
792.8	0
793.02	2
793.24	0
793.46	1
793.681	3
793.901	1
794.121	0
794.341	2
794.561	0
794.781	1
795.001	3
795.221	1
795.441	0
795.661	1
795.882	0
796.102	0
796.322	0
796.542	2
796.762	1
796.982	0
797.202	1
797.422	1
797.642	0
797.862	1
798.083	1
798.303	0
798.523	0
798.743	3
798.963	1
799.183	0
799.403	0
799.623	1
799.843	1
800.063	0
800.284	1
800.504	1
800.724	2
800.944	1
801.164	1
801.384	2
801.604	1
801.824	0
802.044	0
802.265	1
802.485	2
802.705	0
802.925	0
803.145	0
803.365	0
803.585	2
803.805	1
804.025	1
804.245	0
804.466	1
804.686	2
804.906	0
805.126	1
805.346	2
805.566	1
805.786	2
806.006	1
806.226	1
806.446	2
806.666	0
806.887	0
807.107	2
807.327	1
807.547	0
807.767	1
807.987	1
808.207	3
808.427	0
808.647	2
808.867	1
809.088	0
809.308	1
809.528	0
809.748	0
809.968	1
810.188	1
810.408	0
810.628	2
810.848	1
811.068	2
811.289	1
811.509	2
811.729	0
811.949	2
812.169	0
812.389	0
812.609	0
812.829	0
813.049	0
813.269	0
813.49	0
813.71	0
813.93	1
814.15	0
814.37	0
814.59	1
814.81	0
815.03	0
815.25	0
815.471	0
815.691	0
815.911	0
816.131	0
816.351	1
816.571	0
816.791	1
817.011	0
817.231	2
817.451	0
817.671	0
817.892	1
818.112	0
818.332	0
818.552	0
818.772	1
818.992	0
819.212	2
819.432	1
819.652	0
819.872	2
820.093	1
820.313	0
820.533	1
820.753	0
820.973	1
821.193	3
821.413	0
821.633	0
821.853	1
822.073	0
822.294	0
822.514	0
822.734	0
822.954	1
823.174	2
823.394	1
823.614	1
823.834	1
824.054	0
824.274	0
824.495	2
824.715	2
824.935	1
825.155	0
825.375	1
825.595	2
825.815	1
826.035	1
826.255	0
826.476	0
826.696	1
826.916	0
827.136	0
827.356	1
827.576	3
827.796	1
828.016	2
828.236	0
828.456	1
828.676	1
828.897	2
829.117	1
829.337	3
829.557	0
829.777	1
829.997	0
830.217	0
830.437	0
830.657	0
830.877	0
831.098	0
831.318	1
831.538	1
831.758	0
831.978	0
832.198	0
832.418	0
832.638	1
832.858	1
833.078	0
833.299	0
833.519	0
833.739	0
833.959	0
834.179	1
834.399	0
834.619	1
834.839	0
835.059	0
835.279	1
835.5	1
835.72	0
835.94	1
836.16	0
836.38	0
836.6	2
836.82	1
837.04	1
837.26	0
837.481	0
837.701	1
837.921	1
838.141	0
838.361	2
838.581	2
838.801	1
839.021	0
839.241	2
839.461	0
839.681	0
839.902	1
840.122	0
840.342	1
840.562	0
840.782	0
841.002	2
841.222	1
841.442	0
841.662	0
841.882	0
842.103	1
842.323	0
842.543	0
842.763	1
842.983	0
843.203	0
843.423	1
843.643	1
843.863	0
844.083	1
844.304	0
844.524	0
844.744	0
844.964	0
845.184	2
845.404	1
845.624	0
845.844	1
846.064	1
846.284	0
846.505	0
846.725	0
846.945	0
847.165	0
847.385	0
847.605	1
847.825	0
848.045	0
848.265	2
848.486	1
848.706	0
848.926	0
849.146	1
849.366	0
849.586	0
849.806	0
850.026	0
850.246	0
850.466	0
850.686	0
850.907	2
851.127	2
851.347	0
851.567	1
851.787	1
852.007	0
852.227	0
852.447	0
852.667	2
852.887	1
853.108	2
853.328	0
853.548	0
853.768	0
853.988	1
854.208	1
854.428	2
854.648	1
854.868	0
855.088	1
855.309	1
855.529	1
855.749	0
855.969	0
856.189	0
856.409	0
856.629	1
856.849	0
857.069	0
857.289	0
857.51	1
857.73	0
857.95	2
858.17	1
858.39	0
858.61	1
858.83	0
859.05	0
859.27	0
859.491	2
859.711	0
859.931	1
860.151	3
860.371	0
860.591	1
860.811	0
861.031	0
861.251	0
861.471	0
861.691	0
861.912	1
862.132	0
862.352	2
862.572	0
862.792	1
863.012	0
863.232	0
863.452	0
863.672	1
863.892	1
864.113	0
864.333	0
864.553	0
864.773	1
864.993	0
865.213	0
865.433	0
865.653	1
865.873	0
866.093	0
866.314	0
866.534	0
866.754	0
866.974	0
867.194	0
867.414	0
867.634	0
867.854	0
868.074	2
868.294	2
868.515	0
868.735	0
868.955	0
869.175	2
869.395	0
869.615	1
869.835	1
870.055	0
870.275	0
870.495	0
870.716	0
870.936	0
871.156	0
871.376	0
871.596	0
871.816	0
872.036	2
872.256	2
872.476	0
872.697	1
872.917	0
873.137	1
873.357	0
873.577	1
873.797	0
874.017	2
874.237	1
874.457	1
874.677	2
874.897	1
875.118	0
875.338	1
875.558	1
875.778	1
875.998	2
876.218	0
876.438	0
876.658	0
876.878	1
877.098	1
877.319	0
877.539	0
877.759	0
877.979	1
878.199	1
878.419	0
878.639	2
878.859	1
879.079	0
879.299	0
879.52	1
879.74	0
879.96	1
880.18	0
880.4	0
880.62	1
880.84	0
881.06	1
881.28	1
881.5	0
881.721	0
881.941	1
882.161	1
882.381	1
882.601	0
882.821	0
883.041	0
883.261	0
883.481	0
883.702	0
883.922	0
884.142	1
884.362	1
884.582	1
884.802	0
885.022	1
885.242	1
885.462	1
885.682	0
885.902	0
886.123	0
886.343	0
886.563	2
886.783	1
887.003	0
887.223	2
887.443	0
887.663	1
887.883	0
888.103	0
888.324	0
888.544	1
888.764	0
888.984	1
889.204	0
889.424	0
889.644	0
889.864	1
890.084	0
890.304	3
890.525	0
890.745	0
890.965	2
891.185	0
891.405	2
891.625	2
891.845	0
892.065	0
892.285	1
892.505	1
892.726	0
892.946	0
893.166	1
893.386	0
893.606	0
893.826	0
894.046	0
894.266	1
894.486	1
894.707	0
894.927	0
895.147	1
895.367	1
895.587	1
895.807	1
896.027	2
896.247	1
896.467	0
896.687	0
896.907	0
897.128	0
897.348	0
897.568	0
897.788	1
898.008	1
898.228	0
898.448	1
898.668	0
898.888	1
899.108	0
899.329	1
899.549	0
899.769	0
899.989	0
900.209	0
900.429	3
900.649	0
900.869	2
901.089	1
901.309	0
901.53	1
901.75	0
901.97	1
902.19	0
902.41	2
902.63	0
902.85	1
903.07	1
903.29	1
903.51	0
903.731	1
903.951	1
904.171	0
904.391	1
904.611	1
904.831	0
905.051	2
905.271	1
905.491	1
905.712	2
905.932	0
906.152	0
906.372	0
906.592	2
906.812	0
907.032	0
907.252	0
907.472	1
907.692	2
907.912	1
908.133	2
908.353	0
908.573	0
908.793	0
909.013	1
909.233	0
909.453	1
909.673	1
909.893	0
910.113	0
910.334	0
910.554	0
910.774	1
910.994	0
911.214	0
911.434	0
911.654	1
911.874	0
912.094	1
912.314	4
912.535	4
912.755	1
912.975	3
913.195	2
913.415	1
913.635	2
913.855	1
914.075	0
914.295	1
914.515	0
914.736	0
914.956	0
915.176	1
915.396	0
915.616	0
915.836	1
916.056	0
916.276	0
916.496	0
916.717	1
916.937	2
917.157	0
917.377	2
917.597	0
917.817	0
918.037	0
918.257	1
918.477	1
918.697	1
918.917	2
919.138	0
919.358	0
919.578	0
919.798	0
920.018	1
920.238	0
920.458	0
920.678	0
920.898	1
921.118	0
921.339	3
921.559	1
921.779	1
921.999	1
922.219	2
922.439	2
922.659	1
922.879	1
923.099	0
923.319	0
923.54	1
923.76	0
923.98	0
924.2	1
924.42	0
924.64	0
924.86	0
925.08	0
925.3	1
925.52	1
925.741	0
925.961	0
926.181	0
926.401	0
926.621	0
926.841	0
927.061	1
927.281	0
927.501	0
927.721	0
927.942	1
928.162	0
928.382	0
928.602	0
928.822	0
929.042	0
929.262	1
929.482	0
929.702	1
929.923	0
930.143	0
930.363	1
930.583	0
930.803	0
931.023	4
931.243	0
931.463	2
931.683	0
931.903	1
932.123	0
932.344	4
932.564	1
932.784	1
933.004	0
933.224	1
933.444	0
933.664	0
933.884	1
934.104	0
934.324	1
934.545	3
934.765	0
934.985	2
935.205	0
935.425	0
935.645	1
935.865	1
936.085	0
936.305	0
936.525	0
936.746	1
936.966	1
937.186	0
937.406	2
937.626	1
937.846	3
938.066	1
938.286	1
938.506	1
938.726	0
938.947	1
939.167	2
939.387	0
939.607	1
939.827	0
940.047	2
940.267	3
940.487	0
940.707	0
940.928	0
941.148	0
941.368	0
941.588	1
941.808	0
942.028	1
942.248	0
942.468	0
942.688	1
942.908	0
943.128	0
943.349	0
943.569	1
943.789	0
944.009	2
944.229	0
944.449	0
944.669	0
944.889	1
945.109	1
945.329	1
945.55	1
945.77	1
945.99	0
946.21	2
946.43	1
946.65	2
946.87	0
947.09	1
947.31	0
947.53	1
947.751	1
947.971	0
948.191	0
948.411	1
948.631	0
948.851	1
949.071	0
949.291	0
949.511	0
949.731	1
949.952	0
950.172	0
950.392	1
950.612	3
950.832	0
951.052	0
951.272	2
951.492	0
951.712	0
951.933	1
952.153	0
952.373	0
952.593	0
952.813	0
953.033	1
953.253	0
953.473	1
953.693	0
953.913	0
954.133	0
954.354	0
954.574	0
954.794	1
955.014	2
955.234	0
955.454	0
955.674	1
955.894	0
956.114	0
956.334	0
956.555	0
956.775	0
956.995	0
957.215	1
957.435	0
957.655	0
957.875	2
958.095	0
958.315	0
958.535	0
958.756	2
958.976	0
959.196	0
959.416	0
959.636	0
959.856	0
960.076	1
960.296	0
960.516	0
960.736	0
960.957	2
961.177	0
961.397	0
961.617	0
961.837	0
962.057	0
962.277	1
962.497	1
962.717	0
962.938	0
963.158	0
963.378	0
963.598	0
963.818	0
964.038	0
964.258	1
964.478	0
964.698	0
964.918	1
965.138	1
965.359	2
965.579	0
965.799	1
966.019	0
966.239	0
966.459	2
966.679	0
966.899	0
967.119	0
967.339	0
967.56	0
967.78	1
968	0
968.22	0
968.44	0
968.66	1
968.88	0
969.1	0
969.32	2
969.54	0
969.761	1
969.981	2
970.201	2
970.421	2
970.641	0
970.861	1
971.081	0
971.301	1
971.521	1
971.741	0
971.962	0
972.182	0
972.402	0
972.622	0
972.842	0
973.062	1
973.282	0
973.502	2
973.722	0
973.943	0
974.163	0
974.383	0
974.603	0
974.823	0
975.043	0
975.263	0
975.483	0
975.703	0
975.923	1
976.143	0
976.364	0
976.584	1
976.804	0
977.024	1
977.244	0
977.464	0
977.684	2
977.904	0
978.124	1
978.344	0
978.565	1
978.785	0
979.005	0
979.225	1
979.445	1
979.665	1
979.885	3
980.105	0
980.325	0
980.545	2
980.766	0
980.986	0
981.206	0
981.426	0
981.646	0
981.866	1
982.086	0
982.306	0
982.526	0
982.746	0
982.967	0
983.187	1
983.407	0
983.627	0
983.847	0
984.067	1
984.287	0
984.507	0
984.727	1
984.947	0
985.168	1
985.388	0
985.608	0
985.828	0
986.048	2
986.268	2
986.488	2
986.708	0
986.928	1
987.148	0
987.369	0
987.589	0
987.809	0
988.029	0
988.249	0
988.469	0
988.689	0
988.909	1
989.129	0
989.349	0
989.57	0
989.79	0
990.01	0
990.23	0
990.45	1
990.67	0
990.89	0
991.11	0
991.33	0
991.55	2
991.771	1
991.991	0
992.211	1
992.431	0
992.651	1
992.871	1
993.091	0
993.311	0
993.531	0
993.751	0
993.972	1
994.192	2
994.412	0
994.632	0
994.852	0
995.072	0
995.292	0
995.512	2
995.732	1
995.952	0
996.173	1
996.393	0
996.613	0
996.833	0
997.053	0
997.273	0
997.493	0
997.713	1
997.933	0
998.154	0
998.374	0
998.594	2
998.814	0
999.034	1
999.254	1
999.474	2
999.694	0
999.914	0
1000.13	0
1000.35	2
1000.57	0
1000.79	0
1001.01	0
1001.23	1
1001.45	0
1001.68	1
1001.9	0
1002.12	0
1002.34	0
1002.56	1
1002.78	0
1003	0
1003.22	1
1003.44	0
1003.66	0
1003.88	0
1004.1	0
1004.32	0
1004.54	0
1004.76	0
1004.98	0
1005.2	1
1005.42	0
1005.64	1
1005.86	0
1006.08	1
1006.3	0
1006.52	0
1006.74	0
1006.96	2
1007.18	0
1007.4	0
1007.62	1
1007.84	1
1008.06	0
1008.28	2
1008.5	0
1008.72	0
1008.94	0
1009.16	1
1009.38	0
1009.6	1
1009.82	1
1010.04	1
1010.26	0
1010.48	0
1010.7	0
1010.92	0
1011.14	0
1011.36	1
1011.58	1
1011.8	0
1012.02	0
1012.24	0
1012.46	0
1012.68	0
1012.9	2
1013.12	1
1013.34	1
1013.56	1
1013.78	0
1014	0
1014.22	1
1014.44	0
1014.66	0
1014.88	0
1015.1	0
1015.32	0
1015.54	1
1015.76	0
1015.98	1
1016.2	0
1016.42	1
1016.64	0
1016.86	0
1017.08	0
1017.3	0
1017.52	1
1017.74	1
1017.96	0
1018.18	0
1018.4	1
1018.62	0
1018.84	0
1019.06	2
1019.28	0
1019.5	0
1019.72	0
1019.94	0
1020.16	2
1020.38	0
1020.6	0
1020.82	1
1021.04	1
1021.26	0
1021.48	1
1021.7	0
1021.92	0
1022.14	2
1022.36	1
1022.58	0
1022.8	1
1023.02	0
1023.24	1
1023.46	0
1023.69	0
1023.91	0
1024.13	0
1024.35	0
1024.57	0
1024.79	0
1025.01	0
1025.23	0
1025.45	1
1025.67	2
1025.89	1
1026.11	0
1026.33	0
1026.55	1
1026.77	0
1026.99	0
1027.21	1
1027.43	0
1027.65	0
1027.87	0
1028.09	0
1028.31	0
1028.53	1
1028.75	1
1028.97	0
1029.19	0
1029.41	0
1029.63	1
1029.85	0
1030.07	1
1030.29	0
1030.51	1
1030.73	0
1030.95	1
1031.17	0
1031.39	1
1031.61	0
1031.83	0
1032.05	0
1032.27	0
1032.49	1
1032.71	1
1032.93	1
1033.15	0
1033.37	0
1033.59	1
1033.81	0
1034.03	0
1034.25	1
1034.47	0
1034.69	1
1034.91	0
1035.13	0
1035.35	1
1035.57	0
1035.79	0
1036.01	1
1036.23	0
1036.45	0
1036.67	2
1036.89	0
1037.11	0
1037.33	1
1037.55	0
1037.77	0
1037.99	0
1038.21	0
1038.43	0
1038.65	1
1038.87	0
1039.09	0
1039.31	0
1039.53	0
1039.75	2
1039.97	0
1040.19	0
1040.41	1
1040.63	0
1040.85	1
1041.07	0
1041.29	1
1041.51	1
1041.73	0
1041.95	0
1042.17	0
1042.39	1
1042.61	0
1042.83	0
1043.05	2
1043.27	1
1043.49	0
1043.71	1
1043.93	0
1044.15	0
1044.37	2
1044.59	0
1044.81	0
1045.03	0
1045.25	1
1045.47	0
1045.7	0
1045.92	0
1046.14	1
1046.36	0
1046.58	0
1046.8	0
1047.02	0
1047.24	0
1047.46	1
1047.68	1
1047.9	0
1048.12	0
1048.34	0
1048.56	0
1048.78	0
1049	0
1049.22	0
1049.44	0
1049.66	0
1049.88	0
1050.1	1
1050.32	0
1050.54	1
1050.76	0
1050.98	1
1051.2	0
1051.42	0
1051.64	0
1051.86	1
1052.08	0
1052.3	1
1052.52	0
1052.74	0
1052.96	0
1053.18	0
1053.4	2
1053.62	1
1053.84	1
1054.06	2
1054.28	0
1054.5	0
1054.72	1
1054.94	0
1055.16	0
1055.38	2
1055.6	1
1055.82	0
1056.04	0
1056.26	0
1056.48	0
1056.7	0
1056.92	0
1057.14	1
1057.36	0
1057.58	0
1057.8	0
1058.02	0
1058.24	0
1058.46	0
1058.68	0
1058.9	0
1059.12	0
1059.34	0
1059.56	1
1059.78	0
1060	1
1060.22	0
1060.44	0
1060.66	0
1060.88	0
1061.1	0
1061.32	0
1061.54	0
1061.76	2
1061.98	0
1062.2	0
1062.42	0
1062.64	0
1062.86	0
1063.08	0
1063.3	0
1063.52	1
1063.74	0
1063.96	1
1064.18	0
1064.4	0
1064.62	1
1064.84	0
1065.06	1
1065.28	1
1065.5	1
1065.72	0
1065.94	0
1066.16	0
1066.38	0
1066.6	1
1066.82	0
1067.04	0
1067.26	1
1067.48	1
1067.71	0
1067.93	0
1068.15	0
1068.37	0
1068.59	1
1068.81	1
1069.03	0
1069.25	0
1069.47	1
1069.69	0
1069.91	0
1070.13	0
1070.35	0
1070.57	0
1070.79	1
1071.01	1
1071.23	0
1071.45	0
1071.67	0
1071.89	0
1072.11	0
1072.33	0
1072.55	0
1072.77	0
1072.99	1
1073.21	0
1073.43	0
1073.65	1
1073.87	0
1074.09	0
1074.31	0
1074.53	0
1074.75	0
1074.97	1
1075.19	0
1075.41	0
1075.63	0
1075.85	1
1076.07	0
1076.29	1
1076.51	1
1076.73	0
1076.95	0
1077.17	0
1077.39	0
1077.61	1
1077.83	0
1078.05	2
1078.27	0
1078.49	0
1078.71	0
1078.93	0
1079.15	0
1079.37	0
1079.59	1
1079.81	1
1080.03	2
1080.25	0
1080.47	0
1080.69	1
1080.91	0
1081.13	0
1081.35	1
1081.57	0
1081.79	0
1082.01	0
1082.23	0
1082.45	0
1082.67	0
1082.89	1
1083.11	0
1083.33	0
1083.55	0
1083.77	0
1083.99	0
1084.21	0
1084.43	1
1084.65	0
1084.87	2
1085.09	1
1085.31	0
1085.53	0
1085.75	1
1085.97	0
1086.19	0
1086.41	0
1086.63	1
1086.85	0
1087.07	0
1087.29	1
1087.51	0
1087.73	1
1087.95	0
1088.17	2
1088.39	0
1088.61	1
1088.83	1
1089.05	0
1089.27	0
1089.49	0
1089.72	0
1089.94	0
1090.16	2
1090.38	0
1090.6	0
1090.82	1
1091.04	0
1091.26	0
1091.48	1
1091.7	0
1091.92	0
1092.14	1
1092.36	0
1092.58	0
1092.8	0
1093.02	0
1093.24	1
1093.46	0
1093.68	0
1093.9	0
1094.12	0
1094.34	0
1094.56	1
1094.78	0
1095	0
1095.22	0
1095.44	0
1095.66	0
1095.88	1
1096.1	0
1096.32	0
1096.54	0
1096.76	1
1096.98	0
1097.2	0
1097.42	1
1097.64	1
1097.86	0
1098.08	0
1098.3	3
1098.52	0
1098.74	0
1098.96	0
1099.18	1
1099.4	0
1099.62	3
1099.84	2
1100.06	0
1100.28	0
1100.5	0
1100.72	0
1100.94	2
1101.16	0
1101.38	0
1101.6	1
1101.82	1
1102.04	1
1102.26	0
1102.48	0
1102.7	4
1102.92	0
1103.14	0
1103.36	1
1103.58	0
1103.8	0
1104.02	0
1104.24	0
1104.46	0
1104.68	0
1104.9	0
1105.12	0
1105.34	0
1105.56	0
1105.78	0
1106	1
1106.22	0
1106.44	0
1106.66	0
1106.88	0
1107.1	0
1107.32	0
1107.54	0
1107.76	2
1107.98	0
1108.2	0
1108.42	0
1108.64	0
1108.86	0
1109.08	0
1109.3	0
1109.52	1
1109.74	0
1109.96	0
1110.18	1
1110.4	0
1110.62	0
1110.84	0
1111.06	0
1111.28	1
1111.5	0
1111.73	0
1111.95	0
1112.17	1
1112.39	0
1112.61	0
1112.83	2
1113.05	1
1113.27	0
1113.49	1
1113.71	2
1113.93	0
1114.15	0
1114.37	0
1114.59	0
1114.81	1
1115.03	1
1115.25	0
1115.47	0
1115.69	0
1115.91	2
1116.13	0
1116.35	0
1116.57	1
1116.79	0
1117.01	1
1117.23	0
1117.45	1
1117.67	0
1117.89	0
1118.11	0
1118.33	0
1118.55	1
1118.77	0
1118.99	0
1119.21	0
1119.43	0
1119.65	1
1119.87	1
1120.09	0
1120.31	2
1120.53	0
1120.75	1
1120.97	1
1121.19	1
1121.41	0
1121.63	0
1121.85	1
1122.07	0
1122.29	1
1122.51	1
1122.73	2
1122.95	0
1123.17	1
1123.39	0
1123.61	1
1123.83	1
1124.05	0
1124.27	0
1124.49	0
1124.71	1
1124.93	0
1125.15	0
1125.37	0
1125.59	0
1125.81	0
1126.03	0
1126.25	0
1126.47	0
1126.69	0
1126.91	0
1127.13	0
1127.35	0
1127.57	2
1127.79	0
1128.01	0
1128.23	1
1128.45	1
1128.67	0
1128.89	0
1129.11	0
1129.33	0
1129.55	1
1129.77	1
1129.99	1
1130.21	0
1130.43	0
1130.65	0
1130.87	0
1131.09	0
1131.31	0
1131.53	0
1131.75	1
1131.97	0
1132.19	0
1132.41	0
1132.63	0
1132.85	1
1133.07	1
1133.29	1
1133.51	0
1133.74	0
1133.96	0
1134.18	0
1134.4	0
1134.62	0
1134.84	0
1135.06	2
1135.28	1
1135.5	2
1135.72	0
1135.94	1
1136.16	0
1136.38	1
1136.6	0
1136.82	0
1137.04	0
1137.26	0
1137.48	0
1137.7	0
1137.92	0
1138.14	0
1138.36	1
1138.58	0
1138.8	0
1139.02	0
1139.24	0
1139.46	0
1139.68	1
1139.9	0
1140.12	0
1140.34	1
1140.56	0
1140.78	0
1141	0
1141.22	0
1141.44	0
1141.66	0
1141.88	1
1142.1	0
1142.32	0
1142.54	0
1142.76	2
1142.98	0
1143.2	1
1143.42	0
1143.64	1
1143.86	0
1144.08	0
1144.3	0
1144.52	0
1144.74	1
1144.96	1
1145.18	1
1145.4	0
1145.62	0
1145.84	0
1146.06	0
1146.28	0
1146.5	0
1146.72	0
1146.94	0
1147.16	0
1147.38	0
1147.6	0
1147.82	0
1148.04	0
1148.26	0
1148.48	0
1148.7	0
1148.92	0
1149.14	0
1149.36	0
1149.58	0
1149.8	0
1150.02	0
1150.24	0
1150.46	0
1150.68	0
1150.9	0
1151.12	1
1151.34	0
1151.56	0
1151.78	0
1152	0
1152.22	0
1152.44	0
1152.66	0
1152.88	0
1153.1	0
1153.32	0
1153.54	0
1153.76	0
1153.98	0
1154.2	0
1154.42	0
1154.64	0
1154.86	0
1155.08	0
1155.3	0
1155.52	0
1155.75	0
1155.97	0
1156.19	0
1156.41	1
1156.63	0
1156.85	0
1157.07	1
1157.29	1
1157.51	1
1157.73	0
1157.95	0
1158.17	0
1158.39	0
1158.61	0
1158.83	0
1159.05	0
1159.27	0
1159.49	1
1159.71	2
1159.93	0
1160.15	1
1160.37	0
1160.59	0
1160.81	0
1161.03	0
1161.25	0
1161.47	1
1161.69	0
1161.91	1
1162.13	0
1162.35	0
1162.57	0
1162.79	0
1163.01	0
1163.23	0
1163.45	0
1163.67	0
1163.89	0
1164.11	0
1164.33	0
1164.55	0
1164.77	0
1164.99	0
1165.21	1
1165.43	0
1165.65	0
1165.87	0
1166.09	0
1166.31	0
1166.53	0
1166.75	0
1166.97	0
1167.19	0
1167.41	0
1167.63	0
1167.85	0
1168.07	0
1168.29	1
1168.51	0
1168.73	0
1168.95	0
1169.17	0
1169.39	0
1169.61	0
1169.83	0
1170.05	0
1170.27	0
1170.49	1
1170.71	1
1170.93	0
1171.15	0
1171.37	1
1171.59	0
1171.81	1
1172.03	0
1172.25	1
1172.47	0
1172.69	0
1172.91	0
1173.13	0
1173.35	1
1173.57	0
1173.79	0
1174.01	0
1174.23	0
1174.45	1
1174.67	1
1174.89	3
1175.11	4
1175.33	1
1175.55	0
1175.77	2
1175.99	12
1176.21	6
1176.43	3
1176.65	4
1176.87	5
1177.09	5
1177.31	4
1177.53	3
1177.76	0
1177.98	0
1178.2	2
1178.42	1
1178.64	1
1178.86	0
1179.08	0
1179.3	0
1179.52	1
1179.74	0
1179.96	0
1180.18	0
1180.4	0
1180.62	0
1180.84	1
1181.06	1
1181.28	0
1181.5	1
1181.72	0
1181.94	0
1182.16	1
1182.38	0
1182.6	0
1182.82	0
1183.04	0
1183.26	0
1183.48	0
1183.7	0
1183.92	1
1184.14	0
1184.36	0
1184.58	0
1184.8	0
1185.02	0
1185.24	0
1185.46	1
1185.68	0
1185.9	0
1186.12	0
1186.34	0
1186.56	0
1186.78	0
1187	0
1187.22	0
1187.44	1
1187.66	0
1187.88	0
1188.1	0
1188.32	1
1188.54	0
1188.76	0
1188.98	0
1189.2	0
1189.42	0
1189.64	0
1189.86	0
1190.08	0
1190.3	0
1190.52	0
1190.74	0
1190.96	0
1191.18	0
1191.4	1
1191.62	0
1191.84	0
1192.06	0
1192.28	0
1192.5	1
1192.72	0
1192.94	0
1193.16	0
1193.38	1
1193.6	0
1193.82	0
1194.04	1
1194.26	0
1194.48	0
1194.7	0
1194.92	1
1195.14	1
1195.36	0
1195.58	0
1195.8	0
1196.02	0
1196.24	0
1196.46	1
1196.68	0
1196.9	1
1197.12	0
1197.34	0
1197.56	0
1197.78	0
1198	0
1198.22	0
1198.44	0
1198.66	0
1198.88	0
1199.1	0
1199.32	0
1199.54	0
1199.77	0
1199.99	1
1200.21	0
1200.43	0
1200.65	0
1200.87	1
1201.09	0
1201.31	0
1201.53	0
1201.75	1
1201.97	3
1202.19	0
1202.41	0
1202.63	0
1202.85	0
1203.07	0
1203.29	0
1203.51	2
1203.73	0
1203.95	0
1204.17	0
1204.39	0
1204.61	0
1204.83	0
1205.05	0
1205.27	0
1205.49	0
1205.71	1
1205.93	0
1206.15	0
1206.37	0
1206.59	0
1206.81	0
1207.03	0
1207.25	0
1207.47	0
1207.69	1
1207.91	0
1208.13	0
1208.35	0
1208.57	0
1208.79	0
1209.01	0
1209.23	0
1209.45	0
1209.67	0
1209.89	0
1210.11	0
1210.33	0
1210.55	0
1210.77	0
1210.99	0
1211.21	0
1211.43	0
1211.65	0
1211.87	0
1212.09	0
1212.31	1
1212.53	0
1212.75	1
1212.97	0
1213.19	0
1213.41	1
1213.63	0
1213.85	0
1214.07	0
1214.29	1
1214.51	1
1214.73	0
1214.95	1
1215.17	0
1215.39	0
1215.61	0
1215.83	0
1216.05	0
1216.27	0
1216.49	0
1216.71	0
1216.93	1
1217.15	0
1217.37	1
1217.59	0
1217.81	0
1218.03	0
1218.25	1
1218.47	1
1218.69	0
1218.91	0
1219.13	0
1219.35	0
1219.57	0
1219.79	0
1220.01	0
1220.23	0
1220.45	0
1220.67	0
1220.89	0
1221.11	1
1221.33	0
1221.55	0
1221.78	0
1222	1
1222.22	1
1222.44	0
1222.66	0
1222.88	0
1223.1	0
1223.32	3
1223.54	0
1223.76	0
1223.98	0
1224.2	1
1224.42	0
1224.64	0
1224.86	0
1225.08	0
1225.3	1
1225.52	0
1225.74	0
1225.96	0
1226.18	0
1226.4	0
1226.62	0
1226.84	0
1227.06	1
1227.28	0
1227.5	0
1227.72	0
1227.94	0
1228.16	0
1228.38	0
1228.6	0
1228.82	0
1229.04	1
1229.26	0
1229.48	0
1229.7	0
1229.92	1
1230.14	0
1230.36	0
1230.58	0
1230.8	0
1231.02	0
1231.24	0
1231.46	1
1231.68	0
1231.9	0
1232.12	0
1232.34	0
1232.56	0
1232.78	0
1233	0
1233.22	1
1233.44	0
1233.66	0
1233.88	0
1234.1	0
1234.32	0
1234.54	0
1234.76	0
1234.98	0
1235.2	0
1235.42	1
1235.64	0
1235.86	0
1236.08	0
1236.3	0
1236.52	0
1236.74	0
1236.96	0
1237.18	0
1237.4	0
1237.62	0
1237.84	0
1238.06	0
1238.28	0
1238.5	1
1238.72	0
1238.94	0
1239.16	0
1239.38	1
1239.6	0
1239.82	0
1240.04	0
1240.26	0
1240.48	0
1240.7	0
1240.92	1
1241.14	1
1241.36	0
1241.58	0
1241.8	0
1242.02	0
1242.24	1
1242.46	1
1242.68	0
1242.9	1
1243.12	0
1243.34	1
1243.57	0
1243.79	0
1244.01	0
1244.23	1
1244.45	0
1244.67	0
1244.89	0
1245.11	0
1245.33	1
1245.55	0
1245.77	0
1245.99	0
1246.21	0
1246.43	0
1246.65	0
1246.87	0
1247.09	0
1247.31	0
1247.53	0
1247.75	0
1247.97	0
1248.19	0
1248.41	0
1248.63	0
1248.85	0
1249.07	0
1249.29	0
1249.51	0
1249.73	0
1249.95	0
1250.17	0
1250.39	0
1250.61	0
1250.83	0
1251.05	0
1251.27	0
1251.49	0
1251.71	0
1251.93	0
1252.15	0
1252.37	0
1252.59	0
1252.81	0
1253.03	0
1253.25	0
1253.47	0
1253.69	0
1253.91	0
1254.13	0
1254.35	1
1254.57	0
1254.79	0
1255.01	0
1255.23	0
1255.45	0
1255.67	0
1255.89	0
1256.11	0
1256.33	0
1256.55	0
1256.77	0
1256.99	0
1257.21	0
1257.43	0
1257.65	0
1257.87	0
1258.09	0
1258.31	0
1258.53	0
1258.75	0
1258.97	0
1259.19	0
1259.41	0
1259.63	0
1259.85	0
1260.07	0
1260.29	0
1260.51	1
1260.73	0
1260.95	0
1261.17	0
1261.39	0
1261.61	0
1261.83	1
1262.05	0
1262.27	0
1262.49	0
1262.71	0
1262.93	0
1263.15	0
1263.37	0
1263.59	0
1263.81	0
1264.03	1
1264.25	0
1264.47	0
1264.69	0
1264.91	0
1265.13	0
1265.35	0
1265.58	0
1265.8	0
1266.02	1
1266.24	0
1266.46	0
1266.68	0
1266.9	0
1267.12	0
1267.34	0
1267.56	0
1267.78	0
1268	0
1268.22	0
1268.44	0
1268.66	0
1268.88	0
1269.1	2
1269.32	0
1269.54	0
1269.76	0
1269.98	0
1270.2	1
1270.42	0
1270.64	0
1270.86	0
1271.08	0
1271.3	1
1271.52	0
1271.74	0
1271.96	0
1272.18	0
1272.4	0
1272.62	0
1272.84	0
1273.06	0
1273.28	0
1273.5	0
1273.72	0
1273.94	0
1274.16	0
1274.38	0
1274.6	0
1274.82	0
1275.04	0
1275.26	0
1275.48	1
1275.7	0
1275.92	1
1276.14	0
1276.36	0
1276.58	0
1276.8	0
1277.02	0
1277.24	0
1277.46	0
1277.68	0
1277.9	0
1278.12	0
1278.34	1
1278.56	0
1278.78	0
1279	0
1279.22	0
1279.44	0
1279.66	0
1279.88	0
1280.1	0
1280.32	0
1280.54	0
1280.76	0
1280.98	0
1281.2	0
1281.42	0
1281.64	0
1281.86	1
1282.08	1
1282.3	0
1282.52	0
1282.74	0
1282.96	1
1283.18	0
1283.4	0
1283.62	0
1283.84	1
1284.06	0
1284.28	1
1284.5	0
1284.72	0
1284.94	0
1285.16	0
1285.38	0
1285.6	0
1285.82	0
1286.04	1
1286.26	0
1286.48	0
1286.7	0
1286.92	0
1287.14	0
1287.36	0
1287.59	0
1287.81	1
1288.03	0
1288.25	0
1288.47	0
1288.69	0
1288.91	1
1289.13	0
1289.35	0
1289.57	0
1289.79	0
1290.01	0
1290.23	1
1290.45	0
1290.67	0
1290.89	0
1291.11	0
1291.33	0
1291.55	0
1291.77	0
1291.99	0
1292.21	0
1292.43	0
1292.65	0
1292.87	0
1293.09	0
1293.31	0
1293.53	0
1293.75	0
1293.97	0
1294.19	1
1294.41	0
1294.63	1
1294.85	0
1295.07	0
1295.29	0
1295.51	0
1295.73	0
1295.95	0
1296.17	1
1296.39	0
1296.61	0
1296.83	0
1297.05	0
1297.27	0
1297.49	0
1297.71	0
1297.93	0
1298.15	0
1298.37	0
1298.59	0
1298.81	2
1299.03	0
1299.25	1
1299.47	0
1299.69	0
1299.91	0
1300.13	0
1300.35	0
1300.57	0
1300.79	0
1301.01	1
1301.23	0
1301.45	0
1301.67	0
1301.89	1
1302.11	0
1302.33	0
1302.55	1
1302.77	1
1302.99	0
1303.21	0
1303.43	0
1303.65	0
1303.87	0
1304.09	1
1304.31	1
1304.53	0
1304.75	0
1304.97	0
1305.19	1
1305.41	0
1305.63	0
1305.85	1
1306.07	0
1306.29	0
1306.51	0
1306.73	0
1306.95	0
1307.17	0
1307.39	0
1307.61	0
1307.83	0
1308.05	0
1308.27	0
1308.49	1
1308.71	0
1308.93	0
1309.15	0
1309.37	1
1309.6	0
1309.82	0
1310.04	0
1310.26	0
1310.48	0
1310.7	0
1310.92	0
1311.14	0
1311.36	0
1311.58	0
1311.8	0
1312.02	0
1312.24	0
1312.46	0
1312.68	0
1312.9	0
1313.12	0
1313.34	0
1313.56	0
1313.78	0
1314	0
1314.22	1
1314.44	0
1314.66	0
1314.88	0
1315.1	0
1315.32	0
1315.54	0
1315.76	0
1315.98	1
1316.2	0
1316.42	0
1316.64	1
1316.86	0
1317.08	0
1317.3	0
1317.52	0
1317.74	0
1317.96	0
1318.18	0
1318.4	0
1318.62	0
1318.84	0
1319.06	1
1319.28	1
1319.5	0
1319.72	0
1319.94	1
1320.16	1
1320.38	0
1320.6	0
1320.82	1
1321.04	1
1321.26	1
1321.48	0
1321.7	0
1321.92	0
1322.14	0
1322.36	0
1322.58	1
1322.8	0
1323.02	0
1323.24	1
1323.46	0
1323.68	0
1323.9	0
1324.12	0
1324.34	1
1324.56	0
1324.78	0
1325	0
1325.22	0
1325.44	0
1325.66	1
1325.88	1
1326.1	0
1326.32	0
1326.54	0
1326.76	1
1326.98	1
1327.2	0
1327.42	1
1327.64	0
1327.86	0
1328.08	0
1328.3	0
1328.52	0
1328.74	0
1328.96	0
1329.18	0
1329.4	1
1329.62	0
1329.84	0
1330.06	0
1330.28	0
1330.5	0
1330.72	0
1330.94	0
1331.16	0
1331.38	0
1331.61	0
1331.83	0
1332.05	0
1332.27	0
1332.49	0
1332.71	0
1332.93	1
1333.15	0
1333.37	0
1333.59	0
1333.81	0
1334.03	0
1334.25	1
1334.47	0
1334.69	1
1334.91	1
1335.13	0
1335.35	1
1335.57	8
1335.79	4
1336.01	5
1336.23	6
1336.45	10
1336.67	4
1336.89	4
1337.11	3
1337.33	3
1337.55	3
1337.77	2
1337.99	0
1338.21	0
1338.43	0
1338.65	1
1338.87	0
1339.09	0
1339.31	0
1339.53	0
1339.75	0
1339.97	0
1340.19	0
1340.41	0
1340.63	0
1340.85	1
1341.07	0
1341.29	0
1341.51	0
1341.73	0
1341.95	1
1342.17	0
1342.39	1
1342.61	0
1342.83	0
1343.05	0
1343.27	0
1343.49	0
1343.71	0
1343.93	0
1344.15	0
1344.37	0
1344.59	0
1344.81	0
1345.03	0
1345.25	0
1345.47	0
1345.69	0
1345.91	0
1346.13	0
1346.35	0
1346.57	1
1346.79	0
1347.01	0
1347.23	0
1347.45	0
1347.67	0
1347.89	0
1348.11	0
1348.33	0
1348.55	0
1348.77	0
1348.99	0
1349.21	0
1349.43	0
1349.65	0
1349.87	0
1350.09	0
1350.31	0
1350.53	0
1350.75	1
1350.97	0
1351.19	0
1351.41	0
1351.63	0
1351.85	0
1352.07	0
1352.29	0
1352.51	0
1352.73	0
1352.95	0
1353.17	0
1353.39	0
1353.62	0
1353.84	0
1354.06	0
1354.28	0
1354.5	0
1354.72	0
1354.94	1
1355.16	0
1355.38	1
1355.6	0
1355.82	0
1356.04	0
1356.26	0
1356.48	1
1356.7	0
1356.92	0
1357.14	0
1357.36	0
1357.58	0
1357.8	0
1358.02	0
1358.24	0
1358.46	0
1358.68	0
1358.9	0
1359.12	0
1359.34	0
1359.56	0
1359.78	1
1360	0
1360.22	0
1360.44	0
1360.66	0
1360.88	0
1361.1	0
1361.32	1
1361.54	0
1361.76	0
1361.98	0
1362.2	0
1362.42	0
1362.64	0
1362.86	0
1363.08	1
1363.3	0
1363.52	0
1363.74	0
1363.96	0
1364.18	0
1364.4	0
1364.62	0
1364.84	0
1365.06	0
1365.28	0
1365.5	0
1365.72	0
1365.94	0
1366.16	0
1366.38	0
1366.6	0
1366.82	0
1367.04	0
1367.26	1
1367.48	1
1367.7	0
1367.92	0
1368.14	0
1368.36	0
1368.58	0
1368.8	0
1369.02	0
1369.24	0
1369.46	0
1369.68	0
1369.9	0
1370.12	0
1370.34	0
1370.56	0
1370.78	0
1371	0
1371.22	0
1371.44	0
1371.66	0
1371.88	0
1372.1	1
1372.32	0
1372.54	0
1372.76	0
1372.98	0
1373.2	0
1373.42	0
1373.64	0
1373.86	0
1374.08	0
1374.3	0
1374.52	0
1374.74	0
1374.96	0
1375.18	0
1375.4	0
1375.63	0
1375.85	0
1376.07	0
1376.29	0
1376.51	0
1376.73	0
1376.95	0
1377.17	0
1377.39	0
1377.61	0
1377.83	0
1378.05	0
1378.27	0
1378.49	1
1378.71	0
1378.93	0
1379.15	0
1379.37	0
1379.59	0
1379.81	0
1380.03	0
1380.25	0
1380.47	0
1380.69	0
1380.91	0
1381.13	0
1381.35	0
1381.57	0
1381.79	0
1382.01	0
1382.23	0
1382.45	0
1382.67	0
1382.89	0
1383.11	1
1383.33	2
1383.55	0
1383.77	0
1383.99	0
1384.21	0
1384.43	0
1384.65	0
1384.87	0
1385.09	0
1385.31	0
1385.53	0
1385.75	0
1385.97	0
1386.19	0
1386.41	0
1386.63	1
1386.85	0
1387.07	0
1387.29	0
1387.51	0
1387.73	0
1387.95	0
1388.17	0
1388.39	0
1388.61	0
1388.83	1
1389.05	0
1389.27	0
1389.49	0
1389.71	0
1389.93	0
1390.15	0
1390.37	0
1390.59	0
1390.81	0
1391.03	0
1391.25	0
1391.47	0
1391.69	1
1391.91	0
1392.13	0
1392.35	0
1392.57	0
1392.79	0
1393.01	0
1393.23	0
1393.45	0
1393.67	0
1393.89	0
1394.11	0
1394.33	1
1394.55	0
1394.77	0
1394.99	0
1395.21	0
1395.43	0
1395.65	0
1395.87	0
1396.09	0
1396.31	0
1396.53	0
1396.75	0
1396.97	0
1397.19	0
1397.41	0
1397.64	0
1397.86	0
1398.08	0
1398.3	0
1398.52	0
1398.74	0
1398.96	0
1399.18	0
1399.4	0
1399.62	0
1399.84	0
1400.06	0
1400.28	0
1400.5	0
1400.72	0
1400.94	0
1401.16	0
1401.38	0
1401.6	0
1401.82	0
1402.04	0
1402.26	1
1402.48	0
1402.7	0
1402.92	0
1403.14	1
1403.36	0
1403.58	0
1403.8	0
1404.02	0
1404.24	0
1404.46	0
1404.68	1
1404.9	0
1405.12	0
1405.34	0
1405.56	0
1405.78	0
1406	1
1406.22	0
1406.44	1
1406.66	0
1406.88	0
1407.1	0
1407.32	0
1407.54	1
1407.76	0
1407.98	0
1408.2	0
1408.42	0
1408.64	0
1408.86	0
1409.08	0
1409.3	0
1409.52	0
1409.74	1
1409.96	0
1410.18	0
1410.4	0
1410.62	0
1410.84	0
1411.06	0
1411.28	0
1411.5	0
1411.72	0
1411.94	1
1412.16	2
1412.38	1
1412.6	0
1412.82	1
1413.04	0
1413.26	1
1413.48	0
1413.7	0
1413.92	0
1414.14	0
1414.36	0
1414.58	0
1414.8	0
1415.02	0
1415.24	0
1415.46	0
1415.68	0
1415.9	0
1416.12	0
1416.34	0
1416.56	0
1416.78	0
1417	0
1417.22	0
1417.44	0
1417.66	0
1417.88	0
1418.1	0
1418.32	0
1418.54	0
1418.76	0
1418.98	0
1419.2	0
1419.42	0
1419.65	0
1419.87	0
1420.09	0
1420.31	1
1420.53	1
1420.75	0
1420.97	0
1421.19	0
1421.41	0
1421.63	0
1421.85	0
1422.07	0
1422.29	0
1422.51	0
1422.73	0
1422.95	0
1423.17	0
1423.39	0
1423.61	0
1423.83	0
1424.05	0
1424.27	0
1424.49	0
1424.71	0
1424.93	1
1425.15	0
1425.37	0
1425.59	0
1425.81	0
1426.03	0
1426.25	0
1426.47	1
1426.69	0
1426.91	0
1427.13	0
1427.35	0
1427.57	0
1427.79	0
1428.01	0
1428.23	0
1428.45	0
1428.67	0
1428.89	0
1429.11	0
1429.33	0
1429.55	1
1429.77	0
1429.99	0
1430.21	0
1430.43	0
1430.65	0
1430.87	0
1431.09	0
1431.31	0
1431.53	0
1431.75	0
1431.97	0
1432.19	0
1432.41	0
1432.63	0
1432.85	0
1433.07	0
1433.29	0
1433.51	0
1433.73	0
1433.95	0
1434.17	0
1434.39	0
1434.61	0
1434.83	0
1435.05	0
1435.27	0
1435.49	0
1435.71	0
1435.93	0
1436.15	0
1436.37	0
1436.59	0
1436.81	0
1437.03	0
1437.25	0
1437.47	0
1437.69	0
1437.91	1
1438.13	0
1438.35	0
1438.57	0
1438.79	0
1439.01	0
1439.23	0
1439.45	0
1439.67	0
1439.89	0
1440.11	0
1440.33	0
1440.55	0
1440.77	0
1440.99	0
1441.21	1
1441.43	0
1441.66	0
1441.88	0
1442.1	0
1442.32	0
1442.54	0
1442.76	1
1442.98	0
1443.2	0
1443.42	0
1443.64	0
1443.86	0
1444.08	0
1444.3	0
1444.52	0
1444.74	0
1444.96	0
1445.18	0
1445.4	0
1445.62	0
1445.84	0
1446.06	0
1446.28	0
1446.5	0
1446.72	0
1446.94	0
1447.16	0
1447.38	0
1447.6	0
1447.82	0
1448.04	0
1448.26	0
1448.48	1
1448.7	0
1448.92	0
1449.14	0
1449.36	1
1449.58	0
1449.8	0
1450.02	0
1450.24	0
1450.46	0
1450.68	0
1450.9	0
1451.12	0
1451.34	0
1451.56	0
1451.78	0
1452	0
1452.22	0
1452.44	0
1452.66	0
1452.88	0
1453.1	0
1453.32	0
1453.54	0
1453.76	0
1453.98	0
1454.2	0
1454.42	0
1454.64	0
1454.86	0
1455.08	0
1455.3	0
1455.52	0
1455.74	0
1455.96	1
1456.18	0
1456.4	0
1456.62	0
1456.84	0
1457.06	0
1457.28	0
1457.5	0
1457.72	0
1457.94	0
1458.16	0
1458.38	0
1458.6	0
1458.82	0
1459.04	0
1459.26	0
1459.48	0
1459.7	0
1459.92	0
1460.14	0
1460.36	0
1460.58	0
1460.8	0
1461.02	0
1461.24	0
1461.46	0
1461.68	0
1461.9	0
1462.12	0
1462.34	0
1462.56	0
1462.78	0
1463	0
1463.22	0
1463.44	0
1463.67	0
1463.89	0
1464.11	0
1464.33	1
1464.55	2
1464.77	0
1464.99	1
1465.21	3
1465.43	3
1465.65	3
1465.87	4
1466.09	3
1466.31	1
1466.53	3
1466.75	1
1466.97	1
1467.19	1
1467.41	0
1467.63	0
1467.85	0
1468.07	0
1468.29	0
1468.51	0
1468.73	0
1468.95	0
1469.17	0
1469.39	0
1469.61	0
1469.83	0
1470.05	0
1470.27	0
1470.49	0
1470.71	0
1470.93	0
1471.15	0
1471.37	0
1471.59	0
1471.81	0
1472.03	0
1472.25	0
1472.47	0
1472.69	0
1472.91	0
1473.13	0
1473.35	0
1473.57	0
1473.79	0
1474.01	0
1474.23	0
1474.45	0
1474.67	0
1474.89	0
1475.11	0
1475.33	0
1475.55	0
1475.77	0
1475.99	0
1476.21	0
1476.43	0
1476.65	0
1476.87	0
1477.09	0
1477.31	1
1477.53	0
1477.75	0
1477.97	0
1478.19	0
1478.41	0
1478.63	0
1478.85	0
1479.07	0
1479.29	0
1479.51	0
1479.73	0
1479.95	0
1480.17	0
1480.39	0
1480.61	0
1480.83	0
1481.05	0
1481.27	0
1481.49	0
1481.71	0
1481.93	0
1482.15	0
1482.37	0
1482.59	0
1482.81	0
1483.03	0
1483.25	0
1483.47	0
1483.69	0
1483.91	0
1484.13	0
1484.35	0
1484.57	0
1484.79	0
1485.01	0
1485.23	0
1485.45	0
1485.68	0
1485.9	1
1486.12	0
1486.34	0
1486.56	0
1486.78	0
1487	0
1487.22	0
1487.44	0
1487.66	0
1487.88	0
1488.1	0
1488.32	0
1488.54	0
1488.76	0
1488.98	0
1489.2	0
1489.42	0
1489.64	0
1489.86	0
1490.08	0
1490.3	0
1490.52	0
1490.74	0
1490.96	0
1491.18	0
1491.4	0
1491.62	0
1491.84	0
1492.06	0
1492.28	0
1492.5	0
1492.72	0
1492.94	0
1493.16	0
1493.38	0
1493.6	0
1493.82	0
1494.04	1
1494.26	0
1494.48	0
1494.7	0
1494.92	0
1495.14	0
1495.36	0
1495.58	0
1495.8	0
1496.02	0
1496.24	0
1496.46	0
1496.68	0
1496.9	0
1497.12	0
1497.34	0
1497.56	0
1497.78	0
1498	0
1498.22	0
1498.44	0
1498.66	0
1498.88	0
1499.1	0
1499.32	0
1499.54	0
1499.76	0
1499.98	0
1500.2	0
1500.42	0
1500.64	0
1500.86	0
1501.08	0
1501.3	0
1501.52	0
1501.74	0
1501.96	0
1502.18	0
1502.4	0
1502.62	0
1502.84	0
1503.06	0
1503.28	0
1503.5	0
1503.72	0
1503.94	0
1504.16	0
1504.38	0
1504.6	0
1504.82	0
1505.04	0
1505.26	1
1505.48	0
1505.7	0
1505.92	0
1506.14	0
1506.36	0
1506.58	0
1506.8	0
1507.02	0
1507.24	0
1507.46	1
1507.68	0
1507.91	0
1508.13	0
1508.35	0
1508.57	0
1508.79	0
1509.01	0
1509.23	0
1509.45	0
1509.67	0
1509.89	0
1510.11	1
1510.33	0
1510.55	0
1510.77	0
1510.99	0
1511.21	0
1511.43	0
1511.65	0
1511.87	0
1512.09	0
1512.31	0
1512.53	0
1512.75	0
1512.97	0
1513.19	0
1513.41	0
1513.63	0
1513.85	0
1514.07	0
1514.29	0
1514.51	0
1514.73	0
1514.95	1
1515.17	0
1515.39	0
1515.61	0
1515.83	0
1516.05	0
1516.27	0
1516.49	0
1516.71	0
1516.93	0
1517.15	0
1517.37	0
1517.59	0
1517.81	0
1518.03	0
1518.25	0
1518.47	0
1518.69	0
1518.91	0
1519.13	0
1519.35	0
1519.57	0
1519.79	0
1520.01	0
1520.23	0
1520.45	0
1520.67	0
1520.89	0
1521.11	0
1521.33	0
1521.55	0
1521.77	0
1521.99	0
1522.21	0
1522.43	0
1522.65	0
1522.87	0
1523.09	0
1523.31	0
1523.53	0
1523.75	0
1523.97	0
1524.19	0
1524.41	0
1524.63	0
1524.85	0
1525.07	0
1525.29	0
1525.51	0
1525.73	0
1525.95	0
1526.17	0
1526.39	0
1526.61	0
1526.83	0
1527.05	0
1527.27	0
1527.49	0
1527.71	0
1527.93	0
1528.15	0
1528.37	0
1528.59	0
1528.81	0
1529.03	0
1529.25	0
1529.47	0
1529.69	0
1529.92	0
1530.14	0
1530.36	0
1530.58	0
1530.8	0
1531.02	0
1531.24	0
1531.46	0
1531.68	0
1531.9	0
1532.12	1
1532.34	0
1532.56	0
1532.78	0
1533	0
1533.22	0
1533.44	0
1533.66	0
1533.88	0
1534.1	0
1534.32	0
1534.54	0
1534.76	0
1534.98	0
1535.2	0
1535.42	0
1535.64	0
1535.86	0
1536.08	0
1536.3	0
1536.52	0
1536.74	0
1536.96	0
1537.18	0
1537.4	0
1537.62	0
1537.84	0
1538.06	0
1538.28	0
1538.5	0
1538.72	0
1538.94	0
1539.16	0
1539.38	0
1539.6	0
1539.82	0
1540.04	0
1540.26	0
1540.48	1
1540.7	0
1540.92	0
1541.14	0
1541.36	0
1541.58	0
1541.8	0
1542.02	0
1542.24	0
1542.46	0
1542.68	0
1542.9	0
1543.12	0
1543.34	0
1543.56	0
1543.78	0
1544	1
1544.22	0
1544.44	0
1544.66	0
1544.88	0
1545.1	0
1545.32	0
1545.54	0
1545.76	0
1545.98	0
1546.2	1
1546.42	0
1546.64	0
1546.86	0
1547.08	0
1547.3	0
1547.52	0
1547.74	0
1547.96	0
1548.18	0
1548.4	0
1548.62	0
1548.84	0
1549.06	0
1549.28	0
1549.5	0
1549.72	0
1549.94	0
1550.16	1
1550.38	0
1550.6	0
1550.82	0
1551.04	0
1551.26	0
1551.48	0
1551.7	0
1551.93	0
1552.15	0
1552.37	0
1552.59	0
1552.81	0
1553.03	0
1553.25	0
1553.47	0
1553.69	0
1553.91	0
1554.13	0
1554.35	0
1554.57	0
1554.79	0
1555.01	1
1555.23	0
1555.45	0
1555.67	0
1555.89	0
1556.11	0
1556.33	0
1556.55	0
1556.77	0
1556.99	1
1557.21	0
1557.43	0
1557.65	0
1557.87	0
1558.09	0
1558.31	0
1558.53	0
1558.75	0
1558.97	0
1559.19	0
1559.41	0
1559.63	0
1559.85	0
1560.07	0
1560.29	0
1560.51	0
1560.73	0
1560.95	0
1561.17	0
1561.39	0
1561.61	0
1561.83	0
1562.05	0
1562.27	0
1562.49	0
1562.71	0
1562.93	0
1563.15	0
1563.37	0
1563.59	0
1563.81	0
1564.03	0
1564.25	0
1564.47	0
1564.69	0
1564.91	0
1565.13	0
1565.35	0
1565.57	0
1565.79	0
1566.01	0
1566.23	0
1566.45	0
1566.67	0
1566.89	1
1567.11	0
1567.33	1
1567.55	0
1567.77	1
1567.99	0
1568.21	0
1568.43	0
1568.65	0
1568.87	0
1569.09	0
1569.31	0
1569.53	0
1569.75	0
1569.97	0
1570.19	0
1570.41	0
1570.63	0
1570.85	0
1571.07	0
1571.29	0
1571.51	0
1571.73	0
1571.95	0
1572.17	0
1572.39	0
1572.61	0
1572.83	0
1573.05	1
1573.27	0
1573.49	0
1573.71	0
1573.94	0
1574.16	0
1574.38	0
1574.6	0
1574.82	0
1575.04	0
1575.26	0
1575.48	0
1575.7	0
1575.92	0
1576.14	0
1576.36	0
1576.58	0
1576.8	0
1577.02	0
1577.24	0
1577.46	0
1577.68	1
1577.9	0
1578.12	0
1578.34	0
1578.56	0
1578.78	0
1579	0
1579.22	0
1579.44	0
1579.66	0
1579.88	0
1580.1	0
1580.32	0
1580.54	0
1580.76	0
1580.98	0
1581.2	0
1581.42	0
1581.64	0
1581.86	0
1582.08	0
1582.3	0
1582.52	0
1582.74	0
1582.96	0
1583.18	0
1583.4	0
1583.62	0
1583.84	0
1584.06	0
1584.28	0
1584.5	0
1584.72	0
1584.94	0
1585.16	0
1585.38	0
1585.6	0
1585.82	0
1586.04	0
1586.26	0
1586.48	0
1586.7	0
1586.92	0
1587.14	0
1587.36	0
1587.58	0
1587.8	0
1588.02	0
1588.24	0
1588.46	0
1588.68	0
1588.9	0
1589.12	0
1589.34	0
1589.56	0
1589.78	0
1590	0
1590.22	0
1590.44	0
1590.66	0
1590.88	0
1591.1	0
1591.32	0
1591.54	0
1591.76	0
1591.98	1
1592.2	0
1592.42	0
1592.64	0
1592.86	0
1593.08	0
1593.3	0
1593.52	0
1593.74	0
1593.96	0
1594.18	1
1594.4	0
1594.62	0
1594.84	0
1595.06	0
1595.28	0
1595.5	0
1595.72	0
1595.95	0
1596.17	0
1596.39	0
1596.61	0
1596.83	0
1597.05	0
1597.27	0
1597.49	0
1597.71	0
1597.93	0
1598.15	0
1598.37	0
1598.59	0
1598.81	0
1599.03	0
1599.25	1
1599.47	0
1599.69	0
1599.91	0
1600.13	0
1600.35	0
1600.57	0
1600.79	0
1601.01	0
1601.23	0
1601.45	0
1601.67	0
1601.89	0
1602.11	0
1602.33	0
1602.55	0
1602.77	0
1602.99	0
1603.21	0
1603.43	0
1603.65	0
1603.87	0
1604.09	0
1604.31	1
1604.53	0
1604.75	0
1604.97	0
1605.19	0
1605.41	0
1605.63	1
1605.85	0
1606.07	0
1606.29	0
1606.51	0
1606.73	0
1606.95	0
1607.17	0
1607.39	0
1607.61	0
1607.83	0
1608.05	1
1608.27	0
1608.49	0
1608.71	1
1608.93	0
1609.15	0
1609.37	0
1609.59	0
1609.81	0
1610.03	0
1610.25	0
1610.47	0
1610.69	0
1610.91	0
1611.13	0
1611.35	0
1611.57	0
1611.79	0
1612.01	0
1612.23	0
1612.45	0
1612.67	1
1612.89	0
1613.11	0
1613.33	0
1613.55	0
1613.77	0
1613.99	0
1614.21	0
1614.43	0
1614.65	0
1614.87	0
1615.09	0
1615.31	0
1615.53	1
1615.75	0
1615.97	0
1616.19	0
1616.41	0
1616.63	0
1616.85	0
1617.07	0
1617.29	0
1617.51	0
1617.73	0
1617.96	0
1618.18	0
1618.4	0
1618.62	0
1618.84	0
1619.06	0
1619.28	0
1619.5	0
1619.72	0
1619.94	0
1620.16	0
1620.38	0
1620.6	0
1620.82	0
1621.04	0
1621.26	0
1621.48	0
1621.7	0
1621.92	0
1622.14	0
1622.36	0
1622.58	0
1622.8	0
1623.02	0
1623.24	0
1623.46	0
1623.68	0
1623.9	0
1624.12	0
1624.34	0
1624.56	0
1624.78	0
1625	0
1625.22	0
1625.44	0
1625.66	0
1625.88	0
1626.1	0
1626.32	0
1626.54	0
1626.76	0
1626.98	0
1627.2	0
1627.42	0
1627.64	0
1627.86	0
1628.08	0
1628.3	0
1628.52	0
1628.74	0
1628.96	0
1629.18	0
1629.4	1
1629.62	0
1629.84	0
1630.06	0
1630.28	0
1630.5	0
1630.72	0
1630.94	0
1631.16	0
1631.38	0
1631.6	0
1631.82	0
1632.04	0
1632.26	0
1632.48	0
1632.7	0
1632.92	0
1633.14	0
1633.36	0
1633.58	0
1633.8	0
1634.02	0
1634.24	0
1634.46	0
1634.68	0
1634.9	0
1635.12	0
1635.34	0
1635.56	1
1635.78	0
1636	0
1636.22	0
1636.44	0
1636.66	0
1636.88	1
1637.1	0
1637.32	0
1637.54	0
1637.76	0
1637.98	0
1638.2	0
1638.42	0
1638.64	0
1638.86	0
1639.08	0
1639.3	0
1639.52	0
1639.74	0
1639.97	0
1640.19	0
1640.41	0
1640.63	0
1640.85	0
1641.07	0
1641.29	0
1641.51	0
1641.73	0
1641.95	0
1642.17	0
1642.39	0
1642.61	0
1642.83	0
1643.05	0
1643.27	0
1643.49	0
1643.71	1
1643.93	0
1644.15	0
1644.37	0
1644.59	0
1644.81	0
1645.03	0
1645.25	1
1645.47	0
1645.69	0
1645.91	0
1646.13	0
1646.35	0
1646.57	0
1646.79	0
1647.01	0
1647.23	0
1647.45	0
1647.67	0
1647.89	0
1648.11	0
1648.33	0
1648.55	1
1648.77	0
1648.99	0
1649.21	0
1649.43	0
1649.65	0
1649.87	0
1650.09	0
1650.31	0
1650.53	0
1650.75	0
1650.97	0
1651.19	0
1651.41	0
1651.63	0
1651.85	0
1652.07	0
1652.29	0
1652.51	0
1652.73	0
1652.95	0
1653.17	0
1653.39	0
1653.61	0
1653.83	0
1654.05	0
1654.27	0
1654.49	0
1654.71	0
1654.93	0
1655.15	0
1655.37	0
1655.59	0
1655.81	0
1656.03	0
1656.25	0
1656.47	0
1656.69	0
1656.91	0
1657.13	0
1657.35	0
1657.57	0
1657.79	0
1658.01	0
1658.23	0
1658.45	0
1658.67	0
1658.89	0
1659.11	0
1659.33	0
1659.55	0
1659.77	0
1659.99	0
1660.21	0
1660.43	0
1660.65	0
1660.87	0
1661.09	0
1661.31	0
1661.53	0
1661.75	0
1661.98	0
1662.2	0
1662.42	0
1662.64	0
1662.86	0
1663.08	0
1663.3	1
1663.52	0
1663.74	0
1663.96	0
1664.18	0
1664.4	1
1664.62	0
1664.84	0
1665.06	0
1665.28	0
1665.5	0
1665.72	0
1665.94	0
1666.16	0
1666.38	1
1666.6	0
1666.82	0
1667.04	0
1667.26	0
1667.48	0
1667.7	0
1667.92	0
1668.14	0
1668.36	0
1668.58	0
1668.8	0
1669.02	0
1669.24	0
1669.46	0
1669.68	1
1669.9	0
1670.12	1
1670.34	0
1670.56	0
1670.78	0
1671	0
1671.22	0
1671.44	0
1671.66	0
1671.88	0
1672.1	0
1672.32	0
1672.54	0
1672.76	0
1672.98	0
1673.2	0
1673.42	0
1673.64	0
1673.86	0
1674.08	0
1674.3	0
1674.52	0
1674.74	0
1674.96	0
1675.18	0
1675.4	0
1675.62	0
1675.84	0
1676.06	0
1676.28	0
1676.5	0
1676.72	0
1676.94	1
1677.16	1
1677.38	0
1677.6	0
1677.82	0
1678.04	0
1678.26	0
1678.48	0
1678.7	0
1678.92	0
1679.14	0
1679.36	0
1679.58	0
1679.8	0
1680.02	0
1680.24	0
1680.46	0
1680.68	0
1680.9	0
1681.12	0
1681.34	0
1681.56	0
1681.78	0
1682	0
1682.22	0
1682.44	0
1682.66	0
1682.88	0
1683.1	0
1683.32	0
1683.54	0
1683.76	0
1683.99	0
1684.21	0
1684.43	0
1684.65	0
1684.87	0
1685.09	0
1685.31	0
1685.53	0
1685.75	0
1685.97	0
1686.19	0
1686.41	0
1686.63	0
1686.85	0
1687.07	0
1687.29	0
1687.51	0
1687.73	0
1687.95	1
1688.17	0
1688.39	0
1688.61	0
1688.83	0
1689.05	0
1689.27	0
1689.49	0
1689.71	0
1689.93	0
1690.15	0
1690.37	0
1690.59	0
1690.81	0
1691.03	0
1691.25	0
1691.47	0
1691.69	0
1691.91	0
1692.13	0
1692.35	0
1692.57	0
1692.79	0
1693.01	0
1693.23	0
1693.45	0
1693.67	0
1693.89	0
1694.11	0
1694.33	0
1694.55	0
1694.77	0
1694.99	0
1695.21	0
1695.43	0
1695.65	0
1695.87	0
1696.09	0
1696.31	0
1696.53	0
1696.75	0
1696.97	0
1697.19	0
1697.41	0
1697.63	0
1697.85	0
1698.07	0
1698.29	0
1698.51	0
1698.73	0
1698.95	0
1699.17	0
1699.39	0
1699.61	0
1699.83	0
1700.05	0
1700.27	0
1700.49	0
1700.71	0
1700.93	0
1701.15	0
1701.37	0
1701.59	0
1701.81	1
1702.03	0
1702.25	0
1702.47	0
1702.69	0
1702.91	0
1703.13	0
1703.35	0
1703.57	0
1703.79	0
1704.01	0
1704.23	0
1704.45	0
1704.67	0
1704.89	0
1705.11	0
1705.33	0
1705.55	0
1705.77	0
1706	0
1706.22	0
1706.44	0
1706.66	0
1706.88	0
1707.1	0
1707.32	0
1707.54	0
1707.76	0
1707.98	0
1708.2	0
1708.42	0
1708.64	0
1708.86	0
1709.08	0
1709.3	0
1709.52	0
1709.74	0
1709.96	0
1710.18	0
1710.4	0
1710.62	0
1710.84	0
1711.06	0
1711.28	0
1711.5	0
1711.72	0
1711.94	0
1712.16	0
1712.38	0
1712.6	0
1712.82	0
1713.04	0
1713.26	0
1713.48	0
1713.7	0
1713.92	0
1714.14	0
1714.36	0
1714.58	0
1714.8	0
1715.02	0
1715.24	0
1715.46	0
1715.68	0
1715.9	0
1716.12	0
1716.34	1
1716.56	0
1716.78	0
1717	0
1717.22	0
1717.44	0
1717.66	0
1717.88	0
1718.1	0
1718.32	1
1718.54	0
1718.76	0
1718.98	0
1719.2	0
1719.42	0
1719.64	0
1719.86	0
1720.08	0
1720.3	0
1720.52	0
1720.74	0
1720.96	0
1721.18	0
1721.4	0
1721.62	0
1721.84	0
1722.06	0
1722.28	0
1722.5	0
1722.72	0
1722.94	0
1723.16	0
1723.38	0
1723.6	0
1723.82	0
1724.04	0
1724.26	0
1724.48	0
1724.7	0
1724.92	0
1725.14	0
1725.36	0
1725.58	0
1725.8	0
1726.02	0
1726.24	0
1726.46	0
1726.68	0
1726.9	0
1727.12	0
1727.34	0
1727.56	0
1727.78	0
1728.01	0
1728.23	0
1728.45	0
1728.67	0
1728.89	0
1729.11	0
1729.33	0
1729.55	0
1729.77	0
1729.99	0
1730.21	0
1730.43	0
1730.65	0
1730.87	0
1731.09	0
1731.31	0
1731.53	0
1731.75	0
1731.97	0
1732.19	0
1732.41	0
1732.63	0
1732.85	0
1733.07	0
1733.29	0
1733.51	0
1733.73	0
1733.95	0
1734.17	0
1734.39	0
1734.61	0
1734.83	0
1735.05	0
1735.27	0
1735.49	0
1735.71	0
1735.93	0
1736.15	0
1736.37	0
1736.59	0
1736.81	0
1737.03	0
1737.25	0
1737.47	0
1737.69	1
1737.91	0
1738.13	0
1738.35	0
1738.57	0
1738.79	0
1739.01	0
1739.23	0
1739.45	0
1739.67	0
1739.89	0
1740.11	0
1740.33	0
1740.55	0
1740.77	0
1740.99	0
1741.21	0
1741.43	0
1741.65	0
1741.87	0
1742.09	0
1742.31	0
1742.53	0
1742.75	0
1742.97	0
1743.19	0
1743.41	0
1743.63	0
1743.85	0
1744.07	0
1744.29	0
1744.51	0
1744.73	0
1744.95	1
1745.17	0
1745.39	0
1745.61	0
1745.83	0
1746.05	0
1746.27	0
1746.49	0
1746.71	0
1746.93	0
1747.15	0
1747.37	0
1747.59	0
1747.81	0
1748.03	0
1748.25	0
1748.47	0
1748.69	0
1748.91	0
1749.13	0
1749.35	0
1749.57	0
1749.79	0
1750.02	0
1750.24	0
1750.46	0
1750.68	0
1750.9	0
1751.12	0
1751.34	0
1751.56	0
1751.78	0
1752	0
1752.22	0
1752.44	0
1752.66	0
1752.88	0
1753.1	0
1753.32	0
1753.54	0
1753.76	0
1753.98	0
1754.2	0
1754.42	0
1754.64	0
1754.86	0
1755.08	0
1755.3	0
1755.52	0
1755.74	0
1755.96	0
1756.18	0
1756.4	0
1756.62	0
1756.84	0
1757.06	1
1757.28	0
1757.5	0
1757.72	0
1757.94	0
1758.16	0
1758.38	0
1758.6	0
1758.82	0
1759.04	0
1759.26	0
1759.48	0
1759.7	0
1759.92	0
1760.14	0
1760.36	0
1760.58	0
1760.8	0
1761.02	0
1761.24	0
1761.46	0
1761.68	0
1761.9	0
1762.12	0
1762.34	0
1762.56	0
1762.78	0
1763	0
1763.22	0
1763.44	0
1763.66	0
1763.88	0
1764.1	0
1764.32	0
1764.54	0
1764.76	0
1764.98	0
1765.2	0
1765.42	1
1765.64	0
1765.86	0
1766.08	0
1766.3	0
1766.52	0
1766.74	0
1766.96	0
1767.18	0
1767.4	0
1767.62	1
1767.84	1
1768.06	0
1768.28	0
1768.5	0
1768.72	0
1768.94	0
1769.16	0
1769.38	0
1769.6	0
1769.82	0
1770.04	0
1770.26	0
1770.48	0
1770.7	1
1770.92	0
1771.14	0
1771.36	0
1771.58	0
1771.8	0
1772.03	0
1772.25	0
1772.47	0
1772.69	0
1772.91	0
1773.13	0
1773.35	0
1773.57	0
1773.79	0
1774.01	0
1774.23	0
1774.45	0
1774.67	0
1774.89	0
1775.11	0
1775.33	0
1775.55	0
1775.77	0
1775.99	0
1776.21	0
1776.43	1
1776.65	0
1776.87	0
1777.09	0
1777.31	0
1777.53	0
1777.75	0
1777.97	0
1778.19	0
1778.41	0
1778.63	0
1778.85	0
1779.07	0
1779.29	0
1779.51	0
1779.73	0
1779.95	0
1780.17	0
1780.39	0
1780.61	0
1780.83	0
1781.05	0
1781.27	0
1781.49	0
1781.71	0
1781.93	0
1782.15	0
1782.37	0
1782.59	0
1782.81	0
1783.03	0
1783.25	0
1783.47	0
1783.69	0
1783.91	0
1784.13	0
1784.35	0
1784.57	0
1784.79	0
1785.01	0
1785.23	0
1785.45	0
1785.67	0
1785.89	0
1786.11	0
1786.33	0
1786.55	0
1786.77	0
1786.99	0
1787.21	0
1787.43	0
1787.65	0
1787.87	0
1788.09	0
1788.31	0
1788.53	0
1788.75	0
1788.97	0
1789.19	0
1789.41	0
1789.63	0
1789.85	0
1790.07	0
1790.29	0
1790.51	0
1790.73	0
1790.95	0
1791.17	0
1791.39	0
1791.61	0
1791.83	0
1792.05	0
1792.27	0
1792.49	0
1792.71	0
1792.93	0
1793.15	0
1793.37	0
1793.59	0
1793.81	0
1794.04	0
1794.26	0
1794.48	0
1794.7	0
1794.92	0
1795.14	0
1795.36	0
1795.58	0
1795.8	1
1796.02	0
1796.24	0
1796.46	0
1796.68	0
1796.9	0
1797.12	0
1797.34	0
1797.56	0
1797.78	0
1798	0
1798.22	0
1798.44	0
1798.66	0
1798.88	0
1799.1	0
1799.32	0
1799.54	0
1799.76	0
1799.98	0
1800.2	0
1800.42	0
1800.64	1
1800.86	0
1801.08	0
1801.3	0
1801.52	0
1801.74	0
1801.96	0
1802.18	0
1802.4	0
1802.62	0
1802.84	0
