-0.130655	7
0.258054	0
0.646827	0
1.03567	0
1.42457	0
1.81354	1
2.20257	49
2.59167	584
2.98084	2494
3.37007	3600
3.75936	1569
4.14872	215
4.53815	9
4.92764	0
5.3172	0
5.70682	0
6.0965	0
6.48626	0
6.87607	0
7.26596	0
7.6559	0
8.04592	0
8.436	0
8.82614	0
9.21635	0
9.60662	0
9.99696	0
10.3874	0
10.7778	0
11.1684	0
11.559	0
11.9496	0
12.3404	0
12.7312	0
13.122	0
13.513	0
13.9039	0
14.295	0
14.6861	0
15.0773	0
15.4686	1
15.8599	0
16.2513	0
16.6427	0
17.0342	0
17.4258	0
17.8175	0
18.2092	0
18.601	0
18.9928	1
19.3847	0
19.7767	0
20.1687	0
20.5608	0
20.953	0
21.3452	0
21.7375	0
22.1299	1
22.5223	0
22.9148	0
23.3074	0
23.7	0
24.0927	3
24.4855	27
24.8783	254
25.2712	1033
25.6642	2100
26.0572	2907
26.4503	3282
26.8434	3730
27.2367	4219
27.6299	4958
28.0233	5388
28.4167	6090
28.8102	6746
29.2037	7201
29.5974	7372
29.991	7840
30.3848	7784
30.7786	7824
31.1725	7474
31.5664	7167
31.9604	6687
32.3545	6300
32.7486	5665
33.1428	5172
33.5371	4542
33.9314	4074
34.3258	3698
34.7203	3357
35.1148	3070
35.5094	2810
35.9041	2532
36.2988	2319
36.6936	2123
37.0885	1962
37.4834	1828
37.8784	1767
38.2735	1556
38.6686	1390
39.0638	1351
39.459	1235
39.8544	1272
40.2498	1186
40.6452	1168
41.0407	1161
41.4363	1047
41.832	1008
42.2277	1085
42.6235	1046
43.0193	996
43.4152	994
43.8112	1028
44.2073	992
44.6034	1015
44.9995	962
45.3958	966
45.7921	950
46.1885	975
46.5849	966
46.9814	970
47.378	947
47.7746	901
48.1713	921
48.5681	938
48.965	922
49.3619	857
49.7588	969
50.1559	898
50.553	885
50.9501	908
51.3474	911
51.7447	909
52.142	924
52.5395	868
52.937	938
53.3345	905
53.7322	900
54.1299	925
54.5276	951
54.9254	925
55.3233	958
55.7213	932
56.1193	972
56.5174	965
56.9156	943
57.3138	918
57.7121	894
58.1104	950
58.5089	928
58.9074	947
59.3059	996
59.7045	901
60.1032	903
60.502	952
60.9008	867
61.2997	938
61.6986	913
62.0977	917
62.4967	934
62.8959	940
63.2951	968
63.6944	988
64.0937	994
64.4932	1013
64.8926	956
65.2922	970
65.6918	1022
66.0915	1027
66.4912	1061
66.891	1095
67.2909	1055
67.6909	1138
68.0909	1198
68.4909	1208
68.8911	1253
69.2913	1240
69.6916	1358
70.0919	1373
70.4923	1474
70.8928	1567
71.2933	1601
71.694	1717
72.0946	1709
72.4954	1807
72.8962	1968
73.2971	1883
73.698	2031
74.099	2047
74.5001	2114
74.9012	2046
75.3024	2178
75.7037	2172
76.105	2150
76.5064	2158
76.9079	2072
77.3094	2134
77.711	2140
78.1127	2109
78.5145	2023
78.9163	1994
79.3181	1901
79.7201	1881
80.1221	1766
80.5241	1734
80.9263	1668
81.3285	1597
81.7307	1536
82.1331	1478
82.5355	1508
82.9379	1429
83.3405	1392
83.7431	1409
84.1457	1323
84.5485	1370
84.9513	1383
85.3541	1340
85.7571	1304
86.1601	1245
86.5631	1341
86.9663	1324
87.3695	1253
87.7728	1266
88.1761	1326
88.5795	1270
88.983	1242
89.3865	1269
89.7901	1189
90.1938	1206
90.5975	1195
91.0013	1191
91.4051	1110
91.8091	1091
92.2131	1014
92.6171	1004
93.0213	977
93.4255	967
93.8297	920
94.2341	920
94.6385	945
95.0429	943
95.4475	912
95.8521	840
96.2567	847
96.6615	828
97.0663	864
97.4711	794
97.8761	862
98.2811	820
98.6861	772
99.0913	808
99.4965	806
99.9018	741
100.307	766
100.712	809
101.118	826
101.523	782
101.929	785
102.335	850
102.74	779
103.146	792
103.552	794
103.958	750
104.364	786
104.77	789
105.176	775
105.583	786
105.989	812
106.395	768
106.802	786
107.208	804
107.615	790
108.021	804
108.428	794
108.835	800
109.241	792
109.648	798
110.055	821
110.462	798
110.869	821
111.276	819
111.684	734
112.091	792
112.498	797
112.906	752
113.313	827
113.721	830
114.128	813
114.536	823
114.944	788
115.351	806
115.759	846
116.167	802
116.575	842
116.983	847
117.392	841
117.8	771
118.208	811
118.616	846
119.025	798
119.433	807
119.842	835
120.25	815
120.659	829
121.068	821
121.477	803
121.886	803
122.295	854
122.704	785
123.113	815
123.522	809
123.931	852
124.34	817
124.75	843
125.159	810
125.569	839
125.978	852
126.388	761
126.797	824
127.207	837
127.617	878
128.027	817
128.437	791
128.847	808
129.257	839
129.667	797
130.077	765
130.488	834
130.898	843
131.308	817
131.719	863
132.129	796
132.54	837
132.951	823
133.362	813
133.772	824
134.183	858
134.594	848
135.005	830
135.416	781
135.828	829
136.239	747
136.65	811
137.062	829
137.473	871
137.884	841
138.296	849
138.708	808
139.119	784
139.531	812
139.943	859
140.355	858
140.767	769
141.179	849
141.591	787
142.003	866
142.415	825
142.828	775
143.24	870
143.653	832
144.065	812
144.478	844
144.89	898
145.303	883
145.716	811
146.129	848
146.542	827
146.955	900
147.368	826
147.781	893
148.194	846
148.607	863
149.021	840
149.434	880
149.848	887
150.261	849
150.675	858
151.088	814
151.502	820
151.916	847
152.33	871
152.744	838
153.158	831
153.572	851
153.986	840
154.4	855
154.814	835
155.229	842
155.643	880
156.058	875
156.472	866
156.887	827
157.301	873
157.716	827
158.131	833
158.546	828
158.961	850
159.376	816
159.791	792
160.206	867
160.621	844
161.037	901
161.452	903
161.867	845
162.283	889
162.698	831
163.114	877
163.53	823
163.946	924
164.361	848
164.777	854
165.193	838
165.609	924
166.025	904
166.442	871
166.858	892
167.274	876
167.691	905
168.107	888
168.523	915
168.94	970
169.357	921
169.773	927
170.19	864
170.607	846
171.024	883
171.441	957
171.858	923
172.275	972
172.692	972
173.11	963
173.527	980
173.944	934
174.362	1005
174.779	905
175.197	994
175.615	953
176.032	925
176.45	1012
176.868	1013
177.286	983
177.704	948
178.122	1075
178.54	1086
178.958	1061
179.377	1007
179.795	1046
180.213	1029
180.632	1070
181.05	1114
181.469	1035
181.888	1052
182.306	1067
182.725	1182
183.144	1160
183.563	1162
183.982	1150
184.401	1216
184.82	1144
185.24	1162
185.659	1188
186.078	1211
186.498	1229
186.917	1221
187.337	1241
187.757	1190
188.176	1185
188.596	1214
189.016	1260
189.436	1240
189.856	1172
190.276	1232
190.696	1231
191.116	1239
191.536	1241
191.957	1265
192.377	1264
192.798	1191
193.218	1244
193.639	1289
194.059	1273
194.48	1192
194.901	1252
195.322	1259
195.743	1234
196.164	1216
196.585	1263
197.006	1229
197.427	1313
197.848	1193
198.27	1279
198.691	1190
199.113	1194
199.534	1184
199.956	1176
200.378	1150
200.799	1251
201.221	1179
201.643	1126
202.065	1203
202.487	1135
202.909	1197
203.331	1174
203.753	1151
204.176	1129
204.598	1150
205.021	1152
205.443	1127
205.866	1144
206.288	1167
206.711	1145
207.134	1104
207.557	1126
207.98	1133
208.403	1083
208.826	1131
209.249	1093
209.672	1060
210.095	1035
210.519	1036
210.942	1110
211.365	1058
211.789	1070
212.213	1061
212.636	1048
213.06	1029
213.484	1113
213.908	1032
214.332	1060
214.756	1120
215.18	1010
215.604	1065
216.028	1097
216.452	1044
216.877	972
217.301	1099
217.726	1032
218.15	1000
218.575	987
219	1029
219.424	1016
219.849	982
220.274	938
220.699	999
221.124	1008
221.549	930
221.974	993
222.4	990
222.825	1039
223.25	987
223.676	943
224.101	971
224.527	979
224.953	906
225.378	987
225.804	997
226.23	951
226.656	995
227.082	896
227.508	961
227.934	920
228.361	931
228.787	996
229.213	897
229.64	923
230.066	923
230.493	919
230.919	943
231.346	956
231.773	912
232.2	914
232.626	922
233.053	934
233.48	904
233.908	911
234.335	901
234.762	856
235.189	903
235.617	876
236.044	911
236.472	955
236.899	944
237.327	916
237.755	919
238.183	927
238.61	895
239.038	890
239.466	913
239.894	870
240.323	898
240.751	882
241.179	878
241.607	883
242.036	895
242.464	900
242.893	893
243.322	826
243.75	925
244.179	856
244.608	847
245.037	845
245.466	826
245.895	898
246.324	851
246.753	925
247.182	849
247.612	878
248.041	886
248.47	849
248.9	851
249.33	854
249.759	914
250.189	880
250.619	805
251.049	843
251.479	836
251.909	863
252.339	899
252.769	865
253.199	850
253.629	840
254.06	868
254.49	823
254.921	909
255.351	816
255.782	900
256.213	860
256.643	822
257.074	835
257.505	779
257.936	844
258.367	824
258.798	834
259.229	812
259.661	854
260.092	832
260.523	808
260.955	890
261.386	825
261.818	878
262.25	819
262.681	853
263.113	875
263.545	884
263.977	791
264.409	830
264.841	799
265.273	814
265.705	822
266.138	817
266.57	802
267.003	860
267.435	821
267.868	818
268.3	812
268.733	812
269.166	873
269.599	818
270.032	817
270.465	860
270.898	786
271.331	836
271.764	846
272.197	813
272.631	811
273.064	839
273.497	812
273.931	833
274.365	796
274.798	841
275.232	774
275.666	838
276.1	800
276.534	797
276.968	870
277.402	832
277.836	849
278.27	836
278.705	772
279.139	853
279.573	835
280.008	826
280.443	782
280.877	836
281.312	792
281.747	840
282.182	876
282.617	826
283.052	792
283.487	806
283.922	830
284.357	831
284.792	813
285.228	776
285.663	797
286.099	762
286.534	826
286.97	781
287.405	819
287.841	794
288.277	812
288.713	806
289.149	862
289.585	824
290.021	810
290.457	808
290.894	831
291.33	820
291.766	837
292.203	819
292.639	842
293.076	847
293.513	798
293.949	813
294.386	820
294.823	868
295.26	783
295.697	726
296.134	811
296.571	819
297.009	779
297.446	840
297.883	822
298.321	784
298.758	801
299.196	853
299.633	830
300.071	799
300.509	825
300.947	849
301.385	811
301.823	775
302.261	782
302.699	776
303.137	885
303.576	759
304.014	786
304.452	808
304.891	847
305.329	836
305.768	846
306.207	830
306.646	847
307.084	823
307.523	839
307.962	807
308.401	797
308.84	830
309.28	767
309.719	835
310.158	829
310.598	788
311.037	869
311.477	840
311.916	841
312.356	834
312.796	854
313.236	826
313.675	843
314.115	811
314.555	818
314.996	848
315.436	806
315.876	790
316.316	801
316.757	851
317.197	781
317.638	815
318.078	822
318.519	791
318.96	830
319.401	812
319.841	861
320.282	812
320.723	824
321.164	793
321.606	841
322.047	844
322.488	807
322.93	790
323.371	810
323.812	803
324.254	832
324.696	809
325.137	799
325.579	784
326.021	795
326.463	760
326.905	885
327.347	795
327.789	797
328.231	850
328.674	792
329.116	788
329.558	831
330.001	880
330.444	851
330.886	795
331.329	888
331.772	803
332.215	828
332.657	840
333.1	829
333.543	855
333.987	836
334.43	818
334.873	811
335.316	861
335.76	818
336.203	844
336.647	804
337.09	772
337.534	807
337.978	798
338.422	843
338.866	808
339.31	835
339.754	813
340.198	834
340.642	799
341.086	833
341.531	792
341.975	767
342.419	779
342.864	806
343.309	852
343.753	833
344.198	791
344.643	811
345.088	847
345.533	835
345.978	805
346.423	866
346.868	771
347.313	828
347.759	833
348.204	857
348.649	854
349.095	828
349.54	806
349.986	856
350.432	832
350.878	803
351.324	766
351.77	863
352.216	839
352.662	833
353.108	843
353.554	818
354	816
354.447	803
354.893	838
355.34	803
355.786	830
356.233	825
356.68	771
357.126	871
357.573	810
358.02	880
358.467	812
358.914	784
359.361	798
359.809	813
360.256	829
360.703	833
361.151	822
361.598	820
362.046	785
362.494	781
362.941	811
363.389	829
363.837	816
364.285	844
364.733	852
365.181	839
365.629	822
366.077	850
366.526	797
366.974	814
367.422	864
367.871	868
368.319	840
368.768	823
369.217	818
369.665	829
370.114	888
370.563	833
371.012	856
371.461	826
371.91	853
372.36	792
372.809	918
373.258	817
373.708	868
374.157	837
374.607	816
375.056	813
375.506	838
375.956	842
376.406	853
376.856	848
377.306	846
377.756	780
378.206	852
378.656	838
379.106	838
379.557	818
380.007	842
380.458	854
380.908	861
381.359	827
381.809	818
382.26	821
382.711	882
383.162	894
383.613	853
384.064	857
384.515	833
384.966	812
385.418	847
385.869	847
386.32	783
386.772	881
387.223	880
387.675	875
388.127	823
388.578	882
389.03	841
389.482	840
389.934	804
390.386	792
390.838	826
391.29	832
391.743	826
392.195	839
392.647	869
393.1	843
393.552	855
394.005	836
394.458	808
394.911	889
395.363	881
395.816	817
396.269	865
396.722	833
397.175	866
397.629	839
398.082	830
398.535	887
398.989	823
399.442	837
399.896	887
400.349	875
400.803	779
401.257	844
401.711	896
402.164	923
402.618	855
403.072	791
403.527	853
403.981	879
404.435	832
404.889	875
405.344	852
405.798	831
406.253	828
406.707	806
407.162	871
407.617	901
408.072	869
408.527	825
408.982	905
409.437	818
409.892	889
410.347	840
410.802	852
411.257	893
411.713	862
412.168	868
412.624	849
413.08	859
413.535	870
413.991	934
414.447	868
414.903	893
415.359	887
415.815	836
416.271	904
416.727	905
417.183	888
417.64	926
418.096	915
418.553	874
419.009	847
419.466	897
419.922	901
420.379	875
420.836	865
421.293	912
421.75	843
422.207	868
422.664	948
423.121	874
423.578	917
424.036	909
424.493	911
424.951	900
425.408	919
425.866	851
426.324	941
426.781	950
427.239	888
427.697	932
428.155	894
428.613	880
429.071	863
429.529	908
429.988	868
430.446	838
430.904	921
431.363	856
431.821	843
432.28	907
432.739	842
433.198	935
433.656	890
434.115	875
434.574	910
435.033	894
435.493	939
435.952	893
436.411	875
436.87	844
437.33	870
437.789	884
438.249	927
438.708	868
439.168	919
439.628	886
440.088	895
440.548	832
441.008	877
441.468	938
441.928	840
442.388	857
442.848	840
443.309	842
443.769	838
444.23	837
444.69	817
445.151	942
445.612	824
446.072	854
446.533	840
446.994	849
447.455	812
447.916	879
448.377	817
448.839	772
449.3	872
449.761	846
450.223	832
450.684	827
451.146	861
451.607	820
452.069	779
452.531	810
452.993	820
453.455	792
453.917	837
454.379	774
454.841	767
455.303	766
455.765	809
456.228	755
456.69	759
457.153	760
457.615	733
458.078	719
458.541	699
459.004	705
459.466	694
459.929	660
460.392	705
460.856	638
461.319	718
461.782	730
462.245	668
462.709	701
463.172	664
463.636	656
464.099	655
464.563	629
465.027	639
465.49	633
465.954	619
466.418	567
466.882	567
467.346	624
467.811	602
468.275	574
468.739	592
469.204	577
469.668	613
470.133	560
470.597	582
471.062	560
471.527	564
471.991	512
472.456	520
472.921	501
473.386	518
473.851	483
474.317	505
474.782	489
475.247	488
475.713	483
476.178	468
476.644	452
477.109	460
477.575	457
478.041	433
478.507	457
478.973	386
479.439	436
479.905	474
480.371	428
480.837	417
481.303	393
481.77	390
482.236	387
482.702	421
483.169	361
483.636	342
484.102	366
484.569	384
485.036	362
485.503	399
485.97	379
486.437	330
486.904	396
487.371	370
487.839	345
488.306	355
488.773	337
489.241	302
489.709	329
490.176	334
490.644	324
491.112	321
491.58	325
492.048	338
492.516	310
492.984	345
493.452	341
493.92	300
494.388	318
494.857	309
495.325	313
495.794	312
496.262	286
496.731	273
497.2	286
497.669	331
498.137	276
498.606	279
499.075	279
499.545	302
500.014	301
500.483	317
500.952	257
501.422	263
501.891	273
502.361	269
502.83	218
503.3	243
503.77	245
504.24	253
504.71	228
505.18	234
505.65	271
506.12	260
506.59	213
507.06	233
507.531	265
508.001	239
508.471	223
508.942	246
509.413	248
509.883	215
510.354	217
510.825	213
511.296	235
511.767	229
512.238	247
512.709	200
513.18	198
513.652	205
514.123	234
514.594	230
515.066	185
515.538	220
516.009	232
516.481	197
516.953	236
517.425	210
517.897	201
518.369	235
518.841	203
519.313	201
519.785	182
520.257	214
520.73	175
521.202	207
521.675	200
522.147	205
522.62	226
523.093	210
523.566	189
524.039	200
524.512	182
524.985	211
525.458	168
525.931	168
526.404	181
526.878	184
527.351	198
527.824	159
528.298	184
528.772	203
529.245	185
529.719	167
530.193	170
530.667	203
531.141	189
531.615	162
532.089	165
532.563	169
533.038	149
533.512	173
533.986	179
534.461	174
534.935	153
535.41	173
535.885	171
536.36	167
536.835	161
537.309	158
537.784	158
538.26	152
538.735	146
539.21	157
539.685	155
540.161	164
540.636	155
541.112	161
541.587	150
542.063	149
542.539	149
543.015	146
543.49	150
543.966	132
544.443	167
544.919	144
545.395	133
545.871	165
546.347	133
546.824	128
547.3	128
547.777	130
548.254	139
548.73	122
549.207	150
549.684	119
550.161	141
550.638	139
551.115	121
551.592	123
552.069	148
552.547	128
553.024	119
553.501	135
553.979	129
554.456	126
554.934	128
555.412	112
555.89	108
556.368	131
556.846	122
557.324	120
557.802	104
558.28	106
558.758	131
559.236	128
559.715	130
560.193	129
560.672	146
561.15	117
561.629	118
562.108	103
562.587	132
563.066	105
563.545	114
564.024	122
564.503	107
564.982	101
565.461	116
565.941	107
566.42	110
566.9	106
567.379	106
567.859	101
568.339	113
568.818	102
569.298	98
569.778	111
570.258	111
570.738	112
571.219	105
571.699	89
572.179	104
572.659	91
573.14	97
573.62	96
574.101	100
574.582	93
575.063	91
575.543	102
576.024	95
576.505	108
576.986	81
577.467	100
577.949	91
578.43	94
578.911	95
579.393	99
579.874	103
580.356	87
580.837	98
581.319	100
581.801	86
582.283	102
582.765	76
583.247	81
583.729	78
584.211	101
584.693	87
585.176	118
585.658	76
586.14	82
586.623	106
587.105	78
587.588	93
588.071	95
588.554	73
589.037	84
589.52	87
590.003	87
590.486	86
590.969	89
591.452	87
591.936	111
592.419	78
592.903	85
593.386	76
593.87	92
594.353	93
594.837	90
595.321	92
595.805	88
596.289	93
596.773	85
597.257	78
597.742	100
598.226	93
598.71	100
599.195	102
599.679	80
600.164	85
600.648	83
601.133	80
601.618	106
602.103	96
602.588	87
603.073	123
603.558	95
604.043	106
604.529	101
605.014	91
605.499	107
605.985	114
606.47	113
606.956	100
607.442	114
607.928	119
608.413	131
608.899	99
609.385	114
609.871	118
610.358	146
610.844	117
611.33	116
611.817	139
612.303	152
612.79	138
613.276	178
613.763	169
614.25	162
614.736	174
615.223	178
615.71	181
616.197	194
616.684	164
617.172	193
617.659	218
618.146	219
618.634	213
619.121	237
619.609	213
620.096	262
620.584	287
621.072	236
621.56	266
622.048	287
622.536	295
623.024	305
623.512	352
624	342
624.489	349
624.977	355
625.465	410
625.954	417
626.443	378
626.931	446
627.42	464
627.909	507
628.398	511
628.887	542
629.376	550
629.865	571
630.354	581
630.844	601
631.333	633
631.822	674
632.312	689
632.801	742
633.291	784
633.781	771
634.271	819
634.761	824
635.25	943
635.741	945
636.231	892
636.721	977
637.211	971
637.701	1029
638.192	1031
638.682	1101
639.173	1088
639.663	1138
640.154	1262
640.645	1281
641.136	1341
641.627	1295
642.118	1325
642.609	1408
643.1	1482
643.591	1473
644.082	1572
644.574	1588
645.065	1596
645.557	1659
646.048	1706
646.54	1702
647.032	1822
647.524	1857
648.016	1775
648.508	1889
649	1932
649.492	1928
649.984	2022
650.476	2031
650.969	2064
651.461	2129
651.953	2233
652.446	2257
652.939	2204
653.431	2285
653.924	2261
654.417	2432
654.91	2353
655.403	2416
655.896	2516
656.389	2442
656.883	2474
657.376	2603
657.869	2566
658.363	2668
658.856	2673
659.35	2768
659.844	2645
660.337	2728
660.831	2798
661.325	2794
661.819	2740
662.313	2852
662.807	2817
663.302	2845
663.796	2874
664.29	2819
664.785	2874
665.279	2942
665.774	2910
666.269	2936
666.763	2959
667.258	2904
667.753	2879
668.248	2954
668.743	2828
669.238	2997
669.733	2822
670.229	2837
670.724	2869
671.219	2960
671.715	2826
672.21	2879
672.706	2834
673.202	2862
673.698	2750
674.193	2722
674.689	2765
675.185	2665
675.682	2686
676.178	2686
676.674	2578
677.17	2611
677.667	2624
678.163	2558
678.66	2488
679.156	2479
679.653	2499
680.15	2406
680.647	2420
681.144	2250
681.641	2277
682.138	2264
682.635	2234
683.132	2224
683.629	2055
684.127	2027
684.624	1985
685.122	2023
685.619	1942
686.117	1832
686.615	1852
687.112	1728
687.61	1700
688.108	1689
688.606	1648
689.105	1601
689.603	1536
690.101	1559
690.599	1473
691.098	1439
691.596	1381
692.095	1326
692.594	1327
693.092	1316
693.591	1196
694.09	1171
694.589	1186
695.088	1114
695.587	1066
696.086	995
696.585	952
697.085	983
697.584	871
698.084	864
698.583	880
699.083	827
699.583	764
700.082	738
700.582	748
701.082	717
701.582	651
702.082	664
702.582	595
703.083	596
703.583	580
704.083	555
704.584	461
705.084	446
705.585	411
706.086	446
706.586	390
707.087	371
707.588	385
708.089	329
708.59	300
709.091	282
709.593	279
710.094	300
710.595	226
711.097	261
711.598	242
712.1	200
712.602	186
713.103	196
713.605	193
714.107	147
714.609	161
715.111	149
715.613	152
716.115	110
716.618	113
717.12	90
717.622	109
718.125	99
718.628	93
719.13	79
719.633	72
720.136	82
720.639	66
721.142	62
721.645	54
722.148	50
722.651	44
723.154	60
723.658	47
724.161	42
724.664	39
725.168	41
725.672	41
726.175	31
726.679	24
727.183	28
727.687	28
728.191	21
728.695	25
729.199	24
729.704	19
730.208	22
730.712	14
731.217	13
731.721	9
732.226	10
732.731	10
733.235	11
733.74	7
734.245	16
734.75	13
735.255	6
735.76	12
736.266	5
736.771	12
737.276	6
737.782	7
738.287	8
738.793	4
739.299	2
739.804	7
740.31	5
740.816	6
741.322	4
741.828	6
742.334	5
742.841	1
743.347	0
743.853	3
744.36	4
744.866	2
745.373	1
745.88	4
746.386	6
746.893	1
747.4	1
747.907	3
748.414	2
748.921	1
749.428	7
749.936	4
750.443	1
750.951	4
751.458	4
751.966	1
752.473	3
752.981	2
753.489	0
753.997	1
754.505	2
755.013	2
755.521	3
756.029	6
756.537	3
757.046	4
757.554	2
758.063	5
758.571	5
759.08	1
759.589	2
760.098	1
760.606	1
761.115	4
761.624	1
762.134	5
762.643	5
763.152	3
763.661	6
764.171	2
764.68	2
765.19	2
765.699	2
766.209	4
766.719	2
767.229	2
767.739	2
768.249	2
768.759	3
769.269	7
769.779	4
770.29	5
770.8	8
771.311	1
771.821	3
772.332	6
772.843	4
773.353	4
773.864	2
774.375	4
774.886	4
775.397	2
775.908	1
776.42	0
776.931	3
777.442	7
777.954	0
778.466	4
778.977	3
779.489	4
780.001	3
780.513	1
781.024	4
781.536	4
782.049	3
782.561	5
783.073	2
783.585	2
784.098	5
784.61	2
785.123	4
785.635	1
786.148	2
786.661	3
787.174	5
787.687	1
788.2	3
788.713	2
789.226	1
789.739	0
790.252	3
790.766	2
791.279	3
791.793	0
792.307	6
792.82	2
793.334	3
793.848	3
794.362	5
794.876	5
795.39	4
795.904	3
796.418	3
796.933	1
797.447	5
797.961	3
798.476	3
798.991	4
799.505	4
800.02	3
800.535	1
801.05	1
801.565	4
802.08	4
802.595	0
803.11	1
803.626	3
804.141	2
804.657	4
805.172	2
805.688	2
806.203	4
806.719	3
807.235	3
807.751	2
808.267	3
808.783	3
809.299	3
809.815	2
810.332	1
810.848	2
811.365	4
811.881	3
812.398	5
812.914	1
813.431	2
813.948	3
814.465	3
814.982	3
815.499	1
816.016	1
816.533	4
817.051	2
817.568	3
818.086	4
818.603	2
819.121	1
819.639	3
820.156	1
820.674	2
821.192	4
821.71	4
822.228	1
822.746	2
823.265	1
823.783	1
824.301	2
824.82	2
825.338	3
825.857	4
826.376	5
826.894	4
827.413	5
827.932	1
828.451	3
828.97	3
829.489	2
830.009	4
830.528	1
831.047	4
831.567	2
832.086	4
832.606	2
833.126	4
833.645	4
834.165	1
834.685	7
835.205	2
835.725	2
836.245	5
836.766	5
837.286	3
837.806	3
838.327	5
838.847	2
839.368	4
839.889	2
840.41	2
840.93	1
841.451	3
841.972	2
842.493	5
843.015	5
843.536	3
844.057	2
844.579	3
845.1	2
845.622	3
846.143	3
846.665	1
847.187	1
847.709	0
848.231	5
848.753	0
849.275	4
849.797	4
850.319	2
850.841	2
851.364	1
851.886	3
852.409	2
852.932	2
853.454	2
853.977	6
854.5	2
855.023	3
855.546	3
856.069	5
856.592	2
857.115	1
857.639	3
858.162	3
858.686	2
859.209	2
859.733	1
860.257	1
860.78	2
861.304	5
861.828	1
862.352	5
862.876	5
863.401	4
863.925	4
864.449	2
864.974	7
865.498	4
866.023	5
866.547	6
867.072	1
867.597	2
868.122	1
868.647	6
869.172	3
869.697	3
870.222	3
870.747	1
871.273	5
871.798	2
872.324	2
872.849	6
873.375	5
873.901	6
874.426	1
874.952	0
875.478	3
876.004	6
876.53	1
877.057	1
877.583	2
878.109	4
878.636	2
879.162	2
879.689	3
880.215	2
880.742	2
881.269	3
881.796	1
882.323	3
882.85	0
883.377	2
883.904	4
884.432	3
884.959	0
885.486	5
886.014	2
886.542	4
887.069	6
887.597	4
888.125	3
888.653	3
889.181	7
889.709	0
890.237	1
890.765	1
891.293	1
891.822	4
892.35	4
892.879	3
893.407	3
893.936	2
894.465	0
894.994	1
895.523	4
896.052	0
896.581	1
897.11	3
897.639	4
898.169	6
898.698	1
899.227	4
899.757	3
900.287	4
900.816	1
901.346	4
901.876	2
902.406	2
902.936	4
903.466	1
903.996	3
904.526	1
905.057	2
905.587	1
906.118	2
906.648	2
907.179	0
907.71	3
908.24	0
908.771	3
909.302	5
909.833	3
910.364	1
910.896	1
911.427	4
911.958	5
912.49	4
913.021	1
913.553	0
914.084	5
914.616	2
915.148	5
915.68	1
916.212	1
916.744	4
917.276	2
917.808	2
918.34	2
918.873	2
919.405	6
919.938	0
920.47	4
921.003	3
921.536	4
922.069	3
922.602	1
923.134	2
923.668	0
924.201	1
924.734	1
925.267	3
925.801	3
926.334	3
926.868	5
927.401	4
927.935	3
928.469	3
929.003	2
929.536	1
930.07	2
930.605	2
931.139	1
931.673	1
932.207	2
932.742	3
933.276	2
933.811	5
934.345	2
934.88	1
935.415	3
935.95	0
936.485	4
937.02	2
937.555	2
938.09	2
938.625	1
939.161	1
939.696	3
940.231	4
940.767	1
941.303	1
941.838	4
942.374	2
942.91	0
943.446	4
943.982	2
944.518	1
945.054	2
945.591	3
946.127	4
946.664	3
947.2	3
947.737	2
948.273	4
948.81	4
949.347	3
949.884	3
950.421	2
950.958	3
951.495	5
952.032	2
952.57	2
953.107	3
953.644	1
954.182	4
954.72	3
955.257	0
955.795	2
956.333	5
956.871	2
957.409	5
957.947	2
958.485	3
959.023	3
959.562	5
960.1	1
960.639	0
961.177	1
961.716	2
962.254	3
962.793	2
963.332	0
963.871	4
964.41	1
964.949	4
965.488	2
966.028	2
966.567	3
967.106	2
967.646	2
968.186	2
968.725	2
969.265	3
969.805	0
970.345	3
970.885	1
971.425	2
971.965	1
972.505	2
973.045	0
973.586	2
974.126	2
974.667	1
975.207	1
975.748	3
976.289	1
976.83	1
977.371	2
977.912	0
978.453	2
978.994	2
979.535	2
980.076	1
980.618	1
981.159	1
981.701	1
982.242	1
982.784	1
983.326	3
983.868	3
984.41	1
984.952	3
985.494	0
986.036	5
986.578	1
987.121	1
987.663	3
988.206	0
988.748	1
989.291	0
989.834	2
990.377	1
990.919	0
991.462	1
992.005	4
992.549	2
993.092	2
993.635	1
994.178	0
994.722	3
995.265	1
995.809	1
996.353	1
996.897	1
997.44	1
997.984	0
998.528	1
999.072	1
999.617	2
1000.16	1
1000.71	4
1001.25	2
1001.79	4
1002.34	2
1002.88	4
1003.43	2
1003.97	1
1004.52	0
1005.06	2
1005.61	5
1006.15	2
1006.7	3
1007.24	2
1007.79	1
1008.33	0
1008.88	2
1009.43	4
1009.97	5
1010.52	1
1011.06	2
1011.61	2
1012.15	1
1012.7	2
1013.25	2
1013.79	2
1014.34	3
1014.89	3
1015.43	1
1015.98	2
1016.53	2
1017.07	2
1017.62	2
1018.17	1
1018.71	1
1019.26	1
1019.81	6
1020.35	0
1020.9	5
1021.45	3
1022	0
1022.54	3
1023.09	2
1023.64	3
1024.19	0
1024.73	5
1025.28	3
1025.83	3
1026.38	2
1026.93	2
1027.47	3
1028.02	3
1028.57	2
1029.12	6
1029.67	1
1030.22	2
1030.77	1
1031.31	0
1031.86	0
1032.41	0
1032.96	1
1033.51	5
1034.06	3
1034.61	1
1035.16	2
1035.71	1
1036.26	0
1036.81	1
1037.36	5
1037.91	1
1038.46	2
1039.01	1
1039.56	0
1040.11	1
1040.66	0
1041.21	1
1041.76	1
1042.31	2
1042.86	4
1043.41	2
1043.96	3
1044.51	3
1045.06	4
1045.61	2
1046.16	1
1046.71	1
1047.26	1
1047.81	4
1048.37	1
1048.92	3
1049.47	1
1050.02	3
1050.57	6
1051.12	1
1051.67	2
1052.23	0
1052.78	0
1053.33	2
1053.88	3
1054.43	5
1054.99	3
1055.54	1
1056.09	2
1056.64	2
1057.2	1
1057.75	4
1058.3	1
1058.85	0
1059.41	2
1059.96	3
1060.51	3
1061.07	4
1061.62	5
1062.17	4
1062.73	1
1063.28	0
1063.83	0
1064.39	2
1064.94	3
1065.49	2
1066.05	3
1066.6	1
1067.16	1
1067.71	1
1068.26	0
1068.82	2
1069.37	0
1069.93	4
1070.48	4
1071.04	2
1071.59	2
1072.14	0
1072.7	4
1073.25	1
1073.81	1
1074.36	2
1074.92	1
1075.47	2
1076.03	2
1076.58	0
1077.14	1
1077.7	1
1078.25	2
1078.81	1
1079.36	3
1079.92	5
1080.47	3
1081.03	2
1081.59	4
1082.14	1
1082.7	2
1083.25	3
1083.81	4
1084.37	2
1084.92	1
1085.48	2
1086.04	3
1086.59	0
1087.15	1
1087.71	4
1088.26	0
1088.82	1
1089.38	1
1089.94	1
1090.49	3
1091.05	2
1091.61	3
1092.17	1
1092.72	0
1093.28	3
1093.84	2
1094.4	0
1094.96	1
1095.51	3
1096.07	2
1096.63	2
1097.19	3
1097.75	0
1098.3	1
1098.86	2
1099.42	2
1099.98	0
1100.54	2
1101.1	0
1101.66	1
1102.22	0
1102.78	2
1103.33	5
1103.89	0
1104.45	2
1105.01	2
1105.57	0
1106.13	1
1106.69	3
1107.25	4
1107.81	0
1108.37	1
1108.93	1
1109.49	4
1110.05	4
1110.61	2
1111.17	2
1111.73	2
1112.29	1
1112.85	1
1113.41	0
1113.97	1
1114.53	0
1115.1	1
1115.66	1
1116.22	1
1116.78	1
1117.34	1
1117.9	0
1118.46	0
1119.02	1
1119.59	0
1120.15	0
1120.71	3
1121.27	0
1121.83	2
1122.39	1
1122.96	4
1123.52	0
1124.08	0
1124.64	3
1125.2	2
1125.77	0
1126.33	1
1126.89	0
1127.45	0
1128.02	0
1128.58	2
1129.14	0
1129.71	0
1130.27	1
1130.83	2
1131.4	2
1131.96	1
1132.52	1
1133.09	0
1133.65	0
1134.21	1
1134.78	1
1135.34	2
1135.9	2
1136.47	3
1137.03	2
1137.6	2
1138.16	1
1138.72	1
1139.29	4
1139.85	1
1140.42	1
1140.98	2
1141.55	3
1142.11	2
1142.68	2
1143.24	1
1143.81	2
1144.37	1
1144.94	1
1145.5	1
1146.07	2
1146.63	5
1147.2	1
1147.76	0
1148.33	2
1148.89	2
1149.46	2
1150.03	1
1150.59	1
1151.16	1
1151.72	3
1152.29	3
1152.86	5
1153.42	0
1153.99	0
1154.56	1
1155.12	2
1155.69	2
1156.26	2
1156.82	1
1157.39	3
1157.96	1
1158.52	1
1159.09	1
1159.66	0
1160.23	2
1160.79	2
1161.36	5
1161.93	2
1162.5	3
1163.06	3
1163.63	3
1164.2	2
1164.77	3
1165.34	2
1165.9	4
1166.47	1
1167.04	4
1167.61	3
1168.18	0
1168.75	3
1169.31	3
1169.88	1
1170.45	4
1171.02	2
1171.59	3
1172.16	2
1172.73	1
1173.3	3
1173.87	4
1174.44	4
1175	1
1175.57	2
1176.14	3
1176.71	2
1177.28	1
1177.85	1
1178.42	1
1178.99	2
1179.56	0
1180.13	3
1180.7	4
1181.27	4
1181.84	2
1182.41	1
1182.99	4
1183.56	1
1184.13	3
1184.7	5
1185.27	4
1185.84	2
1186.41	7
1186.98	0
1187.55	3
1188.12	1
1188.7	4
1189.27	2
1189.84	4
1190.41	2
1190.98	3
1191.55	4
1192.13	3
1192.7	3
1193.27	2
1193.84	3
1194.41	2
1194.99	0
1195.56	3
1196.13	2
1196.7	0
1197.28	3
1197.85	2
1198.42	3
1198.99	0
1199.57	1
1200.14	6
1200.71	3
1201.29	2
1201.86	5
1202.43	3
1203.01	0
1203.58	2
1204.15	3
1204.73	3
1205.3	2
1205.88	1
1206.45	2
1207.02	3
1207.6	3
1208.17	3
1208.75	2
1209.32	0
1209.89	2
1210.47	0
1211.04	6
1211.62	0
1212.19	1
1212.77	2
1213.34	0
1213.92	0
1214.49	2
1215.07	3
1215.64	2
1216.22	2
1216.79	0
1217.37	0
1217.94	1
1218.52	2
1219.1	4
1219.67	3
1220.25	2
1220.82	2
1221.4	1
1221.98	2
1222.55	0
1223.13	1
1223.7	0
1224.28	2
1224.86	2
1225.43	0
1226.01	0
1226.59	2
1227.16	1
1227.74	1
1228.32	1
1228.9	0
1229.47	1
1230.05	2
1230.63	3
1231.2	3
1231.78	2
1232.36	1
1232.94	0
1233.52	0
1234.09	0
1234.67	1
1235.25	0
1235.83	2
1236.41	0
1236.98	0
1237.56	0
1238.14	2
1238.72	0
1239.3	3
1239.88	0
1240.45	0
1241.03	1
1241.61	1
1242.19	0
1242.77	2
1243.35	2
1243.93	0
1244.51	1
1245.09	1
1245.67	0
1246.25	1
1246.83	0
1247.41	1
1247.99	0
1248.57	0
1249.15	0
1249.73	2
1250.31	0
1250.89	0
1251.47	0
1252.05	1
1252.63	0
1253.21	0
1253.79	0
1254.37	0
1254.95	0
1255.53	0
1256.11	0
1256.69	0
1257.27	1
1257.86	0
1258.44	0
1259.02	2
1259.6	0
1260.18	0
1260.76	0
1261.34	0
1261.93	0
1262.51	0
1263.09	0
1263.67	2
1264.25	1
1264.84	0
1265.42	0
1266	2
1266.58	1
1267.17	0
1267.75	0
1268.33	1
1268.91	0
1269.5	3
1270.08	0
1270.66	0
1271.25	1
1271.83	2
1272.41	0
1273	0
1273.58	0
1274.16	1
1274.75	0
1275.33	0
1275.91	0
1276.5	1
1277.08	0
1277.66	0
1278.25	0
1278.83	0
1279.42	0
1280	2
1280.59	2
1281.17	0
1281.76	0
1282.34	0
1282.92	0
1283.51	0
1284.09	1
1284.68	2
1285.26	0
1285.85	0
1286.43	0
1287.02	1
1287.61	0
1288.19	1
1288.78	0
1289.36	1
1289.95	1
1290.53	0
1291.12	2
1291.71	0
1292.29	2
1292.88	0
1293.46	1
1294.05	0
1294.64	0
1295.22	2
1295.81	0
1296.4	2
1296.98	2
1297.57	1
1298.16	3
1298.74	0
1299.33	0
1299.92	0
1300.51	0
1301.09	2
1301.68	0
1302.27	1
1302.85	0
1303.44	2
1304.03	1
1304.62	2
1305.21	1
1305.79	1
1306.38	2
1306.97	0
1307.56	1
1308.15	3
1308.74	0
1309.32	1
1309.91	1
1310.5	0
1311.09	0
1311.68	1
1312.27	1
1312.86	0
1313.45	0
1314.03	1
1314.62	1
1315.21	2
1315.8	1
1316.39	2
1316.98	2
1317.57	1
1318.16	2
1318.75	2
1319.34	0
1319.93	2
1320.52	1
1321.11	1
1321.7	3
1322.29	3
1322.88	1
1323.47	0
1324.06	1
1324.65	2
1325.24	4
1325.83	3
1326.42	3
1327.02	3
1327.61	3
1328.2	1
1328.79	2
1329.38	1
1329.97	1
1330.56	2
1331.15	0
1331.75	1
1332.34	1
1332.93	2
1333.52	1
1334.11	4
1334.71	3
1335.3	3
1335.89	2
1336.48	2
1337.07	1
1337.67	1
1338.26	4
1338.85	0
1339.44	1
1340.04	1
1340.63	1
1341.22	3
1341.82	1
1342.41	1
1343	2
1343.6	1
1344.19	4
1344.78	3
1345.38	2
1345.97	3
1346.56	0
1347.16	0
1347.75	5
1348.35	2
1348.94	1
1349.53	3
1350.13	1
1350.72	3
1351.32	3
1351.91	2
1352.51	3
1353.1	2
1353.69	2
1354.29	0
1354.88	0
1355.48	1
1356.07	2
1356.67	0
1357.26	3
1357.86	3
1358.45	0
1359.05	1
1359.65	4
1360.24	0
1360.84	1
1361.43	1
1362.03	0
1362.62	3
1363.22	1
1363.82	3
1364.41	1
1365.01	0
1365.61	3
1366.2	2
1366.8	1
1367.4	1
1367.99	0
1368.59	1
1369.19	0
1369.78	1
1370.38	2
1370.98	1
1371.57	2
1372.17	0
1372.77	2
1373.37	0
1373.96	2
1374.56	2
1375.16	0
1375.76	0
1376.35	1
1376.95	0
1377.55	1
1378.15	2
1378.75	3
1379.34	2
1379.94	1
1380.54	2
1381.14	1
1381.74	1
1382.34	2
1382.94	2
1383.53	1
1384.13	2
1384.73	1
1385.33	0
1385.93	1
1386.53	0
1387.13	1
1387.73	1
1388.33	1
1388.93	1
1389.53	1
1390.13	1
1390.73	1
1391.33	2
1391.93	0
1392.53	1
1393.13	1
1393.73	0
1394.33	0
1394.93	0
1395.53	0
1396.13	0
1396.73	2
1397.33	0
1397.93	2
1398.53	2
1399.13	0
1399.74	0
1400.34	1
1400.94	0
1401.54	1
1402.14	1
1402.74	1
1403.34	0
1403.95	0
1404.55	2
1405.15	2
1405.75	0
1406.35	0
1406.96	0
1407.56	0
1408.16	1
1408.76	2
1409.36	0
1409.97	2
1410.57	1
1411.17	0
1411.78	0
1412.38	0
1412.98	1
1413.58	1
1414.19	1
1414.79	0
1415.39	0
1416	0
1416.6	0
1417.2	0
1417.81	0
1418.41	1
1419.02	1
1419.62	0
1420.22	0
1420.83	0
1421.43	0
1422.04	0
1422.64	0
1423.24	0
1423.85	0
1424.45	1
1425.06	0
1425.66	0
1426.27	0
1426.87	0
1427.48	0
1428.08	0
1428.69	2
1429.29	0
1429.9	1
1430.5	1
1431.11	1
1431.71	0
1432.32	0
1432.93	0
1433.53	0
1434.14	0
1434.74	1
1435.35	0
1435.96	1
1436.56	0
1437.17	0
1437.77	0
1438.38	0
1438.99	0
1439.59	1
1440.2	1
1440.81	1
1441.41	0
1442.02	0
1442.63	0
1443.24	0
1443.84	1
1444.45	0
1445.06	0
1445.67	0
1446.27	1
1446.88	0
1447.49	0
1448.1	0
1448.7	0
1449.31	0
1449.92	0
1450.53	0
1451.14	0
1451.75	0
1452.35	0
1452.96	0
1453.57	0
1454.18	0
1454.79	0
1455.4	0
1456.01	1
1456.62	1
1457.22	0
1457.83	0
1458.44	0
1459.05	0
1459.66	0
1460.27	0
1460.88	0
1461.49	1
1462.1	0
1462.71	0
1463.32	0
1463.93	0
1464.54	0
1465.15	0
1465.76	0
1466.37	0
1466.98	0
1467.59	1
1468.2	0
1468.81	0
1469.42	0
1470.03	0
1470.65	0
1471.26	0
1471.87	1
1472.48	0
1473.09	0
1473.7	1
1474.31	0
1474.92	0
1475.54	0
1476.15	0
1476.76	1
1477.37	0
1477.98	0
1478.6	0
1479.21	0
1479.82	1
1480.43	0
1481.04	0
1481.66	0
1482.27	0
1482.88	0
1483.5	0
1484.11	0
1484.72	0
1485.33	0
1485.95	0
1486.56	0
1487.17	0
1487.79	0
1488.4	0
1489.01	0
1489.63	0
1490.24	0
1490.85	1
1491.47	0
1492.08	0
1492.7	0
1493.31	0
1493.92	0
1494.54	0
1495.15	0
1495.77	1
1496.38	1
1497	0
1497.61	1
1498.23	1
1498.84	0
1499.46	1
1500.07	0
1500.69	0
1501.3	1
1501.92	0
1502.53	0
1503.15	0
1503.76	0
1504.38	1
1504.99	0
1505.61	0
1506.23	0
1506.84	0
1507.46	0
1508.07	1
1508.69	0
1509.31	0
1509.92	0
1510.54	0
1511.16	0
1511.77	0
1512.39	0
1513.01	0
1513.62	0
1514.24	0
1514.86	0
1515.47	0
1516.09	0
1516.71	0
1517.33	0
1517.94	0
1518.56	0
1519.18	0
1519.8	0
1520.41	0
1521.03	1
1521.65	1
1522.27	0
1522.89	0
1523.5	0
1524.12	0
1524.74	0
1525.36	0
1525.98	0
1526.6	0
1527.22	0
1527.83	0
1528.45	0
1529.07	0
1529.69	0
1530.31	0
1530.93	1
1531.55	0
1532.17	0
1532.79	0
1533.41	1
1534.03	0
1534.65	0
1535.27	0
1535.89	0
1536.51	0
1537.13	0
1537.75	0
1538.37	0
1538.99	0
1539.61	0
1540.23	0
1540.85	1
1541.47	0
1542.09	0
1542.71	0
1543.33	0
1543.95	0
1544.58	0
1545.2	0
1545.82	0
1546.44	0
1547.06	0
1547.68	0
1548.3	0
1548.93	0
1549.55	0
1550.17	0
1550.79	0
1551.41	0
1552.04	0
1552.66	0
1553.28	0
1553.9	0
1554.53	0
1555.15	1
1555.77	0
1556.39	0
1557.02	0
1557.64	0
1558.26	0
1558.89	0
1559.51	1
1560.13	0
1560.76	0
1561.38	0
1562	0
1562.63	0
1563.25	1
1563.87	0
1564.5	1
1565.12	0
1565.75	0
1566.37	0
1566.99	0
1567.62	0
1568.24	0
1568.87	0
1569.49	0
1570.12	0
1570.74	0
1571.37	0
1571.99	0
1572.62	0
1573.24	0
1573.87	0
1574.49	0
1575.12	0
1575.74	0
1576.37	1
1576.99	0
1577.62	0
1578.24	0
1578.87	0
1579.5	0
1580.12	0
1580.75	0
1581.37	0
1582	0
1582.63	0
1583.25	0
1583.88	0
1584.51	0
1585.13	0
1585.76	0
1586.39	0
1587.01	0
1587.64	0
1588.27	0
1588.9	0
1589.52	2
1590.15	0
1590.78	0
1591.41	0
1592.03	0
1592.66	0
1593.29	0
1593.92	0
1594.54	0
1595.17	2
1595.8	0
1596.43	0
1597.06	0
1597.69	0
1598.31	0
1598.94	0
1599.57	0
1600.2	0
1600.83	0
1601.46	0
1602.09	0
1602.72	0
1603.35	0
1603.97	0
1604.6	0
1605.23	1
1605.86	0
1606.49	1
1607.12	0
1607.75	0
1608.38	0
1609.01	0
1609.64	0
1610.27	0
1610.9	0
1611.53	0
1612.16	0
1612.79	0
1613.42	0
1614.05	0
1614.69	0
1615.32	0
1615.95	0
1616.58	0
1617.21	0
1617.84	0
1618.47	0
1619.1	0
1619.73	0
1620.37	0
1621	0
1621.63	1
1622.26	1
1622.89	0
1623.52	0
1624.16	0
1624.79	1
1625.42	0
1626.05	0
1626.69	0
1627.32	0
1627.95	0
1628.58	0
1629.22	0
1629.85	0
1630.48	0
1631.11	0
1631.75	0
1632.38	0
1633.01	0
1633.65	0
1634.28	0
1634.91	0
1635.55	0
1636.18	0
1636.82	0
1637.45	0
1638.08	0
1638.72	1
1639.35	0
1639.99	0
1640.62	0
1641.25	0
1641.89	0
1642.52	0
1643.16	0
1643.79	0
1644.43	0
1645.06	0
1645.7	0
1646.33	0
1646.97	0
1647.6	0
1648.24	0
1648.87	0
1649.51	0
1650.14	0
1650.78	0
1651.42	0
1652.05	0
1652.69	0
1653.32	0
1653.96	0
1654.6	0
1655.23	0
1655.87	0
1656.5	0
1657.14	0
1657.78	0
1658.41	0
1659.05	0
1659.69	0
1660.32	0
1660.96	0
1661.6	0
1662.24	0
1662.87	1
1663.51	0
1664.15	0
1664.79	0
1665.42	0
1666.06	0
1666.7	0
1667.34	0
1667.98	0
1668.61	0
1669.25	0
1669.89	0
1670.53	0
1671.17	0
1671.8	0
1672.44	0
1673.08	0
1673.72	0
1674.36	0
1675	0
1675.64	0
1676.28	0
1676.92	0
1677.56	0
1678.19	0
1678.83	0
1679.47	0
1680.11	0
1680.75	0
1681.39	0
1682.03	0
1682.67	0
1683.31	0
1683.95	0
1684.59	0
1685.23	0
1685.87	0
1686.51	0
1687.15	1
1687.8	0
1688.44	0
1689.08	0
1689.72	0
1690.36	0
1691	0
1691.64	0
1692.28	0
1692.92	0
1693.57	0
1694.21	0
1694.85	0
1695.49	0
1696.13	0
1696.77	0
1697.42	0
1698.06	0
1698.7	0
1699.34	0
1699.98	0
1700.63	0
1701.27	0
1701.91	1
1702.56	0
1703.2	0
1703.84	0
1704.48	0
1705.13	0
1705.77	0
1706.41	0
1707.06	0
1707.7	0
1708.34	0
1708.99	0
1709.63	0
1710.27	0
1710.92	0
1711.56	0
1712.21	0
1712.85	0
1713.49	0
1714.14	0
1714.78	0
1715.43	0
1716.07	0
1716.72	0
1717.36	0
1718.01	0
1718.65	0
1719.29	0
1719.94	0
1720.59	0
1721.23	0
1721.88	0
1722.52	0
1723.17	0
1723.81	0
1724.46	0
1725.1	0
1725.75	0
1726.39	0
1727.04	0
1727.69	0
1728.33	0
1728.98	0
1729.63	0
1730.27	0
1730.92	0
1731.57	0
1732.21	0
1732.86	0
1733.51	0
1734.15	0
1734.8	0
1735.45	0
1736.09	0
1736.74	1
1737.39	0
1738.04	1
1738.68	0
1739.33	1
1739.98	0
1740.63	0
1741.27	0
1741.92	0
1742.57	0
1743.22	0
1743.87	0
1744.52	0
1745.16	0
1745.81	0
1746.46	0
1747.11	0
1747.76	0
1748.41	0
1749.06	0
1749.71	1
1750.35	0
1751	0
1751.65	0
1752.3	0
1752.95	0
1753.6	0
1754.25	0
1754.9	0
1755.55	0
1756.2	0
1756.85	0
1757.5	0
1758.15	0
1758.8	0
1759.45	0
1760.1	0
1760.75	0
1761.4	0
1762.05	0
1762.7	0
1763.36	0
1764.01	0
1764.66	0
1765.31	0
1765.96	0
1766.61	0
1767.26	0
1767.91	1
1768.57	0
1769.22	0
1769.87	0
1770.52	0
1771.17	0
1771.82	0
1772.48	0
1773.13	0
1773.78	0
1774.43	0
1775.09	0
1775.74	0
1776.39	0
1777.04	1
1777.7	0
1778.35	0
1779	0
1779.66	1
1780.31	0
1780.96	0
1781.61	0
1782.27	0
1782.92	0
1783.58	0
1784.23	0
1784.88	0
1785.54	0
1786.19	0
1786.84	0
1787.5	0
1788.15	0
1788.81	0
1789.46	0
1790.12	0
1790.77	0
1791.43	0
1792.08	0
1792.73	0
1793.39	0
1794.04	0
1794.7	0
1795.35	0
1796.01	0
1796.67	0
1797.32	0
1797.98	1
1798.63	0
1799.29	0
1799.94	0
1800.6	0
1801.26	0
1801.91	0
1802.57	0
1803.22	0
1803.88	0
1804.54	0
1805.19	1
1805.85	0
1806.51	0
1807.16	0
1807.82	0
1808.48	0
1809.13	0
1809.79	0
1810.45	0
1811.11	0
1811.76	0
1812.42	0
1813.08	0
1813.74	0
1814.39	0
1815.05	0
1815.71	0
1816.37	0
1817.02	0
1817.68	0
1818.34	0
1819	0
1819.66	0
1820.32	0
1820.98	0
1821.63	0
1822.29	0
1822.95	0
1823.61	0
1824.27	0
1824.93	0
1825.59	0
1826.25	0
1826.91	0
1827.57	0
1828.23	0
1828.89	0
1829.54	0
1830.2	0
1830.86	0
1831.52	0
1832.18	0
1832.84	0
1833.51	0
1834.17	0
1834.83	0
1835.49	0
1836.15	0
1836.81	0
1837.47	1
1838.13	0
1838.79	0
1839.45	0
1840.11	0
1840.77	0
1841.44	1
1842.1	0
1842.76	0
1843.42	0
1844.08	0
1844.74	1
1845.41	0
1846.07	0
1846.73	0
1847.39	0
1848.05	0
1848.72	0
1849.38	0
1850.04	0
1850.7	0
1851.37	0
1852.03	0
1852.69	0
1853.35	0
1854.02	1
1854.68	0
1855.34	0
1856.01	0
1856.67	0
1857.33	0
1858	0
1858.66	0
1859.32	0
1859.99	0
1860.65	0
1861.32	1
1861.98	0
1862.64	0
1863.31	0
1863.97	0
1864.64	0
1865.3	0
1865.97	0
1866.63	0
1867.3	0
1867.96	0
1868.63	0
1869.29	0
1869.96	0
1870.62	0
1871.29	0
1871.95	0
1872.62	0
1873.28	0
1873.95	0
1874.61	0
1875.28	0
1875.95	0
1876.61	0
1877.28	0
1877.94	0
1878.61	0
1879.28	0
1879.94	1
1880.61	1
1881.28	0
1881.94	0
1882.61	1
1883.28	1
1883.94	0
1884.61	0
1885.28	0
1885.95	0
1886.61	0
1887.28	0
1887.95	0
1888.62	0
1889.28	0
1889.95	0
1890.62	0
1891.29	0
1891.96	0
1892.62	0
1893.29	0
1893.96	0
1894.63	0
1895.3	0
1895.97	0
1896.63	0
1897.3	0
1897.97	0
1898.64	0
1899.31	0
1899.98	0
1900.65	0
1901.32	1
1901.99	0
1902.66	0
1903.33	0
1904	0
1904.67	0
1905.34	0
1906.01	0
1906.68	0
1907.35	0
1908.02	0
1908.69	0
1909.36	0
1910.03	0
1910.7	0
1911.37	0
1912.04	0
1912.71	0
1913.38	0
1914.05	0
1914.72	0
1915.39	0
1916.06	0
1916.74	0
1917.41	0
1918.08	0
1918.75	0
1919.42	0
1920.09	0
1920.77	0
1921.44	0
1922.11	0
1922.78	0
1923.45	0
1924.13	0
1924.8	0
1925.47	0
1926.14	0
1926.82	0
1927.49	0
1928.16	0
1928.84	0
1929.51	0
1930.18	0
1930.86	0
1931.53	0
1932.2	0
1932.88	1
1933.55	0
1934.22	0
1934.9	0
1935.57	0
1936.24	0
1936.92	0
1937.59	0
1938.27	0
1938.94	0
1939.62	0
1940.29	1
1940.96	0
1941.64	0
1942.31	0
1942.99	0
1943.66	1
1944.34	0
1945.01	0
1945.69	0
1946.36	1
1947.04	0
1947.71	0
1948.39	0
1949.07	0
1949.74	0
1950.42	0
1951.09	0
1951.77	0
1952.45	0
1953.12	0
1953.8	0
1954.47	0
1955.15	0
1955.83	0
1956.5	0
1957.18	0
1957.86	0
1958.53	0
1959.21	0
1959.89	0
1960.57	0
1961.24	0
1961.92	0
1962.6	0
1963.27	0
1963.95	0
1964.63	0
1965.31	0
1965.99	0
1966.66	0
1967.34	0
1968.02	0
1968.7	0
1969.38	0
1970.05	0
1970.73	0
1971.41	0
1972.09	0
1972.77	0
1973.45	0
1974.13	0
1974.81	1
1975.49	0
1976.16	0
1976.84	0
1977.52	0
1978.2	0
1978.88	0
1979.56	0
1980.24	0
1980.92	0
1981.6	0
1982.28	0
1982.96	0
1983.64	0
1984.32	0
1985	0
1985.68	0
1986.36	0
1987.04	1
1987.72	0
1988.41	0
1989.09	0
1989.77	0
1990.45	0
1991.13	0
1991.81	0
1992.49	0
1993.17	0
1993.86	0
1994.54	0
1995.22	0
1995.9	1
1996.58	0
1997.26	0
1997.95	0
1998.63	0
1999.31	0
1999.99	0
2000.68	0
2001.36	0
2002.04	0
2002.72	0
2003.41	0
2004.09	0
2004.77	0
2005.46	0
2006.14	0
2006.82	1
2007.51	0
2008.19	0
2008.87	0
2009.56	0
2010.24	0
2010.92	0
2011.61	0
2012.29	0
2012.98	0
2013.66	0
2014.34	0
2015.03	0
2015.71	0
2016.4	0
2017.08	0
2017.77	0
2018.45	0
2019.14	0
2019.82	0
2020.51	0
2021.19	0
2021.88	0
2022.56	0
2023.25	0
2023.93	0
2024.62	0
2025.3	0
2025.99	0
2026.68	0
2027.36	0
2028.05	0
2028.73	0
2029.42	0
2030.11	0
2030.79	1
2031.48	0
2032.17	0
2032.85	0
2033.54	0
2034.23	0
2034.91	0
2035.6	0
2036.29	0
2036.97	1
2037.66	0
2038.35	0
2039.04	0
2039.72	0
2040.41	0
2041.1	0
2041.79	0
2042.48	0
2043.16	0
2043.85	0
2044.54	0
2045.23	0
2045.92	0
2046.6	0
2047.29	1
2047.98	0
2048.67	0
2049.36	0
2050.05	0
2050.74	0
2051.43	0
2052.12	0
2052.81	0
2053.49	0
2054.18	0
2054.87	0
2055.56	0
2056.25	0
2056.94	0
2057.63	0
2058.32	1
2059.01	0
2059.7	0
2060.39	0
2061.08	0
2061.77	0
2062.46	0
2063.16	0
2063.85	0
2064.54	0
2065.23	0
2065.92	1
2066.61	0
2067.3	0
2067.99	0
2068.68	0
2069.38	0
2070.07	0
2070.76	0
2071.45	0
2072.14	0
2072.83	0
2073.53	0
2074.22	0
2074.91	0
2075.6	0
2076.29	0
2076.99	0
2077.68	0
2078.37	0
2079.07	0
2079.76	0
2080.45	0
2081.14	0
2081.84	0
2082.53	0
2083.22	0
2083.92	0
2084.61	0
2085.3	0
2086	0
2086.69	0
2087.39	0
2088.08	0
2088.77	0
2089.47	0
2090.16	0
2090.86	0
2091.55	0
2092.24	0
2092.94	0
2093.63	0
2094.33	0
2095.02	0
2095.72	0
2096.41	0
2097.11	0
2097.8	0
2098.5	0
2099.19	0
2099.89	0
2100.58	0
2101.28	0
2101.98	0
2102.67	0
2103.37	0
2104.06	0
2104.76	0
2105.46	0
2106.15	0
2106.85	0
2107.55	0
2108.24	0
2108.94	0
2109.64	0
2110.33	0
2111.03	0
2111.73	0
2112.42	0
2113.12	0
2113.82	0
2114.51	0
2115.21	1
2115.91	0
2116.61	0
2117.31	0
2118	0
2118.7	0
2119.4	0
2120.1	0
2120.8	0
2121.49	1
2122.19	0
2122.89	0
2123.59	0
2124.29	0
2124.99	1
2125.68	0
2126.38	0
2127.08	0
2127.78	0
2128.48	0
2129.18	0
2129.88	0
2130.58	0
2131.28	1
2131.98	0
2132.68	0
2133.38	0
2134.08	0
2134.78	0
2135.48	0
2136.18	0
2136.88	0
2137.58	0
2138.28	0
2138.98	0
2139.68	0
2140.38	0
2141.08	0
2141.78	0
2142.48	0
2143.18	0
2143.89	0
2144.59	0
2145.29	0
2145.99	0
2146.69	0
2147.39	0
2148.09	0
2148.8	0
2149.5	0
2150.2	0
2150.9	0
2151.6	0
2152.31	0
2153.01	0
2153.71	0
2154.41	0
2155.12	1
2155.82	0
2156.52	0
2157.23	0
2157.93	0
2158.63	0
2159.34	0
2160.04	0
2160.74	0
2161.45	0
2162.15	0
2162.85	0
2163.56	1
2164.26	0
2164.96	0
2165.67	0
2166.37	0
2167.08	0
2167.78	0
2168.48	0
2169.19	0
2169.89	0
2170.6	0
2171.3	0
2172.01	0
2172.71	0
2173.42	0
2174.12	0
2174.83	0
2175.53	0
2176.24	0
2176.94	0
2177.65	0
2178.36	0
2179.06	0
2179.77	0
2180.47	0
2181.18	0
2181.89	0
2182.59	0
2183.3	0
2184	0
2184.71	0
2185.42	0
2186.12	0
2186.83	0
2187.54	0
2188.24	0
2188.95	0
2189.66	0
2190.37	0
2191.07	0
2191.78	0
2192.49	1
2193.2	0
2193.9	0
2194.61	1
2195.32	1
2196.03	0
2196.73	0
2197.44	0
2198.15	0
2198.86	0
2199.57	0
2200.28	0
2200.99	0
2201.69	0
2202.4	0
2203.11	0
2203.82	0
2204.53	0
2205.24	0
2205.95	0
2206.66	0
2207.37	1
2208.08	0
2208.79	0
2209.5	0
2210.21	0
2210.92	0
2211.63	0
2212.34	0
2213.05	0
2213.76	0
2214.47	0
2215.18	0
2215.89	0
2216.6	0
2217.31	0
2218.02	0
2218.73	0
2219.44	0
2220.15	0
2220.86	0
2221.57	0
2222.29	0
2223	0
2223.71	0
2224.42	0
2225.13	0
2225.84	0
2226.56	0
2227.27	0
2227.98	0
2228.69	0
2229.4	0
2230.12	0
2230.83	0
2231.54	0
2232.25	0
2232.97	0
2233.68	0
2234.39	0
2235.11	0
2235.82	0
2236.53	0
2237.25	0
2237.96	0
2238.67	0
2239.39	0
2240.1	0
2240.81	0
2241.53	0
2242.24	0
2242.95	0
2243.67	0
2244.38	0
2245.1	0
2245.81	0
2246.53	0
2247.24	0
2247.96	0
2248.67	0
2249.38	0
2250.1	0
2250.81	0
2251.53	0
2252.25	0
2252.96	0
2253.68	0
2254.39	0
2255.11	0
2255.82	0
2256.54	0
2257.25	0
2257.97	0
2258.69	1
2259.4	0
2260.12	0
2260.83	0
2261.55	0
2262.27	0
2262.98	0
2263.7	0
2264.42	0
2265.13	0
2265.85	0
2266.57	0
2267.29	0
2268	0
2268.72	0
2269.44	0
2270.16	0
2270.87	0
2271.59	0
2272.31	0
2273.03	0
2273.74	0
2274.46	0
2275.18	0
2275.9	0
2276.62	0
2277.34	0
2278.05	0
2278.77	0
2279.49	0
2280.21	0
2280.93	0
2281.65	0
2282.37	0
2283.09	0
2283.81	0
2284.53	0
2285.24	0
2285.96	0
2286.68	0
2287.4	0
2288.12	0
2288.84	0
2289.56	1
2290.28	0
2291	0
2291.72	0
2292.44	0
2293.16	0
2293.89	0
2294.61	0
2295.33	0
2296.05	0
2296.77	0
2297.49	0
2298.21	0
2298.93	0
2299.65	0
2300.37	0
2301.1	0
2301.82	0
2302.54	0
2303.26	0
2303.98	0
2304.71	0
2305.43	0
2306.15	0
2306.87	0
2307.59	0
2308.32	0
2309.04	0
2309.76	0
2310.48	0
2311.21	0
2311.93	0
2312.65	0
2313.38	0
2314.1	0
2314.82	0
2315.55	0
2316.27	0
2316.99	0
2317.72	0
2318.44	0
2319.16	0
2319.89	0
2320.61	0
2321.34	1
2322.06	0
2322.78	0
2323.51	0
2324.23	0
2324.96	0
2325.68	0
2326.41	0
2327.13	0
2327.86	0
2328.58	0
2329.31	0
2330.03	0
2330.76	0
2331.48	0
2332.21	0
2332.93	0
2333.66	0
2334.39	0
2335.11	0
2335.84	0
2336.56	0
2337.29	0
2338.02	0
2338.74	0
2339.47	0
2340.19	0
2340.92	0
2341.65	0
2342.37	0
2343.1	0
2343.83	0
2344.56	0
2345.28	1
2346.01	0
2346.74	0
2347.47	0
2348.19	0
2348.92	0
2349.65	0
2350.38	0
2351.1	0
2351.83	0
2352.56	0
2353.29	1
2354.02	0
2354.74	0
2355.47	0
2356.2	0
2356.93	0
2357.66	0
2358.39	0
2359.12	0
2359.85	0
2360.57	0
2361.3	0
2362.03	0
2362.76	0
2363.49	0
2364.22	0
2364.95	0
2365.68	0
2366.41	0
2367.14	0
2367.87	0
2368.6	1
2369.33	0
2370.06	0
2370.79	0
2371.52	1
2372.25	0
2372.98	0
2373.71	0
2374.45	0
2375.18	0
2375.91	0
2376.64	0
2377.37	0
2378.1	0
2378.83	0
2379.56	0
2380.3	0
2381.03	0
2381.76	0
2382.49	0
2383.22	0
2383.96	0
2384.69	0
2385.42	0
2386.15	0
2386.89	0
2387.62	0
2388.35	0
2389.08	0
2389.82	0
2390.55	0
2391.28	0
2392.02	0
2392.75	0
2393.48	0
2394.21	0
2394.95	0
2395.68	0
2396.42	0
2397.15	0
2397.88	0
2398.62	0
2399.35	0
2400.09	0
2400.82	0
2401.55	0
2402.29	0
2403.02	0
2403.76	0
2404.49	0
2405.23	0
2405.96	0
2406.7	0
2407.43	0
2408.17	0
2408.9	0
2409.64	0
2410.37	0
2411.11	0
2411.84	0
2412.58	0
2413.32	0
2414.05	0
2414.79	0
2415.52	0
2416.26	0
2417	0
2417.73	0
2418.47	0
2419.21	0
2419.94	0
2420.68	0
2421.42	0
2422.15	0
2422.89	0
2423.63	0
2424.37	0
2425.1	0
2425.84	0
2426.58	0
2427.32	0
2428.05	0
2428.79	0
2429.53	0
2430.27	0
2431	0
2431.74	0
2432.48	0
2433.22	0
2433.96	0
2434.7	0
2435.44	0
2436.17	0
2436.91	0
2437.65	0
2438.39	0
2439.13	0
2439.87	0
2440.61	0
2441.35	0
2442.09	0
2442.83	0
2443.57	0
2444.31	0
2445.05	0
2445.79	0
2446.53	0
2447.27	0
2448.01	0
2448.75	0
2449.49	0
2450.23	0
2450.97	0
2451.71	0
2452.45	0
2453.19	0
2453.93	0
2454.67	0
2455.41	0
2456.16	0
2456.9	0
2457.64	1
2458.38	1
2459.12	0
2459.86	0
2460.61	0
2461.35	0
2462.09	0
2462.83	0
2463.57	0
2464.32	0
2465.06	0
2465.8	0
2466.54	0
2467.29	1
2468.03	0
2468.77	0
2469.51	0
2470.26	0
2471	1
2471.74	0
2472.49	0
2473.23	0
2473.97	1
2474.72	0
2475.46	0
2476.21	0
2476.95	0
2477.69	0
2478.44	0
2479.18	0
2479.93	0
2480.67	0
2481.42	0
2482.16	0
2482.9	0
2483.65	0
2484.39	0
2485.14	0
2485.88	0
2486.63	0
2487.37	0
2488.12	0
2488.87	0
2489.61	0
2490.36	0
2491.1	0
2491.85	0
2492.59	0
2493.34	0
2494.09	0
2494.83	0
2495.58	0
2496.32	0
2497.07	0
2497.82	0
2498.56	0
2499.31	0
2500.06	0
2500.8	0
2501.55	0
2502.3	0
2503.05	0
2503.79	0
2504.54	0
2505.29	0
2506.04	0
2506.78	0
2507.53	0
2508.28	0
2509.03	0
2509.78	0
2510.52	1
2511.27	0
2512.02	0
2512.77	0
2513.52	0
2514.27	0
2515.01	0
2515.76	0
2516.51	1
2517.26	0
2518.01	1
2518.76	0
2519.51	0
2520.26	0
2521.01	0
2521.76	0
2522.51	0
2523.26	0
2524.01	0
2524.76	0
2525.51	0
2526.26	0
2527.01	0
2527.76	0
2528.51	0
2529.26	0
2530.01	0
2530.76	0
2531.51	0
2532.26	0
2533.01	0
2533.76	0
2534.51	0
2535.27	0
2536.02	0
2536.77	0
2537.52	0
2538.27	0
2539.02	0
2539.78	0
2540.53	0
2541.28	0
2542.03	0
2542.78	1
2543.54	0
2544.29	0
2545.04	0
2545.79	0
2546.55	0
2547.3	0
2548.05	0
2548.81	0
2549.56	0
2550.31	2
2551.06	0
2551.82	0
2552.57	0
2553.33	0
2554.08	0
2554.83	0
2555.59	0
2556.34	0
2557.09	0
2557.85	0
2558.6	0
2559.36	0
2560.11	0
2560.87	0
2561.62	0
2562.38	0
2563.13	1
2563.89	0
2564.64	0
2565.4	0
2566.15	0
2566.91	0
2567.66	0
2568.42	0
2569.17	0
2569.93	1
2570.68	0
2571.44	0
2572.2	0
2572.95	0
2573.71	0
2574.46	0
2575.22	0
2575.98	0
2576.73	0
2577.49	0
2578.25	0
2579	0
2579.76	0
2580.52	0
2581.27	0
2582.03	0
2582.79	0
2583.55	0
2584.3	0
2585.06	0
2585.82	0
2586.58	0
2587.33	0
2588.09	0
2588.85	1
2589.61	0
2590.37	0
2591.12	0
2591.88	0
2592.64	0
2593.4	0
2594.16	0
2594.92	0
2595.68	0
2596.44	0
2597.19	0
2597.95	0
2598.71	0
2599.47	0
2600.23	0
2600.99	0
2601.75	0
2602.51	0
2603.27	0
2604.03	0
2604.79	0
2605.55	0
2606.31	0
2607.07	0
2607.83	0
2608.59	0
2609.35	0
2610.11	0
2610.87	0
2611.63	0
2612.4	0
2613.16	0
2613.92	0
2614.68	0
2615.44	0
2616.2	0
2616.96	0
2617.73	0
2618.49	0
2619.25	0
2620.01	0
2620.77	0
2621.54	0
2622.3	0
2623.06	0
2623.82	1
2624.58	1
2625.35	0
2626.11	0
2626.87	0
2627.64	0
2628.4	0
2629.16	0
2629.92	0
2630.69	0
2631.45	0
2632.21	0
2632.98	0
2633.74	0
2634.51	0
2635.27	0
2636.03	0
2636.8	0
2637.56	0
2638.33	0
2639.09	0
2639.85	0
2640.62	0
2641.38	0
2642.15	0
2642.91	0
2643.68	0
2644.44	0
2645.21	1
2645.97	0
2646.74	0
2647.5	0
2648.27	0
2649.04	0
2649.8	0
2650.57	0
2651.33	0
2652.1	0
2652.86	0
2653.63	0
2654.4	0
2655.16	0
2655.93	0
2656.7	0
2657.46	1
2658.23	1
2659	0
2659.76	0
2660.53	0
2661.3	0
2662.06	0
2662.83	0
2663.6	0
2664.37	0
2665.13	0
2665.9	0
2666.67	0
2667.44	0
2668.21	0
2668.97	0
2669.74	0
2670.51	0
2671.28	0
2672.05	0
2672.82	0
2673.58	0
2674.35	0
2675.12	0
2675.89	0
2676.66	1
2677.43	0
2678.2	0
2678.97	0
2679.74	0
2680.51	0
2681.28	0
2682.05	0
2682.81	0
2683.58	0
2684.35	0
2685.12	0
2685.9	0
2686.67	0
2687.44	0
2688.21	0
2688.98	1
2689.75	0
2690.52	0
2691.29	0
2692.06	0
2692.83	0
2693.6	0
2694.37	0
2695.14	0
2695.92	0
2696.69	0
2697.46	0
2698.23	0
2699	0
2699.77	0
2700.55	0
2701.32	0
2702.09	0
2702.86	0
2703.64	0
2704.41	0
2705.18	1
2705.95	0
2706.73	0
2707.5	0
2708.27	0
2709.04	0
2709.82	0
2710.59	0
2711.36	0
2712.14	0
2712.91	0
2713.69	0
2714.46	0
2715.23	0
2716.01	0
2716.78	0
2717.55	0
2718.33	0
2719.1	0
2719.88	0
2720.65	0
2721.43	1
2722.2	0
2722.98	0
2723.75	0
2724.53	0
2725.3	0
2726.08	0
2726.85	0
2727.63	0
2728.4	0
2729.18	0
2729.95	0
2730.73	0
2731.51	0
2732.28	0
2733.06	0
2733.83	0
2734.61	0
2735.39	0
2736.16	0
2736.94	0
2737.72	0
2738.49	0
2739.27	0
2740.05	0
2740.82	0
2741.6	0
2742.38	0
2743.15	0
2743.93	0
2744.71	0
2745.49	0
2746.26	0
2747.04	0
2747.82	0
2748.6	0
2749.38	0
2750.15	0
2750.93	0
2751.71	1
2752.49	0
2753.27	1
2754.05	0
2754.83	1
2755.6	0
2756.38	0
2757.16	0
2757.94	0
2758.72	0
2759.5	0
2760.28	0
2761.06	0
2761.84	0
2762.62	0
2763.4	0
2764.18	0
2764.96	0
2765.74	0
2766.52	0
2767.3	0
2768.08	0
2768.86	0
2769.64	0
2770.42	0
2771.2	0
2771.98	0
2772.76	0
2773.54	0
2774.32	0
2775.11	0
2775.89	0
2776.67	0
2777.45	0
2778.23	0
2779.01	0
2779.8	0
2780.58	0
2781.36	0
2782.14	0
2782.92	0
2783.71	0
2784.49	0
2785.27	0
2786.05	0
2786.84	0
2787.62	0
2788.4	0
2789.19	0
2789.97	0
2790.75	0
2791.53	0
2792.32	0
2793.1	0
2793.89	0
2794.67	0
2795.45	0
2796.24	0
2797.02	0
2797.8	0
2798.59	0
2799.37	0
2800.16	0
2800.94	0
2801.73	0
2802.51	0
2803.3	0
2804.08	0
2804.87	0
2805.65	0
2806.44	0
2807.22	0
2808.01	0
2808.79	0
2809.58	0
2810.36	0
2811.15	0
2811.93	0
2812.72	0
2813.51	0
2814.29	0
2815.08	0
2815.86	0
2816.65	0
2817.44	0
2818.22	0
2819.01	0
2819.8	0
2820.58	0
2821.37	2
2822.16	0
2822.95	0
2823.73	0
2824.52	0
2825.31	0
2826.1	0
2826.88	0
2827.67	0
2828.46	0
2829.25	0
2830.03	0
2830.82	0
2831.61	0
2832.4	0
2833.19	0
2833.98	0
2834.76	0
2835.55	0
2836.34	0
2837.13	0
2837.92	0
2838.71	1
2839.5	0
2840.29	0
2841.08	0
2841.87	0
2842.66	0
2843.45	0
2844.24	0
2845.03	0
2845.82	0
2846.61	1
2847.4	0
2848.19	0
2848.98	0
2849.77	0
2850.56	0
2851.35	0
2852.14	0
2852.93	0
2853.72	0
2854.51	0
2855.3	0
2856.09	0
2856.89	0
2857.68	0
2858.47	0
2859.26	0
2860.05	0
2860.84	0
2861.64	0
2862.43	0
2863.22	0
2864.01	0
2864.8	0
2865.6	0
2866.39	0
2867.18	0
2867.97	0
2868.77	1
2869.56	0
2870.35	0
2871.15	0
2871.94	1
2872.73	0
2873.53	0
2874.32	0
2875.11	0
2875.91	0
2876.7	0
2877.49	0
2878.29	0
2879.08	0
2879.88	0
2880.67	0
2881.47	0
2882.26	0
2883.05	0
2883.85	0
2884.64	0
2885.44	0
2886.23	0
2887.03	0
2887.82	0
2888.62	0
2889.41	0
2890.21	0
2891.01	0
2891.8	0
2892.6	0
2893.39	0
2894.19	0
2894.99	0
2895.78	0
2896.58	0
2897.37	0
2898.17	0
2898.97	0
2899.76	0
2900.56	0
2901.36	0
2902.15	0
2902.95	0
2903.75	0
2904.55	0
2905.34	0
2906.14	0
2906.94	0
2907.73	0
2908.53	0
2909.33	0
2910.13	0
2910.93	0
2911.72	0
2912.52	0
2913.32	0
2914.12	0
2914.92	0
2915.72	0
2916.51	0
2917.31	0
2918.11	0
2918.91	0
2919.71	0
2920.51	0
2921.31	0
2922.11	1
2922.91	0
2923.71	0
2924.51	0
2925.31	0
2926.11	0
2926.91	0
2927.71	0
2928.51	0
2929.31	0
2930.11	0
2930.91	0
2931.71	0
2932.51	0
2933.31	0
2934.11	0
2934.91	0
2935.71	0
2936.51	0
2937.31	0
2938.12	0
2938.92	0
2939.72	0
2940.52	0
2941.32	0
2942.12	0
2942.93	0
2943.73	0
2944.53	0
2945.33	0
2946.13	0
2946.94	0
2947.74	0
2948.54	0
2949.34	0
2950.15	0
2950.95	0
2951.75	0
2952.56	0
2953.36	1
2954.16	0
2954.97	0
2955.77	2
2956.57	0
2957.38	0
2958.18	0
2958.98	0
2959.79	0
2960.59	0
2961.4	0
2962.2	0
2963.01	0
2963.81	0
2964.61	0
2965.42	0
2966.22	0
2967.03	0
2967.83	0
2968.64	0
2969.44	0
2970.25	0
2971.05	0
2971.86	0
2972.67	0
2973.47	0
2974.28	0
2975.08	0
2975.89	0
2976.69	1
2977.5	0
2978.31	0
2979.11	0
2979.92	0
2980.73	0
2981.53	0
2982.34	0
2983.15	0
2983.95	0
2984.76	0
2985.57	0
2986.37	0
2987.18	0
2987.99	0
2988.8	0
2989.6	0
2990.41	0
2991.22	0
2992.03	0
2992.84	0
2993.64	0
2994.45	0
2995.26	0
2996.07	0
2996.88	0
2997.69	0
2998.5	0
2999.3	0
3000.11	0
3000.92	0
3001.73	0
3002.54	0
3003.35	0
3004.16	0
3004.97	0
3005.78	0
3006.59	0
3007.4	0
3008.21	0
3009.02	0
3009.83	0
3010.64	0
3011.45	0
3012.26	0
3013.07	0
3013.88	0
3014.69	0
3015.5	0
3016.31	0
3017.12	0
3017.93	0
3018.74	0
3019.56	0
3020.37	0
3021.18	0
3021.99	0
3022.8	0
3023.61	0
3024.43	0
3025.24	0
3026.05	0
3026.86	0
3027.67	0
3028.49	0
3029.3	1
3030.11	0
3030.92	0
3031.74	0
3032.55	0
3033.36	0
3034.18	0
3034.99	0
3035.8	0
3036.61	0
3037.43	0
3038.24	0
3039.06	0
3039.87	0
3040.68	0
3041.5	0
3042.31	0
3043.13	0
3043.94	0
3044.75	0
3045.57	0
3046.38	0
3047.2	0
3048.01	0
3048.83	0
3049.64	0
3050.46	0
3051.27	0
3052.09	0
3052.9	0
3053.72	1
3054.53	0
3055.35	0
3056.16	0
3056.98	1
3057.8	0
3058.61	1
3059.43	0
3060.24	0
3061.06	0
3061.88	0
3062.69	0
3063.51	0
3064.33	0
3065.14	0
3065.96	0
3066.78	1
3067.6	0
3068.41	0
3069.23	0
3070.05	0
3070.86	0
3071.68	0
3072.5	0
3073.32	0
3074.14	0
3074.95	0
3075.77	0
3076.59	0
3077.41	0
3078.23	0
3079.04	0
3079.86	0
3080.68	0
3081.5	0
3082.32	0
3083.14	0
3083.96	0
3084.78	0
3085.6	0
3086.42	0
3087.24	0
3088.05	0
3088.87	0
3089.69	0
3090.51	0
3091.33	0
3092.15	0
3092.97	0
3093.79	0
3094.61	0
3095.44	0
3096.26	0
3097.08	0
3097.9	1
3098.72	0
3099.54	0
3100.36	0
3101.18	0
3102	0
3102.82	0
3103.65	0
3104.47	0
3105.29	0
3106.11	0
3106.93	0
3107.75	0
3108.58	0
3109.4	0
3110.22	0
3111.04	0
3111.87	0
3112.69	0
3113.51	0
3114.33	0
3115.16	0
3115.98	0
3116.8	1
3117.63	0
3118.45	0
3119.27	0
3120.1	0
3120.92	0
3121.74	0
3122.57	0
3123.39	0
3124.21	0
3125.04	0
3125.86	0
3126.69	0
3127.51	0
3128.34	0
3129.16	0
3129.99	0
3130.81	0
3131.63	0
3132.46	0
3133.28	0
3134.11	0
3134.94	0
3135.76	0
3136.59	0
3137.41	0
3138.24	0
3139.06	0
3139.89	0
3140.71	0
3141.54	0
3142.37	0
3143.19	0
3144.02	0
3144.85	0
3145.67	0
3146.5	0
3147.33	0
3148.15	0
3148.98	0
3149.81	0
3150.63	0
3151.46	0
3152.29	0
3153.12	0
3153.94	0
3154.77	0
3155.6	0
3156.43	0
3157.25	0
3158.08	0
3158.91	0
3159.74	0
3160.57	0
3161.4	0
3162.22	0
3163.05	0
3163.88	0
3164.71	0
3165.54	0
3166.37	0
3167.2	0
3168.03	0
3168.86	0
3169.69	0
3170.52	0
3171.34	0
3172.17	0
3173	0
3173.83	0
3174.66	0
3175.49	0
3176.32	0
3177.15	0
3177.99	0
3178.82	0
3179.65	0
3180.48	0
3181.31	0
3182.14	0
3182.97	0
3183.8	0
3184.63	0
3185.46	0
3186.3	0
3187.13	0
3187.96	0
3188.79	1
3189.62	0
3190.45	0
3191.29	0
3192.12	0
3192.95	0
3193.78	0
3194.62	0
3195.45	0
3196.28	0
3197.11	0
3197.95	0
3198.78	0
3199.61	0
3200.45	0
3201.28	0
3202.11	0
3202.95	0
3203.78	0
3204.61	0
3205.45	0
3206.28	0
3207.11	0
3207.95	0
3208.78	0
3209.62	0
3210.45	0
3211.29	0
3212.12	0
3212.95	0
3213.79	0
3214.62	0
3215.46	0
3216.29	0
3217.13	1
3217.96	0
3218.8	0
3219.64	0
3220.47	0
3221.31	0
3222.14	0
3222.98	0
3223.81	0
3224.65	0
3225.49	0
3226.32	0
3227.16	0
3228	0
3228.83	0
3229.67	0
3230.51	0
3231.34	0
3232.18	0
3233.02	0
3233.85	0
3234.69	0
3235.53	0
3236.37	1
3237.2	0
3238.04	0
3238.88	0
3239.72	0
3240.55	0
3241.39	0
3242.23	0
3243.07	0
3243.91	0
3244.75	0
3245.58	0
3246.42	0
3247.26	0
3248.1	0
3248.94	0
3249.78	1
3250.62	0
3251.46	0
3252.3	0
3253.14	0
3253.97	0
3254.81	0
3255.65	0
3256.49	0
3257.33	0
3258.17	0
3259.01	0
3259.85	0
3260.7	0
3261.54	1
3262.38	0
3263.22	0
3264.06	0
3264.9	0
3265.74	0
3266.58	0
3267.42	0
3268.26	0
3269.1	0
3269.95	0
3270.79	0
3271.63	0
3272.47	0
3273.31	0
3274.15	0
3275	0
3275.84	0
3276.68	0
3277.52	0
3278.37	0
3279.21	0
3280.05	0
3280.89	0
3281.74	0
3282.58	0
3283.42	0
3284.27	0
3285.11	0
3285.95	0
3286.8	0
3287.64	0
3288.48	0
3289.33	0
3290.17	0
3291.02	0
3291.86	0
3292.7	0
3293.55	0
3294.39	0
3295.24	0
3296.08	1
3296.93	0
3297.77	0
3298.62	0
3299.46	0
3300.31	0
3301.15	0
3302	0
3302.84	0
3303.69	0
3304.53	0
3305.38	0
3306.22	0
3307.07	0
3307.92	0
3308.76	0
3309.61	0
3310.46	0
3311.3	0
3312.15	0
3313	0
3313.84	0
3314.69	0
3315.54	0
3316.38	0
3317.23	0
3318.08	0
3318.92	0
3319.77	0
3320.62	0
3321.47	0
3322.31	0
3323.16	0
3324.01	0
3324.86	0
3325.71	0
3326.55	0
3327.4	0
3328.25	0
3329.1	0
3329.95	0
3330.8	0
3331.65	0
3332.5	0
3333.34	0
3334.19	0
3335.04	0
3335.89	0
3336.74	0
3337.59	0
3338.44	0
3339.29	0
3340.14	1
3340.99	0
3341.84	0
3342.69	0
3343.54	0
3344.39	1
3345.24	0
3346.09	0
3346.94	0
3347.79	0
3348.64	0
3349.5	0
3350.35	0
3351.2	0
3352.05	0
3352.9	0
3353.75	0
3354.6	1
3355.46	0
3356.31	0
3357.16	0
3358.01	0
3358.86	0
3359.72	0
3360.57	0
3361.42	0
3362.27	0
3363.13	0
3363.98	0
3364.83	0
3365.68	0
3366.54	0
3367.39	0
3368.24	0
3369.1	0
3369.95	0
3370.8	0
3371.66	0
3372.51	0
3373.36	0
3374.22	0
3375.07	0
3375.93	0
3376.78	0
3377.63	0
3378.49	0
3379.34	0
3380.2	0
3381.05	0
3381.91	0
3382.76	0
3383.62	0
3384.47	0
3385.33	0
3386.18	0
3387.04	0
3387.89	0
3388.75	0
3389.61	0
3390.46	0
3391.32	1
3392.17	0
3393.03	0
3393.89	0
3394.74	0
3395.6	0
3396.46	0
3397.31	0
3398.17	0
3399.03	0
3399.88	0
3400.74	0
3401.6	0
3402.45	0
3403.31	0
3404.17	0
3405.03	0
3405.88	0
3406.74	0
3407.6	0
3408.46	0
3409.32	0
3410.17	0
3411.03	0
3411.89	0
3412.75	0
3413.61	0
3414.47	0
3415.33	0
3416.18	0
3417.04	0
3417.9	0
3418.76	0
3419.62	0
3420.48	0
3421.34	0
3422.2	0
3423.06	0
3423.92	0
3424.78	0
3425.64	0
3426.5	0
3427.36	0
3428.22	0
3429.08	0
3429.94	0
3430.8	0
3431.66	0
3432.52	0
3433.38	0
3434.25	0
3435.11	0
3435.97	1
3436.83	0
3437.69	0
3438.55	0
3439.41	0
3440.28	0
3441.14	0
3442	0
3442.86	0
3443.72	0
3444.59	0
3445.45	0
3446.31	0
3447.17	0
3448.04	0
3448.9	0
3449.76	1
3450.62	0
3451.49	0
3452.35	0
3453.21	0
3454.08	0
3454.94	0
3455.8	0
3456.67	0
3457.53	0
3458.4	0
3459.26	0
3460.12	0
3460.99	0
3461.85	0
3462.72	0
3463.58	0
3464.45	0
3465.31	0
3466.18	0
3467.04	0
3467.91	0
3468.77	0
3469.64	0
3470.5	0
3471.37	0
3472.23	0
3473.1	0
3473.96	0
3474.83	0
3475.7	0
3476.56	0
3477.43	0
3478.29	0
3479.16	0
3480.03	0
3480.89	0
3481.76	0
3482.63	0
3483.49	0
3484.36	0
3485.23	0
3486.09	0
3486.96	0
3487.83	0
3488.7	0
3489.56	0
3490.43	0
3491.3	0
3492.17	0
3493.04	0
3493.9	0
3494.77	0
3495.64	0
3496.51	0
3497.38	0
3498.25	0
3499.11	0
3499.98	0
3500.85	0
3501.72	0
3502.59	0
3503.46	0
3504.33	0
3505.2	0
3506.07	0
3506.94	0
3507.81	0
3508.68	0
3509.55	0
3510.42	0
3511.29	0
3512.16	0
3513.03	0
3513.9	0
3514.77	0
3515.64	0
3516.51	0
3517.38	0
3518.25	0
3519.12	0
3519.99	0
3520.87	0
3521.74	0
3522.61	0
3523.48	0
3524.35	0
3525.22	1
3526.1	0
3526.97	0
3527.84	0
3528.71	0
3529.58	0
3530.46	0
3531.33	0
3532.2	0
3533.07	0
3533.95	0
3534.82	0
3535.69	0
3536.57	0
3537.44	0
3538.31	0
3539.19	0
3540.06	0
3540.93	0
3541.81	0
3542.68	0
3543.55	0
3544.43	0
3545.3	0
3546.18	0
3547.05	0
3547.93	0
3548.8	0
3549.68	0
3550.55	0
3551.42	0
3552.3	0
3553.17	0
3554.05	0
3554.93	0
3555.8	0
3556.68	0
3557.55	0
3558.43	0
3559.3	0
3560.18	0
3561.06	0
3561.93	0
3562.81	0
3563.68	0
3564.56	0
3565.44	0
3566.31	0
3567.19	0
3568.07	0
3568.94	0
3569.82	0
3570.7	0
3571.58	0
3572.45	0
3573.33	0
3574.21	0
3575.09	0
3575.96	0
3576.84	0
3577.72	0
3578.6	0
3579.48	0
3580.35	0
3581.23	0
3582.11	0
3582.99	0
3583.87	0
3584.75	0
3585.63	0
3586.5	0
3587.38	0
3588.26	0
3589.14	0
3590.02	0
3590.9	0
3591.78	0
3592.66	0
3593.54	0
3594.42	0
3595.3	0
3596.18	0
3597.06	0
3597.94	0
3598.82	0
3599.7	0
3600.58	0
3601.46	0
3602.34	0
3603.22	0
3604.11	0
3604.99	0
3605.87	0
3606.75	0
3607.63	0
3608.51	0
3609.39	0
3610.28	0
3611.16	0
3612.04	0
3612.92	0
3613.8	0
3614.69	0
3615.57	0
3616.45	0
3617.33	0
3618.22	0
3619.1	0
3619.98	1
3620.87	0
3621.75	0
3622.63	0
3623.51	1
3624.4	0
3625.28	0
3626.17	0
3627.05	0
3627.93	0
3628.82	0
3629.7	0
3630.59	0
3631.47	0
3632.35	0
3633.24	0
3634.12	0
3635.01	0
3635.89	0
3636.78	0
3637.66	0
3638.55	0
3639.43	0
3640.32	1
3641.2	0
3642.09	0
3642.97	0
3643.86	0
3644.75	0
3645.63	0
3646.52	0
3647.4	0
3648.29	0
3649.18	0
3650.06	0
3650.95	0
3651.84	0
3652.72	0
3653.61	0
3654.5	0
3655.38	0
3656.27	0
3657.16	0
3658.05	0
3658.93	0
3659.82	0
3660.71	0
3661.6	0
3662.48	0
3663.37	0
3664.26	0
3665.15	0
3666.04	0
3666.92	0
3667.81	0
3668.7	0
3669.59	0
3670.48	0
3671.37	0
3672.26	0
3673.15	0
3674.04	0
3674.92	0
3675.81	0
3676.7	0
3677.59	0
3678.48	0
3679.37	0
3680.26	0
3681.15	0
3682.04	0
3682.93	0
3683.82	0
3684.71	0
3685.61	0
3686.5	0
3687.39	1
3688.28	0
3689.17	0
3690.06	0
3690.95	0
3691.84	0
3692.73	0
3693.62	0
3694.52	0
3695.41	0
3696.3	0
3697.19	0
3698.08	1
3698.98	0
3699.87	0
3700.76	0
3701.65	0
3702.55	0
3703.44	0
3704.33	0
3705.22	0
3706.12	0
3707.01	0
3707.9	0
3708.8	0
3709.69	0
3710.58	0
3711.48	0
3712.37	0
3713.26	0
3714.16	0
3715.05	0
3715.95	0
3716.84	0
3717.74	0
3718.63	0
3719.52	0
3720.42	0
3721.31	0
3722.21	0
3723.1	0
3724	0
3724.89	0
3725.79	0
3726.68	0
3727.58	0
3728.48	0
3729.37	0
3730.27	0
3731.16	0
3732.06	0
3732.95	0
3733.85	1
3734.75	0
3735.64	0
3736.54	0
3737.44	0
3738.33	0
3739.23	0
3740.13	0
3741.02	0
3741.92	0
3742.82	0
3743.72	0
3744.61	0
3745.51	0
3746.41	0
3747.31	0
3748.2	0
3749.1	0
3750	0
3750.9	0
3751.8	0
3752.7	0
3753.59	0
3754.49	0
3755.39	0
3756.29	0
3757.19	0
3758.09	0
3758.99	0
3759.89	0
3760.79	0
3761.68	0
3762.58	0
3763.48	0
3764.38	0
3765.28	0
3766.18	0
3767.08	0
3767.98	0
3768.88	0
3769.78	0
3770.68	0
3771.59	0
3772.49	0
3773.39	0
3774.29	0
3775.19	0
3776.09	0
3776.99	0
3777.89	0
3778.79	0
3779.7	0
3780.6	0
3781.5	0
3782.4	0
3783.3	0
3784.2	0
3785.11	0
3786.01	0
3786.91	0
3787.81	0
3788.72	0
3789.62	0
3790.52	0
3791.42	0
3792.33	0
3793.23	1
3794.13	0
3795.04	0
3795.94	0
3796.84	0
3797.75	0
3798.65	0
3799.56	0
3800.46	0
3801.36	0
3802.27	0
3803.17	0
3804.08	0
3804.98	0
3805.88	0
3806.79	0
3807.69	0
3808.6	0
3809.5	0
3810.41	0
3811.31	0
3812.22	0
3813.13	0
3814.03	0
3814.94	0
3815.84	0
3816.75	0
3817.65	0
3818.56	0
3819.47	0
3820.37	0
3821.28	0
3822.18	0
3823.09	0
3824	0
3824.9	0
3825.81	0
3826.72	0
3827.63	0
3828.53	0
3829.44	0
3830.35	0
3831.25	0
3832.16	0
3833.07	0
3833.98	0
3834.89	0
3835.79	0
3836.7	0
3837.61	0
3838.52	0
3839.43	0
3840.34	0
3841.24	0
3842.15	0
3843.06	0
3843.97	0
3844.88	0
3845.79	0
3846.7	0
3847.61	0
3848.52	0
3849.43	0
3850.34	0
3851.25	0
3852.16	0
3853.07	0
3853.98	0
3854.89	0
3855.8	0
3856.71	0
3857.62	0
3858.53	0
3859.44	0
3860.35	0
3861.26	0
3862.17	0
3863.08	0
3863.99	0
3864.91	0
3865.82	0
3866.73	0
3867.64	0
3868.55	0
3869.46	0
3870.38	0
3871.29	0
3872.2	0
3873.11	0
3874.03	0
3874.94	0
3875.85	0
3876.76	0
3877.68	0
3878.59	0
3879.5	0
3880.42	0
3881.33	0
3882.24	0
3883.16	0
3884.07	0
3884.98	0
3885.9	0
3886.81	0
3887.72	0
3888.64	0
3889.55	0
3890.47	0
3891.38	0
3892.3	0
3893.21	0
3894.13	0
3895.04	0
3895.96	0
3896.87	0
3897.79	0
3898.7	0
3899.62	0
3900.53	0
3901.45	0
3902.36	0
3903.28	0
3904.19	0
3905.11	0
3906.03	0
3906.94	0
3907.86	1
3908.78	0
3909.69	0
3910.61	0
3911.53	0
3912.44	0
3913.36	0
3914.28	0
3915.19	0
3916.11	0
3917.03	0
3917.95	0
3918.86	0
3919.78	0
3920.7	0
3921.62	0
3922.53	0
3923.45	0
3924.37	0
3925.29	0
3926.21	0
3927.13	0
3928.05	0
3928.96	0
3929.88	0
3930.8	0
3931.72	0
3932.64	0
3933.56	0
3934.48	0
3935.4	0
3936.32	0
3937.24	0
3938.16	0
3939.08	0
3940	0
3940.92	0
3941.84	0
3942.76	0
3943.68	0
3944.6	0
3945.52	1
3946.44	0
3947.36	0
3948.28	0
3949.2	0
3950.12	0
3951.05	0
3951.97	0
3952.89	0
3953.81	0
3954.73	0
3955.65	0
3956.58	0
3957.5	0
3958.42	0
3959.34	0
3960.26	0
3961.19	0
3962.11	0
3963.03	0
3963.95	0
3964.88	0
3965.8	0
3966.72	0
3967.65	0
3968.57	0
3969.49	0
3970.42	0
3971.34	0
3972.26	0
3973.19	0
3974.11	0
3975.04	0
3975.96	0
3976.88	0
3977.81	0
3978.73	0
3979.66	0
3980.58	0
3981.51	0
3982.43	0
3983.36	0
3984.28	0
3985.21	0
3986.13	0
3987.06	0
3987.98	0
3988.91	0
3989.84	0
3990.76	0
3991.69	0
3992.61	0
3993.54	0
3994.47	1
3995.39	0
3996.32	0
3997.25	0
3998.17	0
3999.1	0
4000.03	0
4000.95	0
4001.88	0
4002.81	0
4003.73	0
4004.66	0
4005.59	0
4006.52	0
4007.44	0
4008.37	0
4009.3	0
4010.23	0
4011.16	0
4012.08	0
4013.01	0
4013.94	0
4014.87	0
4015.8	0
4016.73	0
4017.66	0
4018.59	1
4019.51	0
4020.44	0
4021.37	0
4022.3	0
4023.23	1
4024.16	0
4025.09	0
4026.02	0
4026.95	0
4027.88	0
4028.81	0
4029.74	0
4030.67	0
4031.6	0
4032.53	0
4033.46	0
4034.4	0
4035.33	0
4036.26	0
4037.19	0
4038.12	0
4039.05	0
4039.98	0
4040.91	0
4041.85	0
4042.78	1
4043.71	0
4044.64	0
4045.57	0
4046.51	0
4047.44	0
4048.37	0
4049.3	0
4050.24	1
4051.17	0
4052.1	0
4053.03	0
4053.97	0
4054.9	0
4055.83	0
4056.77	0
4057.7	0
4058.63	0
4059.57	0
4060.5	0
4061.44	0
4062.37	0
4063.3	0
4064.24	0
4065.17	0
4066.11	0
4067.04	0
4067.98	0
4068.91	0
4069.85	0
4070.78	0
4071.72	0
4072.65	0
4073.59	0
4074.52	0
4075.46	0
4076.39	0
4077.33	0
4078.26	0
4079.2	0
4080.14	0
4081.07	0
4082.01	0
4082.95	0
4083.88	1
4084.82	0
4085.76	0
4086.69	0
4087.63	0
4088.57	0
4089.5	0
4090.44	0
4091.38	0
4092.32	0
4093.25	0
4094.19	0
4095.13	0
4096.07	0
4097	0
4097.94	0
4098.88	0
4099.82	0
4100.76	0
4101.7	0
4102.63	0
4103.57	0
4104.51	0
4105.45	0
4106.39	0
4107.33	0
4108.27	0
4109.21	0
4110.15	0
4111.09	0
4112.03	0
4112.97	0
4113.91	0
4114.85	0
4115.79	0
4116.73	0
4117.67	0
4118.61	0
4119.55	1
4120.49	0
4121.43	0
4122.37	0
4123.31	0
4124.25	0
4125.19	0
4126.13	0
4127.08	0
4128.02	1
4128.96	0
4129.9	0
4130.84	0
4131.78	0
4132.73	0
4133.67	0
4134.61	0
4135.55	1
4136.5	0
4137.44	0
4138.38	0
4139.32	0
4140.27	0
4141.21	0
4142.15	0
4143.1	0
4144.04	0
4144.98	0
4145.93	0
4146.87	0
4147.81	0
4148.76	0
4149.7	0
4150.65	0
4151.59	0
4152.53	0
4153.48	0
4154.42	0
4155.37	0
4156.31	0
4157.26	0
4158.2	0
4159.15	0
4160.09	0
4161.04	0
4161.98	0
4162.93	0
4163.87	0
4164.82	0
4165.77	0
4166.71	0
4167.66	0
4168.6	0
4169.55	0
4170.5	0
4171.44	0
4172.39	0
4173.34	0
4174.28	0
4175.23	0
4176.18	0
4177.12	0
4178.07	0
4179.02	0
4179.96	0
4180.91	0
4181.86	0
4182.81	0
4183.76	0
4184.7	0
4185.65	0
4186.6	0
4187.55	0
4188.5	0
4189.44	0
4190.39	0
4191.34	1
4192.29	0
4193.24	0
4194.19	0
4195.14	0
4196.09	0
4197.04	0
4197.99	0
4198.94	0
4199.88	0
4200.83	0
4201.78	0
4202.73	0
4203.68	0
4204.63	0
4205.59	0
4206.54	0
4207.49	0
4208.44	0
4209.39	0
4210.34	0
4211.29	0
4212.24	0
4213.19	0
4214.14	0
4215.09	0
4216.05	0
4217	0
4217.95	0
4218.9	0
4219.85	0
4220.8	0
4221.76	0
4222.71	0
4223.66	0
4224.61	0
4225.57	0
4226.52	0
4227.47	0
4228.42	0
4229.38	0
4230.33	0
4231.28	0
4232.24	0
4233.19	0
4234.14	0
4235.1	0
4236.05	0
4237.01	0
4237.96	0
4238.91	0
4239.87	0
4240.82	0
4241.78	0
4242.73	0
4243.69	0
4244.64	0
4245.59	0
4246.55	0
4247.5	0
4248.46	0
4249.42	0
4250.37	0
4251.33	0
4252.28	0
4253.24	1
4254.19	0
4255.15	0
4256.1	0
4257.06	0
4258.02	0
4258.97	0
4259.93	0
4260.89	0
4261.84	0
4262.8	0
4263.76	0
4264.71	0
4265.67	0
4266.63	0
4267.59	0
4268.54	0
4269.5	0
4270.46	0
4271.42	0
4272.37	0
4273.33	0
4274.29	0
4275.25	0
4276.21	0
4277.16	0
4278.12	1
4279.08	0
4280.04	0
4281	1
4281.96	0
4282.92	0
4283.88	0
4284.84	0
4285.79	0
4286.75	0
4287.71	0
4288.67	0
4289.63	1
4290.59	0
4291.55	0
4292.51	0
4293.47	0
4294.43	0
4295.39	0
4296.35	0
4297.32	0
4298.28	0
4299.24	0
4300.2	0
4301.16	0
4302.12	0
4303.08	0
4304.04	0
4305	0
4305.97	1
4306.93	0
4307.89	0
4308.85	0
4309.81	0
4310.78	0
4311.74	0
4312.7	0
4313.66	0
4314.63	0
4315.59	0
4316.55	0
4317.51	0
4318.48	0
4319.44	0
4320.4	0
4321.37	0
4322.33	0
4323.29	0
4324.26	0
4325.22	0
4326.19	0
4327.15	0
4328.11	0
4329.08	0
4330.04	0
4331.01	0
4331.97	0
4332.94	0
4333.9	0
4334.87	0
4335.83	0
4336.8	0
4337.76	0
4338.73	0
4339.69	0
4340.66	0
4341.62	0
4342.59	0
4343.55	0
4344.52	0
4345.49	0
4346.45	0
4347.42	0
4348.38	0
4349.35	0
4350.32	0
4351.28	0
4352.25	0
4353.22	0
4354.19	0
4355.15	0
4356.12	0
4357.09	0
4358.05	0
4359.02	0
4359.99	0
4360.96	0
4361.93	1
4362.89	0
4363.86	1
4364.83	0
4365.8	0
4366.77	0
4367.74	0
4368.7	0
4369.67	0
4370.64	0
4371.61	0
4372.58	0
4373.55	0
4374.52	0
4375.49	0
4376.46	1
4377.43	0
4378.4	0
4379.37	0
4380.34	0
4381.31	0
4382.28	0
4383.25	0
4384.22	0
4385.19	0
4386.16	0
4387.13	0
4388.1	0
4389.07	0
4390.04	0
4391.01	0
4391.99	0
4392.96	0
4393.93	0
4394.9	1
4395.87	0
4396.84	0
4397.81	0
4398.79	0
4399.76	0
4400.73	0
4401.7	0
4402.68	0
4403.65	0
4404.62	0
4405.59	0
4406.57	0
4407.54	0
4408.51	1
4409.49	0
4410.46	1
4411.43	0
4412.41	0
4413.38	0
4414.35	0
4415.33	0
4416.3	0
4417.28	1
4418.25	0
4419.23	0
4420.2	0
4421.17	0
4422.15	0
4423.12	0
4424.1	0
4425.07	0
4426.05	0
4427.02	0
4428	0
4428.97	0
4429.95	0
4430.93	0
4431.9	0
4432.88	0
4433.85	0
4434.83	0
4435.81	0
4436.78	1
4437.76	1
4438.73	0
4439.71	0
4440.69	0
4441.66	0
4442.64	1
4443.62	0
4444.6	0
4445.57	0
4446.55	1
4447.53	1
4448.51	0
4449.48	0
4450.46	0
4451.44	0
4452.42	1
4453.4	0
4454.37	0
4455.35	1
4456.33	0
4457.31	0
4458.29	0
4459.27	0
4460.25	0
4461.22	0
4462.2	0
4463.18	0
4464.16	0
4465.14	0
4466.12	0
4467.1	0
4468.08	0
4469.06	2
4470.04	0
4471.02	0
4472	0
4472.98	0
4473.96	0
4474.94	0
4475.92	0
4476.9	0
4477.88	0
4478.87	0
4479.85	0
4480.83	0
4481.81	0
4482.79	0
4483.77	0
4484.75	0
4485.74	0
4486.72	0
4487.7	0
4488.68	0
4489.66	0
4490.65	0
4491.63	0
4492.61	0
4493.59	0
4494.58	0
4495.56	0
4496.54	0
4497.53	0
4498.51	0
4499.49	0
4500.48	0
4501.46	0
4502.44	0
4503.43	0
4504.41	0
4505.39	0
4506.38	0
4507.36	0
4508.35	0
4509.33	0
4510.32	0
4511.3	0
4512.28	0
4513.27	0
4514.25	0
4515.24	0
4516.22	0
4517.21	0
4518.2	0
4519.18	0
4520.17	0
4521.15	0
4522.14	0
4523.12	0
4524.11	0
4525.1	0
4526.08	0
4527.07	0
4528.05	0
4529.04	0
4530.03	0
4531.01	0
4532	0
4532.99	0
4533.98	0
4534.96	0
4535.95	0
4536.94	0
4537.93	0
4538.91	0
4539.9	0
4540.89	0
4541.88	0
4542.87	0
4543.85	0
4544.84	0
4545.83	0
4546.82	0
4547.81	0
4548.8	0
4549.78	0
4550.77	0
4551.76	0
4552.75	0
4553.74	0
4554.73	0
4555.72	0
4556.71	0
4557.7	0
4558.69	0
4559.68	0
4560.67	0
4561.66	0
4562.65	0
4563.64	0
4564.63	0
4565.62	0
4566.61	0
4567.6	0
4568.59	0
4569.59	0
4570.58	0
4571.57	0
4572.56	0
4573.55	0
4574.54	0
4575.53	0
4576.53	0
4577.52	0
4578.51	0
4579.5	0
4580.49	0
4581.49	0
4582.48	0
4583.47	0
4584.47	0
4585.46	0
4586.45	0
4587.44	0
4588.44	0
4589.43	0
4590.42	0
4591.42	0
4592.41	0
4593.4	0
4594.4	0
4595.39	0
4596.39	0
4597.38	0
4598.38	0
4599.37	0
4600.36	0
4601.36	0
4602.35	0
4603.35	0
4604.34	0
4605.34	0
4606.33	0
4607.33	0
4608.32	0
4609.32	0
4610.31	0
4611.31	0
4612.31	0
4613.3	0
4614.3	0
4615.29	0
4616.29	0
4617.29	0
4618.28	0
4619.28	0
4620.28	0
4621.27	0
4622.27	0
4623.27	0
4624.26	0
4625.26	0
4626.26	0
4627.26	0
4628.25	0
4629.25	0
4630.25	0
4631.25	0
4632.25	0
4633.24	0
4634.24	0
4635.24	0
4636.24	0
4637.24	0
4638.24	0
4639.24	0
4640.23	0
4641.23	0
4642.23	0
4643.23	0
4644.23	0
4645.23	0
4646.23	0
4647.23	0
4648.23	0
4649.23	0
4650.23	0
4651.23	0
4652.23	0
4653.23	0
4654.23	0
4655.23	0
4656.23	0
4657.23	0
4658.23	0
4659.23	0
4660.24	0
4661.24	0
4662.24	0
4663.24	0
4664.24	0
4665.24	0
4666.24	0
4667.25	0
4668.25	0
4669.25	0
4670.25	0
4671.26	0
4672.26	0
4673.26	0
4674.26	0
4675.27	0
4676.27	0
4677.27	0
4678.27	0
4679.28	0
4680.28	0
4681.28	0
4682.29	0
4683.29	0
4684.3	0
4685.3	0
4686.3	0
4687.31	0
4688.31	0
4689.32	0
4690.32	0
4691.32	0
4692.33	0
4693.33	0
4694.34	0
4695.34	0
4696.35	0
4697.35	0
4698.36	0
4699.37	0
4700.37	0
4701.38	0
4702.38	0
4703.39	0
4704.39	0
4705.4	0
4706.41	0
4707.41	0
4708.42	0
4709.43	0
4710.43	0
4711.44	0
4712.45	0
4713.45	0
4714.46	0
4715.47	0
4716.47	0
4717.48	0
4718.49	0
4719.5	0
4720.51	0
4721.51	0
4722.52	0
4723.53	0
4724.54	0
4725.55	0
4726.55	0
4727.56	0
4728.57	0
4729.58	0
4730.59	0
4731.6	0
4732.61	0
4733.62	0
4734.63	0
4735.63	0
4736.64	0
4737.65	0
4738.66	0
4739.67	0
4740.68	0
4741.69	0
4742.7	0
4743.71	0
4744.72	0
4745.74	0
4746.75	0
4747.76	0
4748.77	0
4749.78	0
4750.79	0
4751.8	0
4752.81	0
4753.82	0
4754.84	0
4755.85	0
4756.86	0
4757.87	0
4758.88	0
4759.89	0
4760.91	0
4761.92	0
4762.93	0
4763.94	0
4764.96	0
4765.97	0
4766.98	0
4768	0
4769.01	0
4770.02	0
4771.03	0
4772.05	0
4773.06	0
4774.08	0
4775.09	0
4776.1	0
4777.12	0
4778.13	0
4779.15	0
4780.16	0
4781.17	0
4782.19	0
4783.2	0
4784.22	0
4785.23	0
4786.25	0
4787.26	0
4788.28	0
4789.29	0
4790.31	0
4791.32	0
4792.34	0
4793.36	0
4794.37	0
4795.39	0
4796.4	0
4797.42	0
4798.44	0
4799.45	0
4800.47	0
4801.49	0
4802.5	0
4803.52	0
4804.54	0
4805.55	0
4806.57	0
4807.59	0
4808.61	0
4809.62	0
4810.64	0
4811.66	0
4812.68	0
4813.69	0
4814.71	0
4815.73	0
4816.75	0
4817.77	0
4818.79	0
4819.81	0
4820.82	0
4821.84	0
4822.86	0
4823.88	0
4824.9	0
4825.92	0
4826.94	0
4827.96	0
4828.98	0
4830	0
4831.02	0
4832.04	0
4833.06	0
4834.08	0
4835.1	0
4836.12	0
4837.14	0
4838.16	0
4839.18	0
4840.2	0
4841.22	0
4842.24	0
4843.27	0
4844.29	0
4845.31	0
4846.33	0
4847.35	0
4848.37	0
4849.4	0
4850.42	0
4851.44	0
4852.46	0
4853.48	0
4854.51	0
4855.53	0
4856.55	0
4857.57	0
4858.6	0
4859.62	0
4860.64	0
4861.67	0
4862.69	0
4863.71	0
4864.74	0
4865.76	0
4866.78	0
4867.81	0
4868.83	0
4869.86	0
4870.88	0
4871.91	0
4872.93	0
4873.95	0
4874.98	0
4876	0
4877.03	0
4878.05	0
4879.08	0
4880.1	0
4881.13	0
4882.16	0
4883.18	0
4884.21	0
4885.23	0
4886.26	0
4887.28	0
4888.31	0
4889.34	0
4890.36	0
4891.39	0
4892.42	0
4893.44	0
4894.47	0
4895.5	0
4896.52	0
4897.55	0
4898.58	0
4899.61	0
4900.63	0
4901.66	0
4902.69	0
4903.72	0
4904.74	0
4905.77	0
4906.8	0
4907.83	0
4908.86	0
4909.89	0
4910.91	0
4911.94	0
4912.97	0
4914	0
4915.03	0
4916.06	0
4917.09	0
4918.12	0
4919.15	0
4920.18	0
4921.21	0
4922.24	0
4923.27	0
4924.3	0
4925.33	0
4926.36	0
4927.39	0
4928.42	0
4929.45	0
4930.48	0
4931.51	0
4932.54	0
4933.57	0
4934.6	0
4935.64	0
4936.67	0
4937.7	0
4938.73	0
4939.76	0
4940.79	0
4941.83	0
4942.86	0
4943.89	0
4944.92	0
4945.95	0
4946.99	0
4948.02	0
4949.05	0
4950.09	0
4951.12	0
4952.15	0
4953.19	0
4954.22	0
4955.25	0
4956.29	0
4957.32	0
4958.35	0
4959.39	0
4960.42	0
4961.45	0
4962.49	0
4963.52	0
4964.56	0
4965.59	0
4966.63	0
4967.66	0
4968.7	0
4969.73	0
4970.77	0
4971.8	0
4972.84	0
4973.87	0
4974.91	0
4975.94	0
4976.98	0
4978.02	0
4979.05	0
4980.09	0
4981.12	0
4982.16	0
4983.2	0
4984.23	0
4985.27	0
4986.31	0
4987.34	0
4988.38	0
4989.42	0
4990.46	0
4991.49	0
4992.53	0
4993.57	0
4994.61	0
4995.64	0
4996.68	0
4997.72	0
4998.76	0
4999.8	0
5000.84	0
5001.87	0
5002.91	0
5003.95	0
5004.99	0
5006.03	0
5007.07	0
5008.11	0
5009.15	0
5010.19	0
5011.23	0
5012.27	0
5013.31	0
5014.35	0
5015.39	0
5016.43	0
5017.47	0
5018.51	0
5019.55	0
5020.59	0
5021.63	0
5022.67	0
5023.71	0
5024.75	0
5025.79	0
5026.83	0
5027.87	0
5028.92	0
5029.96	0
5031	0
5032.04	0
5033.08	0
5034.12	0
5035.17	0
5036.21	0
5037.25	0
5038.29	0
5039.34	0
5040.38	0
5041.42	0
5042.46	0
5043.51	0
5044.55	0
5045.59	0
5046.64	0
5047.68	0
5048.72	0
5049.77	0
5050.81	0
5051.86	0
5052.9	0
5053.94	0
5054.99	0
5056.03	0
5057.08	0
5058.12	0
5059.17	0
5060.21	0
5061.26	0
5062.3	0
5063.35	0
5064.39	0
5065.44	0
5066.48	0
5067.53	0
5068.57	0
5069.62	0
5070.67	0
5071.71	0
5072.76	0
5073.8	0
5074.85	0
5075.9	0
5076.94	0
5077.99	0
5079.04	0
5080.09	0
5081.13	0
5082.18	0
5083.23	0
5084.27	0
5085.32	0
5086.37	0
5087.42	0
5088.47	0
5089.51	0
5090.56	0
5091.61	0
5092.66	0
5093.71	0
5094.76	0
5095.8	0
5096.85	0
5097.9	0
5098.95	0
5100	0
5101.05	0
5102.1	0
5103.15	0
5104.2	0
5105.25	0
5106.3	0
5107.35	0
5108.4	0
5109.45	0
5110.5	0
5111.55	0
5112.6	0
5113.65	0
5114.7	0
5115.75	0
5116.8	0
5117.85	0
5118.9	0
5119.96	0
5121.01	0
5122.06	0
5123.11	0
5124.16	0
5125.21	0
5126.27	0
5127.32	0
5128.37	0
5129.42	0
5130.47	0
5131.53	0
5132.58	0
5133.63	0
5134.69	0
5135.74	0
5136.79	0
5137.84	0
5138.9	0
5139.95	0
5141.01	0
5142.06	0
5143.11	0
5144.17	0
5145.22	0
5146.27	0
5147.33	0
5148.38	0
5149.44	0
5150.49	0
5151.55	0
5152.6	0
5153.66	0
5154.71	0
5155.77	0
5156.82	0
5157.88	0
5158.93	0
5159.99	0
5161.04	0
5162.1	0
5163.16	0
5164.21	0
5165.27	0
5166.33	0
5167.38	0
5168.44	0
5169.49	0
5170.55	0
5171.61	0
5172.67	0
5173.72	0
5174.78	0
5175.84	0
5176.89	0
5177.95	0
5179.01	0
5180.07	0
5181.13	0
5182.18	0
5183.24	0
5184.3	0
5185.36	0
5186.42	0
5187.48	0
5188.53	0
5189.59	0
5190.65	0
5191.71	0
5192.77	0
5193.83	0
5194.89	0
5195.95	0
5197.01	0
5198.07	0
5199.13	0
5200.19	0
5201.25	0
5202.31	0
5203.37	0
5204.43	0
5205.49	0
5206.55	0
5207.61	0
5208.67	0
5209.73	0
5210.79	0
5211.85	0
5212.92	0
5213.98	0
5215.04	0
5216.1	0
5217.16	0
5218.22	0
5219.29	0
5220.35	0
5221.41	0
5222.47	0
5223.53	0
5224.6	0
5225.66	0
5226.72	0
5227.79	0
5228.85	0
5229.91	0
5230.98	0
5232.04	0
5233.1	0
5234.17	0
5235.23	0
5236.29	0
5237.36	0
5238.42	0
5239.49	0
5240.55	0
5241.61	0
5242.68	0
5243.74	0
5244.81	0
5245.87	0
5246.94	0
5248	0
5249.07	0
5250.13	0
5251.2	0
5252.26	0
5253.33	0
5254.4	0
5255.46	0
5256.53	0
5257.59	0
5258.66	0
5259.73	0
5260.79	0
5261.86	0
5262.93	0
5263.99	0
5265.06	0
5266.13	0
5267.19	0
5268.26	0
5269.33	0
5270.4	0
5271.46	0
5272.53	0
5273.6	0
5274.67	0
5275.74	0
5276.8	0
5277.87	0
5278.94	0
5280.01	0
5281.08	0
5282.15	0
5283.22	0
5284.28	0
5285.35	0
5286.42	0
5287.49	0
5288.56	0
5289.63	0
5290.7	0
5291.77	0
5292.84	0
5293.91	0
5294.98	0
5296.05	0
5297.12	0
5298.19	0
5299.26	0
5300.33	0
5301.4	0
5302.47	0
5303.55	0
5304.62	0
5305.69	0
5306.76	0
5307.83	0
5308.9	0
5309.97	0
5311.05	0
5312.12	0
5313.19	0
5314.26	0
5315.33	0
5316.41	0
5317.48	0
5318.55	0
5319.62	0
5320.7	0
5321.77	0
5322.84	0
5323.92	0
5324.99	0
5326.06	0
5327.14	0
5328.21	0
5329.28	0
5330.36	0
5331.43	0
5332.51	0
5333.58	0
5334.66	0
5335.73	0
5336.8	0
5337.88	0
5338.95	0
5340.03	0
5341.1	0
5342.18	0
5343.25	0
5344.33	0
5345.41	0
5346.48	0
5347.56	0
5348.63	0
5349.71	0
5350.78	0
5351.86	0
5352.94	0
5354.01	0
5355.09	0
5356.17	0
5357.24	0
5358.32	0
5359.4	0
5360.47	0
5361.55	0
5362.63	0
5363.71	0
5364.78	0
5365.86	0
5366.94	0
5368.02	0
5369.1	0
5370.17	0
5371.25	0
5372.33	0
5373.41	0
5374.49	0
5375.57	0
5376.65	0
5377.72	0
5378.8	0
5379.88	0
5380.96	0
5382.04	0
5383.12	0
5384.2	0
5385.28	0
5386.36	0
5387.44	0
5388.52	0
5389.6	0
5390.68	0
5391.76	0
5392.84	0
5393.92	0
5395	0
5396.08	0
5397.17	0
5398.25	0
5399.33	0
5400.41	0
5401.49	0
5402.57	0
5403.65	0
5404.74	0
5405.82	0
5406.9	0
5407.98	0
5409.06	0
5410.15	0
5411.23	0
5412.31	0
5413.39	0
5414.48	0
5415.56	0
5416.64	0
5417.73	0
5418.81	0
5419.89	0
5420.98	0
5422.06	0
5423.14	0
5424.23	0
5425.31	0
5426.4	0
5427.48	0
5428.57	0
5429.65	0
5430.73	0
5431.82	0
5432.9	0
5433.99	0
5435.07	0
5436.16	0
5437.24	0
5438.33	0
5439.42	0
5440.5	0
5441.59	0
5442.67	0
5443.76	0
5444.84	0
5445.93	0
5447.02	0
5448.1	0
5449.19	0
5450.28	0
5451.36	0
5452.45	0
5453.54	0
5454.63	0
5455.71	0
5456.8	0
5457.89	0
5458.97	0
5460.06	0
5461.15	0
5462.24	0
5463.33	0
5464.41	0
5465.5	0
5466.59	0
5467.68	0
5468.77	0
5469.86	0
5470.95	0
5472.04	0
5473.12	0
5474.21	0
5475.3	0
5476.39	0
5477.48	0
5478.57	0
5479.66	0
5480.75	0
5481.84	0
5482.93	0
5484.02	0
5485.11	0
5486.2	0
5487.29	0
5488.38	0
5489.48	0
5490.57	0
5491.66	0
5492.75	0
5493.84	0
5494.93	0
5496.02	0
5497.11	0
5498.21	0
5499.3	0
5500.39	0
5501.48	0
5502.57	0
5503.67	0
5504.76	0
5505.85	0
5506.94	0
5508.04	0
5509.13	0
5510.22	0
5511.32	0
5512.41	0
5513.5	0
5514.6	0
5515.69	0
5516.78	0
5517.88	0
5518.97	0
5520.07	0
5521.16	0
5522.25	0
5523.35	0
5524.44	0
5525.54	0
5526.63	0
5527.73	0
5528.82	0
5529.92	0
5531.01	0
5532.11	0
5533.2	0
5534.3	0
5535.4	0
5536.49	0
5537.59	0
5538.68	0
5539.78	0
5540.88	0
5541.97	0
5543.07	0
5544.17	0
5545.26	0
5546.36	0
5547.46	0
5548.55	0
5549.65	0
5550.75	0
5551.85	0
5552.94	0
5554.04	0
5555.14	0
5556.24	0
5557.33	0
5558.43	0
5559.53	0
5560.63	0
5561.73	0
5562.83	0
5563.92	0
5565.02	0
5566.12	0
5567.22	0
5568.32	0
5569.42	0
5570.52	0
5571.62	0
5572.72	0
5573.82	0
5574.92	0
5576.02	0
5577.12	0
5578.22	0
5579.32	0
5580.42	0
5581.52	0
5582.62	0
5583.72	0
5584.82	0
5585.92	0
5587.03	0
5588.13	0
5589.23	0
5590.33	0
5591.43	0
5592.53	0
5593.63	0
5594.74	0
5595.84	0
5596.94	0
5598.04	0
5599.15	0
5600.25	0
5601.35	0
5602.45	0
5603.56	0
5604.66	0
5605.76	0
5606.87	0
5607.97	0
5609.07	0
5610.18	0
5611.28	0
5612.38	0
5613.49	0
5614.59	0
5615.7	0
5616.8	0
5617.91	0
5619.01	0
5620.11	0
5621.22	0
5622.32	0
5623.43	0
5624.53	0
5625.64	0
5626.74	0
5627.85	0
5628.96	0
5630.06	0
5631.17	0
5632.27	0
5633.38	0
5634.49	0
5635.59	0
5636.7	0
5637.81	0
5638.91	0
5640.02	0
5641.13	0
5642.23	0
5643.34	0
5644.45	0
5645.55	0
5646.66	0
5647.77	0
5648.88	0
5649.98	0
5651.09	0
5652.2	0
5653.31	0
5654.42	0
5655.53	0
5656.63	0
5657.74	0
5658.85	0
5659.96	0
5661.07	0
5662.18	0
5663.29	0
5664.4	0
5665.51	0
5666.62	0
5667.73	0
5668.84	0
5669.95	0
5671.06	0
5672.17	0
5673.28	0
5674.39	0
5675.5	0
5676.61	0
5677.72	0
5678.83	0
5679.94	0
5681.05	0
5682.16	0
5683.27	0
5684.38	0
5685.5	0
5686.61	0
5687.72	0
5688.83	0
5689.94	0
5691.06	0
5692.17	0
5693.28	0
5694.39	0
5695.51	0
5696.62	0
5697.73	0
5698.84	0
5699.96	0
5701.07	0
5702.18	0
5703.3	0
5704.41	0
5705.52	0
5706.64	0
5707.75	0
5708.87	0
5709.98	0
5711.09	0
5712.21	0
5713.32	0
5714.44	0
5715.55	0
5716.67	0
5717.78	0
5718.9	0
5720.01	0
5721.13	0
5722.24	0
5723.36	0
5724.47	0
5725.59	0
5726.71	0
5727.82	0
5728.94	0
5730.05	0
5731.17	0
5732.29	0
5733.4	0
5734.52	0
5735.64	0
5736.75	0
5737.87	0
5738.99	0
5740.11	0
5741.22	0
5742.34	0
5743.46	0
5744.58	0
5745.69	0
5746.81	0
5747.93	0
5749.05	0
5750.17	0
5751.29	0
5752.4	0
5753.52	0
5754.64	0
5755.76	0
5756.88	0
5758	0
5759.12	0
5760.24	0
5761.36	0
5762.48	0
5763.6	0
5764.72	0
5765.84	0
5766.96	0
5768.08	0
5769.2	0
5770.32	0
5771.44	0
5772.56	0
5773.68	0
5774.8	0
5775.92	0
5777.04	0
5778.16	0
5779.29	0
5780.41	0
5781.53	0
5782.65	0
5783.77	0
5784.89	0
5786.02	0
5787.14	0
5788.26	0
5789.38	0
5790.51	0
5791.63	0
5792.75	0
5793.87	0
5795	0
5796.12	0
5797.24	0
5798.37	0
5799.49	0
5800.61	0
5801.74	0
5802.86	0
5803.99	0
5805.11	0
5806.23	0
5807.36	0
5808.48	0
5809.61	0
5810.73	0
5811.86	0
5812.98	0
5814.11	0
5815.23	0
5816.36	0
5817.48	0
5818.61	0
5819.73	0
5820.86	0
5821.99	0
5823.11	0
5824.24	0
5825.36	0
5826.49	0
5827.62	0
5828.74	0
5829.87	0
5831	0
5832.12	0
5833.25	0
5834.38	0
5835.5	0
5836.63	0
5837.76	0
5838.89	0
5840.02	0
5841.14	0
5842.27	0
5843.4	0
5844.53	0
5845.66	0
5846.78	0
5847.91	0
5849.04	0
5850.17	0
5851.3	0
5852.43	0
5853.56	0
5854.69	0
5855.82	0
5856.95	0
5858.08	0
5859.21	0
5860.33	0
5861.46	0
5862.59	0
5863.73	0
5864.86	0
5865.99	0
5867.12	0
5868.25	0
5869.38	0
5870.51	0
5871.64	0
5872.77	0
5873.9	0
5875.03	0
5876.17	0
5877.3	0
5878.43	0
5879.56	0
5880.69	0
5881.82	0
5882.96	0
5884.09	0
5885.22	0
5886.35	0
5887.49	0
5888.62	0
5889.75	0
5890.89	0
5892.02	0
5893.15	0
5894.29	0
5895.42	0
5896.55	0
5897.69	0
5898.82	0
5899.95	0
5901.09	0
5902.22	0
5903.36	0
5904.49	0
5905.63	0
5906.76	0
5907.9	0
5909.03	0
5910.17	0
5911.3	0
5912.44	0
5913.57	0
5914.71	0
5915.84	0
5916.98	0
5918.11	0
5919.25	0
5920.39	0
5921.52	0
5922.66	0
5923.8	0
5924.93	0
5926.07	0
5927.21	0
5928.34	0
5929.48	0
5930.62	0
5931.75	0
5932.89	0
5934.03	0
5935.17	0
5936.31	0
5937.44	0
5938.58	0
5939.72	0
5940.86	0
5942	0
5943.13	0
5944.27	0
5945.41	0
5946.55	0
5947.69	0
5948.83	0
5949.97	0
5951.11	0
5952.25	0
5953.39	0
5954.53	0
5955.67	0
5956.81	0
5957.95	0
5959.09	0
5960.23	0
5961.37	0
5962.51	0
5963.65	0
5964.79	0
5965.93	0
