-0.713419	0
-0.317676	0
0.0781204	0
0.473969	0
0.869871	0
1.26582	0
1.66183	0
2.05789	0
2.454	0
2.85017	0
3.24639	0
3.64266	0
4.03898	0
4.43536	0
4.83179	0
5.22827	0
5.6248	0
6.02139	0
6.41803	0
6.81473	0
7.21147	0
7.60827	0
8.00513	0
8.40203	0
8.79899	0
9.196	0
9.59307	0
9.99019	0
10.3874	0
10.7846	0
11.1819	0
11.5792	0
11.9766	0
12.374	0
12.7715	0
13.169	0
13.5666	0
13.9643	0
14.362	0
14.7597	0
15.1575	0
15.5554	0
15.9533	0
16.3513	0
16.7493	0
17.1474	0
17.5455	0
17.9437	0
18.3419	0
18.7402	0
19.1386	0
19.537	0
19.9354	0
20.3339	0
20.7325	0
21.1311	0
21.5297	0
21.9284	0
22.3272	0
22.726	0
23.1249	0
23.5238	0
23.9228	0
24.3219	0
24.721	3
25.1201	16
25.5193	28
25.9185	42
26.3178	33
26.7172	33
27.1166	33
27.5161	37
27.9156	35
28.3152	31
28.7148	30
29.1145	44
29.5142	38
29.914	36
30.3138	36
30.7137	30
31.1137	31
31.5137	44
31.9137	47
32.3138	44
32.714	26
33.1142	40
33.5145	31
33.9148	50
34.3152	45
34.7156	44
35.1161	43
35.5167	36
35.9173	33
36.3179	29
36.7186	29
37.1194	41
37.5202	44
37.921	48
38.322	37
38.7229	39
39.124	41
39.525	41
39.9262	42
40.3274	38
40.7286	47
41.1299	46
41.5313	47
41.9327	40
42.3341	38
42.7356	54
43.1372	45
43.5388	46
43.9405	47
44.3422	38
44.744	43
45.1459	40
45.5477	53
45.9497	48
46.3517	38
46.7538	36
47.1559	41
47.558	51
47.9602	43
48.3625	41
48.7648	42
49.1672	48
49.5697	41
49.9722	37
50.3747	53
50.7773	44
51.18	51
51.5827	46
51.9854	51
52.3882	37
52.7911	40
53.194	35
53.597	44
54.0001	35
54.4031	37
54.8063	28
55.2095	45
55.6127	35
56.0161	47
56.4194	45
56.8228	36
57.2263	40
57.6298	42
58.0334	35
58.4371	50
58.8407	48
59.2445	39
59.6483	47
60.0522	40
60.4561	43
60.86	30
61.264	49
61.6681	34
62.0723	41
62.4764	41
62.8807	37
63.285	56
63.6893	45
64.0937	36
64.4982	41
64.9027	43
65.3073	41
65.7119	40
66.1166	54
66.5213	40
66.9261	32
67.3309	38
67.7358	43
68.1408	42
68.5458	49
68.9509	55
69.356	56
69.7612	59
70.1664	70
70.5717	62
70.977	64
71.3824	79
71.7878	56
72.1934	77
72.5989	86
73.0045	92
73.4102	86
73.8159	93
74.2217	83
74.6275	92
75.0334	101
75.4394	88
75.8454	91
76.2514	99
76.6576	127
77.0637	113
77.4699	124
77.8762	111
78.2826	143
78.6889	106
79.0954	128
79.5019	126
79.9084	105
80.3151	101
80.7217	91
81.1284	73
81.5352	87
81.9421	81
82.3489	71
82.7559	74
83.1629	82
83.5699	79
83.9771	77
84.3842	74
84.7914	67
85.1987	75
85.6061	61
86.0134	74
86.4209	62
86.8284	82
87.2359	67
87.6436	77
88.0512	79
88.4589	86
88.8667	66
89.2746	77
89.6825	67
90.0904	59
90.4984	67
90.9065	71
91.3146	69
91.7227	69
92.131	61
92.5392	60
92.9476	52
93.356	62
93.7644	61
94.1729	46
94.5815	57
94.9901	62
95.3988	63
95.8075	46
96.2163	45
96.6251	33
97.034	45
97.443	51
97.852	39
98.2611	50
98.6702	42
99.0794	52
99.4886	61
99.8979	41
100.307	40
100.717	41
101.126	48
101.536	67
101.945	62
102.355	40
102.764	50
103.174	50
103.584	53
103.994	49
104.404	45
104.814	51
105.224	39
105.634	56
106.044	36
106.454	46
106.864	49
107.275	44
107.685	58
108.095	55
108.506	55
108.916	39
109.327	56
109.738	57
110.148	48
110.559	55
110.97	60
111.381	47
111.792	57
112.203	55
112.614	58
113.025	50
113.436	61
113.847	45
114.258	58
114.67	55
115.081	52
115.493	49
115.904	59
116.316	61
116.727	44
117.139	60
117.551	53
117.962	52
118.374	37
118.786	47
119.198	58
119.61	56
120.022	59
120.434	51
120.846	53
121.259	58
121.671	60
122.083	43
122.496	42
122.908	44
123.321	53
123.733	43
124.146	53
124.558	47
124.971	63
125.384	39
125.797	58
126.21	51
126.623	41
127.036	60
127.449	36
127.862	37
128.275	46
128.688	43
129.102	50
129.515	43
129.928	36
130.342	38
130.755	46
131.169	42
131.583	33
131.996	46
132.41	34
132.824	44
133.238	38
133.652	40
134.066	42
134.48	39
134.894	49
135.308	41
135.722	30
136.137	44
136.551	30
136.965	43
137.38	35
137.794	41
138.209	46
138.624	36
139.038	33
139.453	39
139.868	38
140.283	41
140.698	42
141.113	41
141.528	42
141.943	43
142.358	46
142.773	42
143.188	40
143.604	33
144.019	37
144.434	35
144.85	35
145.265	38
145.681	38
146.097	34
146.512	31
146.928	37
147.344	43
147.76	44
148.176	30
148.592	30
149.008	31
149.424	32
149.84	41
150.256	45
150.673	44
151.089	29
151.505	42
151.922	41
152.338	41
152.755	39
153.172	46
153.588	48
154.005	33
154.422	39
154.839	41
155.256	44
155.673	31
156.09	28
156.507	29
156.924	44
157.341	36
157.759	40
158.176	37
158.593	40
159.011	44
159.428	38
159.846	43
160.263	42
160.681	36
161.099	49
161.517	43
161.935	41
162.353	39
162.77	51
163.189	44
163.607	38
164.025	35
164.443	43
164.861	40
165.28	37
165.698	45
166.116	38
166.535	32
166.953	51
167.372	46
167.791	38
168.21	43
168.628	35
169.047	54
169.466	44
169.885	54
170.304	45
170.723	36
171.142	48
171.562	42
171.981	44
172.4	46
172.819	55
173.239	47
173.658	40
174.078	51
174.498	29
174.917	31
175.337	49
175.757	50
176.177	40
176.597	46
177.016	54
177.437	56
177.857	52
178.277	42
178.697	51
179.117	43
179.538	51
179.958	47
180.378	40
180.799	41
181.219	44
181.64	39
182.061	41
182.481	49
182.902	50
183.323	40
183.744	41
184.165	39
184.586	39
185.007	37
185.428	46
185.849	55
186.271	46
186.692	43
187.113	44
187.535	47
187.956	42
188.378	46
188.799	57
189.221	48
189.643	48
190.065	37
190.486	52
190.908	40
191.33	41
191.752	53
192.174	53
192.597	39
193.019	57
193.441	53
193.863	42
194.286	46
194.708	63
195.131	53
195.553	46
195.976	44
196.399	48
196.821	49
197.244	50
197.667	51
198.09	57
198.513	42
198.936	48
199.359	60
199.782	43
200.205	56
200.629	56
201.052	42
201.475	42
201.899	36
202.322	49
202.746	46
203.17	49
203.593	49
204.017	38
204.441	35
204.865	47
205.289	31
205.713	37
206.137	51
206.561	44
206.985	39
207.409	35
207.833	31
208.258	37
208.682	30
209.107	35
209.531	43
209.956	36
210.38	36
210.805	38
211.23	42
211.655	36
212.08	40
212.504	36
212.929	38
213.355	37
213.78	55
214.205	49
214.63	55
215.055	49
215.481	32
215.906	53
216.332	36
216.757	40
217.183	53
217.608	41
218.034	51
218.46	50
218.886	44
219.312	44
219.738	33
220.164	35
220.59	39
221.016	31
221.442	46
221.868	41
222.295	44
222.721	44
223.148	36
223.574	42
224.001	48
224.427	46
224.854	41
225.281	32
225.707	44
226.134	43
226.561	46
226.988	48
227.415	42
227.842	33
228.27	44
228.697	42
229.124	36
229.551	45
229.979	42
230.406	43
230.834	42
231.261	48
231.689	43
232.117	38
232.545	39
232.972	39
233.4	31
233.828	34
234.256	51
234.684	43
235.112	38
235.541	38
235.969	51
236.397	51
236.826	41
237.254	49
237.683	30
238.111	45
238.54	34
238.968	42
239.397	50
239.826	37
240.255	40
240.684	54
241.113	38
241.542	40
241.971	36
242.4	30
242.829	43
243.259	42
243.688	45
244.117	37
244.547	38
244.976	38
245.406	43
245.836	40
246.265	40
246.695	33
247.125	30
247.555	40
247.985	30
248.415	37
248.845	43
249.275	43
249.705	34
250.135	46
250.566	38
250.996	41
251.427	40
251.857	44
252.288	53
252.718	51
253.149	44
253.58	35
254.011	28
254.441	43
254.872	27
255.303	47
255.734	41
256.166	45
256.597	39
257.028	44
257.459	33
257.891	31
258.322	30
258.754	43
259.185	32
259.617	49
260.048	37
260.48	30
260.912	42
261.344	34
261.776	31
262.208	41
262.64	46
263.072	35
263.504	30
263.936	48
264.368	41
264.801	37
265.233	42
265.666	38
266.098	47
266.531	43
266.963	44
267.396	40
267.829	41
268.262	52
268.695	41
269.128	40
269.561	38
269.994	30
270.427	37
270.86	40
271.293	33
271.727	41
272.16	50
272.594	39
273.027	39
273.461	29
273.894	35
274.328	38
274.762	38
275.196	38
275.629	41
276.063	35
276.497	37
276.932	29
277.366	47
277.8	42
278.234	54
278.668	37
279.103	34
279.537	34
279.972	34
280.406	49
280.841	36
281.276	46
281.71	34
282.145	48
282.58	33
283.015	32
283.45	32
283.885	37
284.32	37
284.755	45
285.191	43
285.626	53
286.061	46
286.497	46
286.932	45
287.368	53
287.804	42
288.239	33
288.675	39
289.111	35
289.547	31
289.983	28
290.419	38
290.855	32
291.291	44
291.727	39
292.163	41
292.6	35
293.036	33
293.472	42
293.909	38
294.345	34
294.782	33
295.219	45
295.656	42
296.092	32
296.529	24
296.966	33
297.403	43
297.84	34
298.277	35
298.715	40
299.152	38
299.589	38
300.026	31
300.464	41
300.901	33
301.339	42
301.777	40
302.214	47
302.652	40
303.09	41
303.528	33
303.966	27
304.404	30
304.842	46
305.28	30
305.718	39
306.156	34
306.595	39
307.033	40
307.471	48
307.91	31
308.349	35
308.787	37
309.226	39
309.665	33
310.103	31
310.542	33
310.981	39
311.42	36
311.859	44
312.298	42
312.738	27
313.177	32
313.616	34
314.056	32
314.495	31
314.935	29
315.374	38
315.814	38
316.254	39
316.693	37
317.133	34
317.573	36
318.013	41
318.453	41
318.893	19
319.333	41
319.773	32
320.214	33
320.654	33
321.094	40
321.535	39
321.975	28
322.416	39
322.857	37
323.297	26
323.738	26
324.179	32
324.62	39
325.061	36
325.502	30
325.943	26
326.384	33
326.825	43
327.267	32
327.708	34
328.149	45
328.591	43
329.032	26
329.474	33
329.916	31
330.357	22
330.799	22
331.241	36
331.683	30
332.125	29
332.567	37
333.009	37
333.451	18
333.894	31
334.336	24
334.778	29
335.221	29
335.663	33
336.106	21
336.548	24
336.991	42
337.434	32
337.877	29
338.319	18
338.762	25
339.205	42
339.648	21
340.092	43
340.535	22
340.978	20
341.421	25
341.865	30
342.308	26
342.752	25
343.195	30
343.639	22
344.083	21
344.526	24
344.97	26
345.414	23
345.858	27
346.302	27
346.746	20
347.19	22
347.635	21
348.079	22
348.523	30
348.968	19
349.412	22
349.857	24
350.301	31
350.746	27
351.191	23
351.636	12
352.08	23
352.525	25
352.97	32
353.415	28
353.86	27
354.306	18
354.751	20
355.196	15
355.642	23
356.087	26
356.533	23
356.978	15
357.424	24
357.869	20
358.315	24
358.761	18
359.207	21
359.653	17
360.099	29
360.545	17
360.991	19
361.437	26
361.884	25
362.33	22
362.776	20
363.223	27
363.669	17
364.116	19
364.563	21
365.009	19
365.456	18
365.903	16
366.35	25
366.797	14
367.244	17
367.691	19
368.138	20
368.586	16
369.033	21
369.48	29
369.928	18
370.375	17
370.823	24
371.271	23
371.718	19
372.166	25
372.614	14
373.062	15
373.51	12
373.958	14
374.406	17
374.854	17
375.302	22
375.75	32
376.199	21
376.647	20
377.096	19
377.544	11
377.993	13
378.442	21
378.89	21
379.339	13
379.788	20
380.237	20
380.686	19
381.135	13
381.584	22
382.033	8
382.483	22
382.932	16
383.381	19
383.831	10
384.28	17
384.73	25
385.18	17
385.629	25
386.079	22
386.529	25
386.979	26
387.429	16
387.879	26
388.329	19
388.779	19
389.229	18
389.68	18
390.13	28
390.581	19
391.031	20
391.482	19
391.932	20
392.383	17
392.834	15
393.285	16
393.735	17
394.186	31
394.637	13
395.089	10
395.54	18
395.991	12
396.442	23
396.894	16
397.345	15
397.797	19
398.248	16
398.7	13
399.151	15
399.603	17
400.055	17
400.507	11
400.959	21
401.411	20
401.863	19
402.315	22
402.767	20
403.22	29
403.672	12
404.124	18
404.577	14
405.029	17
405.482	24
405.935	18
406.387	17
406.84	16
407.293	7
407.746	22
408.199	17
408.652	18
409.105	21
409.558	21
410.012	16
410.465	17
410.918	19
411.372	20
411.825	19
412.279	23
412.733	12
413.186	12
413.64	15
414.094	17
414.548	16
415.002	21
415.456	25
415.91	21
416.364	14
416.819	14
417.273	26
417.727	14
418.182	19
418.636	22
419.091	16
419.546	15
420	16
420.455	15
420.91	16
421.365	11
421.82	9
422.275	19
422.73	24
423.185	22
423.641	21
424.096	13
424.551	12
425.007	9
425.462	17
425.918	15
426.373	17
426.829	21
427.285	17
427.741	11
428.197	12
428.653	19
429.109	9
429.565	10
430.021	18
430.477	17
430.934	22
431.39	25
431.846	16
432.303	19
432.76	11
433.216	12
433.673	15
434.13	10
434.587	16
435.044	12
435.501	14
435.958	18
436.415	14
436.872	15
437.329	19
437.786	15
438.244	16
438.701	18
439.159	18
439.616	23
440.074	13
440.532	15
440.99	15
441.447	18
441.905	17
442.363	24
442.821	16
443.28	14
443.738	11
444.196	19
444.654	20
445.113	8
445.571	13
446.03	11
446.488	23
446.947	21
447.406	21
447.865	16
448.323	12
448.782	16
449.241	20
449.7	17
450.16	17
450.619	18
451.078	10
451.537	13
451.997	21
452.456	13
452.916	14
453.375	18
453.835	17
454.295	16
454.755	17
455.214	20
455.674	10
456.134	17
456.595	18
457.055	16
457.515	15
457.975	21
458.435	19
458.896	14
459.356	11
459.817	16
460.278	17
460.738	11
461.199	12
461.66	16
462.121	17
462.582	20
463.043	16
463.504	19
463.965	14
464.426	13
464.887	12
465.349	16
465.81	13
466.272	20
466.733	12
467.195	13
467.657	13
468.118	24
468.58	11
469.042	19
469.504	17
469.966	11
470.428	18
470.89	13
471.353	21
471.815	14
472.277	16
472.74	19
473.202	13
473.665	17
474.128	18
474.59	12
475.053	15
475.516	16
475.979	17
476.442	23
476.905	19
477.368	22
477.831	17
478.294	18
478.758	20
479.221	17
479.685	24
480.148	21
480.612	23
481.076	18
481.539	30
482.003	20
482.467	30
482.931	20
483.395	23
483.859	18
484.323	30
484.787	27
485.252	37
485.716	30
486.18	25
486.645	25
487.109	27
487.574	36
488.039	36
488.504	30
488.968	22
489.433	41
489.898	32
490.363	46
490.828	39
491.294	44
491.759	48
492.224	38
492.69	41
493.155	45
493.62	41
494.086	55
494.552	36
495.017	52
495.483	59
495.949	55
496.415	48
496.881	58
497.347	73
497.813	63
498.279	46
498.746	69
499.212	72
499.678	63
500.145	74
500.611	70
501.078	65
501.545	79
502.012	78
502.478	77
502.945	71
503.412	78
503.879	79
504.346	82
504.814	83
505.281	89
505.748	97
506.215	101
506.683	93
507.15	85
507.618	93
508.086	100
508.553	78
509.021	101
509.489	116
509.957	122
510.425	105
510.893	108
511.361	113
511.829	96
512.298	115
512.766	92
513.234	102
513.703	95
514.171	129
514.64	121
515.109	103
515.577	99
516.046	98
516.515	88
516.984	91
517.453	117
517.922	111
518.391	115
518.861	105
519.33	115
519.799	111
520.269	107
520.738	90
521.208	106
521.678	104
522.147	99
522.617	131
523.087	98
523.557	91
524.027	121
524.497	87
524.967	77
525.437	88
525.908	93
526.378	82
526.848	96
527.319	85
527.789	93
528.26	79
528.731	91
529.201	67
529.672	87
530.143	108
530.614	75
531.085	82
531.556	90
532.028	79
532.499	78
532.97	83
533.442	70
533.913	67
534.385	80
534.856	61
535.328	68
535.8	61
536.271	60
536.743	68
537.215	60
537.687	55
538.159	48
538.631	59
539.104	60
539.576	54
540.048	59
540.521	63
540.993	39
541.466	50
541.939	54
542.411	44
542.884	51
543.357	38
543.83	40
544.303	40
544.776	26
545.249	39
545.722	34
546.196	35
546.669	31
547.142	29
547.616	31
548.089	21
548.563	34
549.037	27
549.511	32
549.984	39
550.458	19
550.932	24
551.406	18
551.88	28
552.355	17
552.829	22
553.303	21
553.778	16
554.252	14
554.727	17
555.201	17
555.676	24
556.151	17
556.626	22
557.101	22
557.575	15
558.051	13
558.526	20
559.001	19
559.476	6
559.951	8
560.427	13
560.902	16
561.378	12
561.853	26
562.329	10
562.805	13
563.281	13
563.757	13
564.232	10
564.709	14
565.185	7
565.661	17
566.137	7
566.613	10
567.09	15
567.566	6
568.043	8
568.519	11
568.996	8
569.473	10
569.949	15
570.426	13
570.903	14
571.38	12
571.857	5
572.335	12
572.812	18
573.289	6
573.766	5
574.244	5
574.721	12
575.199	10
575.677	9
576.154	10
576.632	8
577.11	8
577.588	7
578.066	11
578.544	7
579.022	14
579.5	9
579.979	8
580.457	13
580.936	13
581.414	9
581.893	10
582.371	6
582.85	12
583.329	9
583.808	9
584.287	10
584.766	10
585.245	10
585.724	14
586.203	10
586.682	4
587.162	13
587.641	9
588.121	13
588.6	9
589.08	11
589.56	14
590.039	3
590.519	7
590.999	8
591.479	8
591.959	11
592.439	4
592.92	8
593.4	9
593.88	11
594.361	6
594.841	7
595.322	9
595.802	12
596.283	8
596.764	8
597.245	12
597.726	5
598.207	7
598.688	11
599.169	6
599.65	12
600.132	10
600.613	13
601.094	7
601.576	9
602.057	16
602.539	11
603.021	14
603.503	11
603.984	10
604.466	5
604.948	7
605.431	10
605.913	8
606.395	16
606.877	14
607.36	10
607.842	7
608.325	15
608.807	13
609.29	9
609.772	9
610.255	10
610.738	7
611.221	14
611.704	19
612.187	9
612.67	12
613.154	9
613.637	12
614.12	13
614.604	10
615.087	10
615.571	11
616.055	11
616.538	9
617.022	11
617.506	14
617.99	13
618.474	7
618.958	6
619.442	14
619.926	15
620.411	8
620.895	7
621.38	12
621.864	9
622.349	9
622.833	14
623.318	15
623.803	9
624.288	9
624.773	10
625.258	7
625.743	8
626.228	8
626.713	9
627.199	15
627.684	8
628.17	19
628.655	8
629.141	10
629.626	7
630.112	8
630.598	10
631.084	7
631.57	11
632.056	15
632.542	6
633.028	7
633.515	8
634.001	10
634.487	13
634.974	13
635.46	13
635.947	12
636.434	14
636.921	12
637.407	18
637.894	12
638.381	13
638.868	12
639.356	14
639.843	16
640.33	14
640.817	8
641.305	9
641.792	17
642.28	11
642.768	14
643.255	20
643.743	20
644.231	16
644.719	15
645.207	24
645.695	21
646.183	12
646.671	9
647.16	13
647.648	22
648.137	17
648.625	16
649.114	12
649.602	18
650.091	12
650.58	24
651.069	23
651.558	16
652.047	18
652.536	18
653.025	19
653.514	13
654.004	18
654.493	12
654.983	28
655.472	19
655.962	20
656.451	18
656.941	14
657.431	24
657.921	28
658.411	15
658.901	10
659.391	21
659.881	19
660.372	23
660.862	14
661.353	24
661.843	21
662.334	23
662.824	26
663.315	24
663.806	23
664.297	16
664.788	21
665.279	29
665.77	20
666.261	24
666.752	17
667.243	10
667.735	17
668.226	17
668.718	8
669.209	26
669.701	19
670.193	24
670.685	16
671.177	17
671.669	26
672.161	19
672.653	29
673.145	23
673.637	26
674.13	22
674.622	26
675.114	20
675.607	26
676.1	16
676.592	27
677.085	11
677.578	18
678.071	30
678.564	12
679.057	20
679.55	16
680.043	25
680.537	24
681.03	34
681.524	12
682.017	19
682.511	25
683.004	28
683.498	20
683.992	14
684.486	18
684.98	13
685.474	15
685.968	17
686.462	11
686.956	21
687.451	15
687.945	17
688.44	19
688.934	23
689.429	11
689.924	16
690.418	13
690.913	9
691.408	11
691.903	10
692.398	13
692.893	8
693.389	12
693.884	14
694.379	8
694.875	15
695.37	12
695.866	8
696.362	13
696.857	6
697.353	16
697.849	18
698.345	10
698.841	14
699.337	9
699.833	15
700.33	6
700.826	6
701.323	7
701.819	11
702.316	10
702.812	9
703.309	7
703.806	7
704.303	14
704.8	6
705.297	8
705.794	5
706.291	12
706.788	8
707.285	4
707.783	10
708.28	7
708.778	6
709.275	5
709.773	7
710.271	6
710.769	3
711.267	8
711.765	6
712.263	10
712.761	4
713.259	5
713.757	12
714.256	1
714.754	8
715.253	12
715.751	7
716.25	1
716.749	4
717.247	3
717.746	6
718.245	7
718.744	4
719.243	5
719.743	4
720.242	6
720.741	5
721.241	8
721.74	7
722.24	8
722.739	4
723.239	9
723.739	4
724.239	6
724.739	3
725.239	6
725.739	9
726.239	9
726.739	5
727.24	5
727.74	3
728.24	4
728.741	5
729.242	9
729.742	5
730.243	6
730.744	6
731.245	1
731.746	9
732.247	7
732.748	3
733.249	4
733.751	9
734.252	10
734.753	6
735.255	5
735.756	9
736.258	6
736.76	5
737.262	5
737.764	10
738.266	5
738.768	8
739.27	2
739.772	3
740.274	6
740.777	6
741.279	6
741.781	3
742.284	6
742.787	3
743.289	7
743.792	9
744.295	5
744.798	8
745.301	5
745.804	7
746.307	5
746.811	11
747.314	8
747.817	5
748.321	4
748.825	9
749.328	5
749.832	15
750.336	3
750.84	8
751.343	7
751.847	2
752.352	8
752.856	5
753.36	4
753.864	7
754.369	6
754.873	2
755.378	5
755.882	1
756.387	4
756.892	1
757.397	4
757.902	9
758.407	2
758.912	3
759.417	3
759.922	6
760.427	5
760.933	6
761.438	2
761.944	6
762.449	6
762.955	2
763.461	4
763.967	9
764.473	10
764.979	6
765.485	8
765.991	8
766.497	7
767.003	9
767.51	8
768.016	8
768.523	5
769.029	2
769.536	5
770.043	3
770.55	0
771.057	7
771.564	6
772.071	5
772.578	10
773.085	4
773.592	12
774.1	4
774.607	10
775.115	3
775.622	7
776.13	5
776.638	4
777.146	9
777.653	6
778.161	3
778.67	8
779.178	2
779.686	6
780.194	7
780.703	6
781.211	8
781.719	10
782.228	2
782.737	4
783.246	3
783.754	5
784.263	8
784.772	8
785.281	8
785.79	6
786.3	5
786.809	2
787.318	6
787.828	3
788.337	6
788.847	7
789.357	6
789.866	5
790.376	4
790.886	5
791.396	4
791.906	12
792.416	7
792.926	5
793.437	7
793.947	8
794.458	3
794.968	2
795.479	6
795.989	5
796.5	4
797.011	3
797.522	3
798.033	7
798.544	5
799.055	7
799.566	8
800.077	6
800.589	7
801.1	8
801.612	3
802.123	2
802.635	7
803.147	9
803.659	9
804.171	6
804.683	6
805.195	4
805.707	8
806.219	8
806.731	8
807.244	8
807.756	4
808.269	5
808.781	7
809.294	4
809.807	7
810.32	6
810.833	5
811.346	6
811.859	4
812.372	6
812.885	5
813.398	8
813.912	5
814.425	5
814.939	5
815.452	3
815.966	4
816.48	5
816.994	5
817.508	2
818.022	3
818.536	3
819.05	5
819.564	1
820.078	8
820.593	7
821.107	11
821.622	6
822.136	3
822.651	5
823.166	6
823.681	0
824.196	6
824.711	3
825.226	5
825.741	7
826.256	7
826.771	4
827.287	6
827.802	1
828.318	6
828.834	9
829.349	6
829.865	5
830.381	7
830.897	8
831.413	7
831.929	8
832.445	5
832.962	3
833.478	5
833.994	5
834.511	4
835.027	4
835.544	6
836.061	4
836.578	9
837.094	5
837.611	5
838.128	6
838.646	5
839.163	4
839.68	4
840.197	4
840.715	8
841.232	10
841.75	6
842.268	5
842.785	1
843.303	11
843.821	4
844.339	9
844.857	4
845.375	4
845.894	4
846.412	3
846.93	6
847.449	8
847.967	8
848.486	8
849.005	8
849.523	4
850.042	7
850.561	6
851.08	5
851.599	5
852.118	2
852.638	2
853.157	5
853.676	3
854.196	9
854.715	8
855.235	8
855.755	2
856.274	7
856.794	6
857.314	8
857.834	7
858.354	4
858.875	3
859.395	1
859.915	5
860.436	8
860.956	6
861.477	4
861.997	7
862.518	4
863.039	2
863.56	2
864.081	6
864.602	7
865.123	3
865.644	6
866.165	5
866.687	3
867.208	3
867.73	6
868.251	7
868.773	4
869.295	6
869.817	4
870.339	7
870.861	9
871.383	2
871.905	4
872.427	4
872.949	3
873.472	3
873.994	4
874.517	7
875.04	4
875.562	7
876.085	6
876.608	2
877.131	6
877.654	3
878.177	3
878.7	2
879.223	4
879.747	7
880.27	2
880.794	6
881.317	4
881.841	4
882.365	4
882.889	8
883.412	9
883.936	4
884.461	3
884.985	2
885.509	4
886.033	6
886.558	6
887.082	6
887.607	8
888.131	2
888.656	8
889.181	2
889.706	9
890.23	4
890.755	5
891.281	7
891.806	8
892.331	6
892.856	8
893.382	8
893.907	5
894.433	8
894.958	9
895.484	2
896.01	7
896.536	3
897.062	4
897.588	6
898.114	5
898.64	4
899.167	2
899.693	12
900.219	5
900.746	8
901.273	6
901.799	5
902.326	3
902.853	6
903.38	2
903.907	6
904.434	3
904.961	5
905.488	6
906.016	7
906.543	8
907.071	12
907.598	9
908.126	2
908.654	5
909.181	6
909.709	2
910.237	7
910.765	5
911.293	4
911.822	8
912.35	5
912.878	3
913.407	6
913.935	4
914.464	4
914.993	6
915.521	3
916.05	8
916.579	5
917.108	4
917.637	3
918.167	8
918.696	5
919.225	7
919.755	5
920.284	9
920.814	4
921.343	9
921.873	6
922.403	4
922.933	7
923.463	6
923.993	8
924.523	5
925.053	12
925.583	2
926.114	10
926.644	1
927.175	6
927.705	6
928.236	8
928.767	3
929.298	10
929.829	6
930.36	3
930.891	10
931.422	3
931.953	11
932.485	6
933.016	6
933.548	8
934.079	6
934.611	7
935.143	3
935.675	3
936.206	6
936.738	6
937.271	3
937.803	7
938.335	8
938.867	4
939.4	8
939.932	4
940.465	8
940.997	5
941.53	3
942.063	6
942.596	4
943.129	4
943.662	5
944.195	6
944.728	7
945.261	8
945.795	8
946.328	10
946.862	4
947.395	7
947.929	1
948.463	2
948.997	4
949.531	9
950.065	3
950.599	1
951.133	10
951.667	4
952.202	5
952.736	4
953.271	6
953.805	8
954.34	9
954.875	5
955.409	9
955.944	8
956.479	1
957.014	3
957.55	5
958.085	6
958.62	6
959.156	6
959.691	7
960.227	9
960.762	3
961.298	12
961.834	2
962.37	6
962.906	4
963.442	5
963.978	6
964.514	3
965.05	2
965.587	5
966.123	7
966.66	1
967.196	7
967.733	5
968.27	2
968.807	8
969.344	3
969.881	2
970.418	6
970.955	2
971.492	3
972.03	7
972.567	5
973.105	5
973.642	6
974.18	5
974.718	8
975.256	4
975.794	6
976.332	5
976.87	3
977.408	4
977.946	10
978.485	5
979.023	4
979.561	9
980.1	8
980.639	6
981.177	3
981.716	7
982.255	7
982.794	3
983.333	6
983.872	5
984.412	9
984.951	8
985.49	8
986.03	6
986.57	10
987.109	7
987.649	4
988.189	3
988.729	9
989.269	5
989.809	6
990.349	2
990.889	6
991.429	5
991.97	13
992.51	7
993.051	6
993.592	6
994.132	4
994.673	5
995.214	9
995.755	8
996.296	6
996.837	7
997.378	9
997.92	6
998.461	6
999.003	4
999.544	5
1000.09	9
1000.63	6
1001.17	6
1001.71	10
1002.25	9
1002.8	11
1003.34	2
1003.88	9
1004.42	7
1004.96	8
1005.51	4
1006.05	5
1006.59	9
1007.13	11
1007.68	5
1008.22	5
1008.76	8
1009.31	4
1009.85	3
1010.39	7
1010.94	8
1011.48	3
1012.02	4
1012.57	8
1013.11	6
1013.65	5
1014.2	5
1014.74	7
1015.28	3
1015.83	6
1016.37	6
1016.92	5
1017.46	7
1018.01	9
1018.55	8
1019.09	8
1019.64	10
1020.18	1
1020.73	3
1021.27	6
1021.82	4
1022.36	5
1022.91	9
1023.45	5
1024	7
1024.54	6
1025.09	2
1025.64	4
1026.18	3
1026.73	1
1027.27	6
1027.82	1
1028.36	6
1028.91	6
1029.46	5
1030	6
1030.55	9
1031.1	6
1031.64	8
1032.19	8
1032.74	11
1033.28	7
1033.83	8
1034.38	7
1034.92	9
1035.47	8
1036.02	8
1036.56	2
1037.11	5
1037.66	6
1038.21	4
1038.75	6
1039.3	5
1039.85	5
1040.4	5
1040.94	8
1041.49	8
1042.04	8
1042.59	6
1043.14	5
1043.68	6
1044.23	6
1044.78	7
1045.33	3
1045.88	5
1046.43	4
1046.98	6
1047.53	4
1048.07	6
1048.62	6
1049.17	9
1049.72	5
1050.27	7
1050.82	7
1051.37	2
1051.92	3
1052.47	7
1053.02	9
1053.57	5
1054.12	3
1054.67	4
1055.22	6
1055.77	4
1056.32	7
1056.87	7
1057.42	12
1057.97	5
1058.52	6
1059.07	8
1059.62	4
1060.17	7
1060.72	4
1061.27	5
1061.82	7
1062.38	9
1062.93	2
1063.48	4
1064.03	4
1064.58	1
1065.13	2
1065.68	5
1066.24	3
1066.79	5
1067.34	5
1067.89	4
1068.44	6
1069	9
1069.55	8
1070.1	7
1070.65	3
1071.21	1
1071.76	6
1072.31	5
1072.86	4
1073.42	8
1073.97	5
1074.52	2
1075.07	4
1075.63	6
1076.18	6
1076.73	8
1077.29	5
1077.84	5
1078.4	8
1078.95	4
1079.5	4
1080.06	7
1080.61	6
1081.16	3
1081.72	3
1082.27	4
1082.83	1
1083.38	5
1083.94	5
1084.49	4
1085.04	8
1085.6	3
1086.15	1
1086.71	1
1087.26	7
1087.82	9
1088.37	2
1088.93	3
1089.48	4
1090.04	2
1090.59	5
1091.15	2
1091.71	2
1092.26	1
1092.82	3
1093.37	4
1093.93	7
1094.49	1
1095.04	5
1095.6	5
1096.15	2
1096.71	3
1097.27	9
1097.82	1
1098.38	1
1098.94	4
1099.49	4
1100.05	3
1100.61	4
1101.16	2
1101.72	1
1102.28	5
1102.84	2
1103.39	0
1103.95	5
1104.51	1
1105.07	4
1105.62	4
1106.18	1
1106.74	3
1107.3	4
1107.86	2
1108.41	4
1108.97	3
1109.53	0
1110.09	1
1110.65	4
1111.21	2
1111.76	0
1112.32	1
1112.88	5
1113.44	2
1114	3
1114.56	2
1115.12	1
1115.68	4
1116.24	2
1116.8	4
1117.36	1
1117.92	1
1118.47	3
1119.03	2
1119.59	1
1120.15	2
1120.71	3
1121.27	1
1121.83	1
1122.39	2
1122.96	2
1123.52	1
1124.08	1
1124.64	3
1125.2	2
1125.76	2
1126.32	2
1126.88	2
1127.44	2
1128	1
1128.56	1
1129.12	3
1129.69	0
1130.25	2
1130.81	1
1131.37	1
1131.93	3
1132.49	1
1133.06	4
1133.62	1
1134.18	3
1134.74	2
1135.3	1
1135.87	1
1136.43	1
1136.99	1
1137.55	0
1138.12	2
1138.68	0
1139.24	0
1139.81	3
1140.37	0
1140.93	2
1141.5	0
1142.06	0
1142.62	2
1143.19	2
1143.75	1
1144.31	2
1144.88	2
1145.44	0
1146	1
1146.57	1
1147.13	1
1147.7	0
1148.26	1
1148.82	2
1149.39	0
1149.95	0
1150.52	1
1151.08	1
1151.65	0
1152.21	3
1152.78	3
1153.34	0
1153.91	2
1154.47	2
1155.04	0
1155.6	1
1156.17	2
1156.73	2
1157.3	0
1157.87	3
1158.43	3
1159	0
1159.56	1
1160.13	0
1160.7	1
1161.26	1
1161.83	2
1162.39	4
1162.96	2
1163.53	1
1164.09	1
1164.66	1
1165.23	3
1165.79	0
1166.36	1
1166.93	2
1167.5	0
1168.06	0
1168.63	4
1169.2	1
1169.77	0
1170.33	1
1170.9	0
1171.47	1
1172.04	1
1172.6	1
1173.17	1
1173.74	1
1174.31	0
1174.88	3
1175.44	1
1176.01	2
1176.58	1
1177.15	1
1177.72	4
1178.29	1
1178.86	1
1179.43	0
1180	1
1180.56	0
1181.13	0
1181.7	0
1182.27	1
1182.84	1
1183.41	2
1183.98	1
1184.55	1
1185.12	0
1185.69	1
1186.26	1
1186.83	0
1187.4	0
1187.97	0
1188.54	1
1189.11	3
1189.68	1
1190.25	1
1190.82	1
1191.39	2
1191.97	1
1192.54	0
1193.11	0
1193.68	1
1194.25	0
1194.82	0
1195.39	2
1195.96	1
1196.54	0
1197.11	0
1197.68	2
1198.25	1
1198.82	1
1199.4	0
1199.97	1
1200.54	0
1201.11	1
1201.68	0
1202.26	1
1202.83	1
1203.4	0
1203.98	1
1204.55	2
1205.12	1
1205.69	1
1206.27	2
1206.84	0
1207.41	0
1207.99	1
1208.56	2
1209.13	1
1209.71	3
1210.28	1
1210.85	0
1211.43	2
1212	1
1212.58	2
1213.15	1
1213.72	0
1214.3	3
1214.87	0
1215.45	1
1216.02	1
1216.6	1
1217.17	2
1217.75	0
1218.32	2
1218.9	0
1219.47	2
1220.05	0
1220.62	0
1221.2	3
1221.77	0
1222.35	5
1222.92	2
1223.5	1
1224.08	2
1224.65	4
1225.23	4
1225.8	1
1226.38	2
1226.96	0
1227.53	4
1228.11	1
1228.69	1
1229.26	1
1229.84	4
1230.42	1
1230.99	2
1231.57	1
1232.15	2
1232.72	5
1233.3	2
1233.88	4
1234.46	0
1235.03	2
1235.61	5
1236.19	1
1236.77	4
1237.34	2
1237.92	2
1238.5	1
1239.08	4
1239.66	3
1240.23	5
1240.81	2
1241.39	1
1241.97	1
1242.55	3
1243.13	5
1243.71	4
1244.29	2
1244.86	3
1245.44	6
1246.02	9
1246.6	5
1247.18	9
1247.76	5
1248.34	1
1248.92	1
1249.5	7
1250.08	4
1250.66	10
1251.24	6
1251.82	10
1252.4	7
1252.98	0
1253.56	5
1254.14	1
1254.72	6
1255.3	3
1255.88	11
1256.46	9
1257.04	5
1257.62	5
1258.21	7
1258.79	5
1259.37	6
1259.95	13
1260.53	11
1261.11	7
1261.69	4
1262.27	6
1262.86	10
1263.44	7
1264.02	12
1264.6	3
1265.18	10
1265.77	9
1266.35	8
1266.93	6
1267.51	11
1268.1	7
1268.68	6
1269.26	11
1269.84	11
1270.43	15
1271.01	8
1271.59	15
1272.18	7
1272.76	7
1273.34	11
1273.93	8
1274.51	11
1275.09	12
1275.68	14
1276.26	5
1276.84	7
1277.43	11
1278.01	10
1278.6	10
1279.18	16
1279.77	9
1280.35	15
1280.93	16
1281.52	15
1282.1	13
1282.69	13
1283.27	6
1283.86	14
1284.44	5
1285.03	5
1285.61	15
1286.2	7
1286.78	14
1287.37	12
1287.96	19
1288.54	6
1289.13	9
1289.71	11
1290.3	11
1290.88	14
1291.47	11
1292.06	16
1292.64	14
1293.23	6
1293.82	14
1294.4	5
1294.99	14
1295.58	13
1296.16	13
1296.75	8
1297.34	7
1297.92	14
1298.51	14
1299.1	14
1299.69	12
1300.27	6
1300.86	9
1301.45	11
1302.04	14
1302.62	13
1303.21	5
1303.8	9
1304.39	8
1304.98	11
1305.56	6
1306.15	8
1306.74	9
1307.33	7
1307.92	7
1308.51	4
1309.1	6
1309.68	8
1310.27	12
1310.86	14
1311.45	8
1312.04	1
1312.63	11
1313.22	7
1313.81	2
1314.4	7
1314.99	4
1315.58	3
1316.17	9
1316.76	3
1317.35	6
1317.94	8
1318.53	8
1319.12	7
1319.71	1
1320.3	7
1320.89	8
1321.48	7
1322.07	5
1322.66	8
1323.25	4
1323.85	4
1324.44	6
1325.03	7
1325.62	1
1326.21	5
1326.8	3
1327.39	5
1327.99	1
1328.58	2
1329.17	4
1329.76	4
1330.35	1
1330.95	0
1331.54	2
1332.13	3
1332.72	4
1333.31	4
1333.91	0
1334.5	2
1335.09	0
1335.69	2
1336.28	2
1336.87	3
1337.46	4
1338.06	3
1338.65	4
1339.24	2
1339.84	5
1340.43	3
1341.03	1
1341.62	4
1342.21	2
1342.81	3
1343.4	3
1344	1
1344.59	3
1345.18	2
1345.78	1
1346.37	1
1346.97	0
1347.56	2
1348.16	3
1348.75	1
1349.35	1
1349.94	2
1350.54	1
1351.13	1
1351.73	0
1352.32	1
1352.92	1
1353.51	0
1354.11	0
1354.71	2
1355.3	2
1355.9	5
1356.49	1
1357.09	0
1357.69	1
1358.28	0
1358.88	1
1359.47	1
1360.07	1
1360.67	0
1361.26	2
1361.86	2
1362.46	2
1363.06	0
1363.65	2
1364.25	0
1364.85	1
1365.44	1
1366.04	1
1366.64	2
1367.24	2
1367.84	0
1368.43	1
1369.03	0
1369.63	1
1370.23	0
1370.83	0
1371.42	1
1372.02	0
1372.62	1
1373.22	1
1373.82	0
1374.42	1
1375.02	0
1375.61	1
1376.21	0
1376.81	0
1377.41	1
1378.01	0
1378.61	0
1379.21	0
1379.81	0
1380.41	0
1381.01	0
1381.61	1
1382.21	0
1382.81	1
1383.41	0
1384.01	0
1384.61	0
1385.21	1
1385.81	0
1386.41	1
1387.01	1
1387.61	0
1388.21	1
1388.82	1
1389.42	1
1390.02	0
1390.62	0
1391.22	1
1391.82	1
1392.42	1
1393.02	1
1393.63	0
1394.23	1
1394.83	0
1395.43	0
1396.03	0
1396.64	0
1397.24	0
1397.84	0
1398.44	0
1399.05	0
1399.65	1
1400.25	0
1400.85	0
1401.46	1
1402.06	0
1402.66	1
1403.27	1
1403.87	0
1404.47	1
1405.08	0
1405.68	0
1406.28	0
1406.89	0
1407.49	2
1408.1	0
1408.7	0
1409.3	0
1409.91	0
1410.51	0
1411.12	0
1411.72	0
1412.33	0
1412.93	1
1413.54	0
1414.14	1
1414.75	0
1415.35	1
1415.96	0
1416.56	0
1417.17	0
1417.77	0
1418.38	0
1418.98	3
1419.59	1
1420.19	0
1420.8	1
1421.41	0
1422.01	1
1422.62	1
1423.22	0
1423.83	1
1424.44	0
1425.04	1
1425.65	1
1426.26	0
1426.86	1
1427.47	0
1428.08	0
1428.68	0
1429.29	1
1429.9	0
1430.51	2
1431.11	0
1431.72	1
1432.33	0
1432.94	0
1433.54	1
1434.15	1
1434.76	0
1435.37	1
1435.98	1
1436.58	0
1437.19	0
1437.8	0
1438.41	0
1439.02	0
1439.63	0
1440.24	0
1440.85	0
1441.45	2
1442.06	0
1442.67	1
1443.28	0
1443.89	1
1444.5	1
1445.11	1
1445.72	1
1446.33	0
1446.94	0
1447.55	0
1448.16	1
1448.77	0
1449.38	1
1449.99	2
1450.6	0
1451.21	0
1451.82	1
1452.43	0
1453.04	0
1453.65	1
1454.27	1
1454.88	1
1455.49	1
1456.1	2
1456.71	1
1457.32	0
1457.93	1
1458.55	0
1459.16	1
1459.77	1
1460.38	1
1460.99	0
1461.6	0
1462.22	1
1462.83	0
1463.44	1
1464.05	0
1464.67	0
1465.28	0
1465.89	0
1466.51	1
1467.12	2
1467.73	0
1468.34	0
1468.96	1
1469.57	0
1470.18	0
1470.8	0
1471.41	1
1472.03	2
1472.64	2
1473.25	1
1473.87	0
1474.48	0
1475.1	1
1475.71	0
1476.32	2
1476.94	0
1477.55	1
1478.17	1
1478.78	0
1479.4	0
1480.01	1
1480.63	0
1481.24	2
1481.86	2
1482.47	0
1483.09	0
1483.7	0
1484.32	1
1484.93	0
1485.55	0
1486.17	0
1486.78	0
1487.4	0
1488.01	1
1488.63	2
1489.25	0
1489.86	0
1490.48	0
1491.1	0
1491.71	1
1492.33	0
1492.95	0
1493.56	0
1494.18	0
1494.8	0
1495.42	0
1496.03	0
1496.65	0
1497.27	0
1497.89	0
1498.5	1
1499.12	0
1499.74	1
1500.36	0
1500.98	0
1501.59	2
1502.21	2
1502.83	0
1503.45	1
1504.07	1
1504.69	1
1505.3	0
1505.92	0
1506.54	0
1507.16	0
1507.78	0
1508.4	1
1509.02	0
1509.64	0
1510.26	1
1510.88	0
1511.5	0
1512.12	0
1512.74	0
1513.36	0
1513.98	1
1514.6	0
1515.22	0
1515.84	0
1516.46	0
1517.08	0
1517.7	0
1518.32	0
1518.94	1
1519.56	0
1520.18	0
1520.81	0
1521.43	1
1522.05	0
1522.67	1
1523.29	0
1523.91	1
1524.53	1
1525.16	0
1525.78	1
1526.4	1
1527.02	1
1527.64	0
1528.27	1
1528.89	1
1529.51	0
1530.13	0
1530.76	0
1531.38	1
1532	1
1532.63	0
1533.25	1
1533.87	1
1534.49	0
1535.12	1
1535.74	2
1536.36	2
1536.99	0
1537.61	0
1538.24	0
1538.86	0
1539.48	0
1540.11	1
1540.73	0
1541.36	0
1541.98	1
1542.61	0
1543.23	0
1543.85	0
1544.48	1
1545.1	0
1545.73	0
1546.35	0
1546.98	1
1547.6	0
1548.23	0
1548.86	1
1549.48	1
1550.11	0
1550.73	2
1551.36	0
1551.98	0
1552.61	0
1553.24	1
1553.86	0
1554.49	1
1555.11	0
1555.74	0
1556.37	1
1556.99	0
1557.62	0
1558.25	0
1558.88	0
1559.5	0
1560.13	0
1560.76	0
1561.38	1
1562.01	1
1562.64	0
1563.27	0
1563.89	0
1564.52	0
1565.15	0
1565.78	0
1566.41	1
1567.03	0
1567.66	0
1568.29	0
1568.92	0
1569.55	1
1570.18	0
1570.81	0
1571.43	0
1572.06	0
1572.69	0
1573.32	1
1573.95	1
1574.58	1
1575.21	0
1575.84	0
1576.47	0
1577.1	0
1577.73	0
1578.36	2
1578.99	0
1579.62	1
1580.25	0
1580.88	0
1581.51	1
1582.14	2
1582.77	0
1583.4	2
1584.03	0
1584.66	0
1585.29	0
1585.93	0
1586.56	1
1587.19	0
1587.82	0
1588.45	0
1589.08	0
1589.71	0
1590.35	1
1590.98	0
1591.61	0
1592.24	2
1592.87	0
1593.51	0
1594.14	0
1594.77	0
1595.4	0
1596.04	0
1596.67	1
1597.3	1
1597.93	1
1598.57	0
1599.2	0
1599.83	0
1600.47	1
1601.1	0
1601.73	0
1602.37	3
1603	0
1603.64	0
1604.27	0
1604.9	0
1605.54	0
1606.17	0
1606.81	0
1607.44	0
1608.07	0
1608.71	0
1609.34	0
1609.98	1
1610.61	0
1611.25	0
1611.88	0
1612.52	1
1613.15	1
1613.79	0
1614.42	2
1615.06	0
1615.7	0
1616.33	0
1616.97	1
1617.6	0
1618.24	0
1618.88	0
1619.51	0
1620.15	1
1620.78	0
1621.42	0
1622.06	1
1622.69	0
1623.33	0
1623.97	0
1624.6	1
1625.24	0
1625.88	1
1626.52	0
1627.15	0
1627.79	0
1628.43	0
1629.07	0
1629.7	0
1630.34	0
1630.98	0
1631.62	0
1632.26	0
1632.89	0
1633.53	0
1634.17	1
1634.81	1
1635.45	0
1636.09	0
1636.73	0
1637.36	0
1638	0
1638.64	0
1639.28	0
1639.92	0
1640.56	1
1641.2	0
1641.84	0
1642.48	0
1643.12	0
1643.76	0
1644.4	0
1645.04	0
1645.68	0
1646.32	1
1646.96	0
1647.6	0
1648.24	1
1648.88	0
1649.52	0
1650.16	0
1650.8	1
1651.45	0
1652.09	0
1652.73	0
1653.37	0
1654.01	0
1654.65	0
1655.29	0
1655.94	0
1656.58	1
1657.22	0
1657.86	0
1658.5	0
1659.15	0
1659.79	0
1660.43	0
1661.07	0
1661.72	1
1662.36	1
1663	0
1663.64	0
1664.29	0
1664.93	0
1665.57	0
1666.22	0
1666.86	0
1667.5	0
1668.15	0
1668.79	0
1669.44	0
1670.08	1
1670.72	0
1671.37	0
1672.01	0
1672.66	0
1673.3	0
1673.95	1
1674.59	0
1675.23	0
1675.88	0
1676.52	0
1677.17	0
1677.81	0
1678.46	1
1679.1	0
1679.75	0
1680.4	0
1681.04	0
1681.69	1
1682.33	0
1682.98	0
1683.62	0
1684.27	0
1684.92	0
1685.56	1
1686.21	0
1686.86	0
1687.5	1
1688.15	0
1688.8	0
1689.44	0
1690.09	0
1690.74	0
1691.38	0
1692.03	0
1692.68	0
1693.33	0
1693.97	1
1694.62	0
1695.27	0
1695.92	0
1696.56	0
1697.21	0
1697.86	0
1698.51	1
1699.16	0
1699.81	0
1700.45	0
1701.1	0
1701.75	0
1702.4	0
1703.05	1
1703.7	0
1704.35	0
1705	0
1705.65	0
1706.3	0
1706.95	0
1707.6	0
1708.24	1
1708.89	1
1709.54	0
1710.19	0
1710.84	1
1711.49	0
1712.15	0
1712.8	0
1713.45	0
1714.1	0
1714.75	0
1715.4	0
1716.05	1
1716.7	0
1717.35	0
1718	1
1718.65	0
1719.31	0
1719.96	1
1720.61	0
1721.26	0
1721.91	0
1722.56	0
1723.22	0
1723.87	0
1724.52	0
1725.17	0
1725.82	0
1726.48	0
1727.13	0
1727.78	1
1728.44	0
1729.09	0
1729.74	1
1730.39	0
1731.05	0
1731.7	0
1732.35	0
1733.01	0
1733.66	0
1734.32	0
1734.97	0
1735.62	0
1736.28	1
1736.93	1
1737.59	0
1738.24	0
1738.89	0
1739.55	0
1740.2	0
1740.86	0
1741.51	0
1742.17	0
1742.82	0
1743.48	0
1744.13	0
1744.79	0
1745.44	0
1746.1	0
1746.75	0
1747.41	0
1748.07	0
1748.72	0
1749.38	1
1750.03	0
1750.69	0
1751.35	0
1752	0
1752.66	0
1753.32	0
1753.97	0
1754.63	1
1755.29	2
1755.94	1
1756.6	0
1757.26	0
1757.91	0
1758.57	0
1759.23	0
1759.89	1
1760.54	1
1761.2	1
1761.86	0
1762.52	0
1763.18	0
1763.83	1
1764.49	0
1765.15	1
1765.81	2
1766.47	0
1767.13	2
1767.79	0
1768.44	0
1769.1	0
1769.76	0
1770.42	0
1771.08	0
1771.74	2
1772.4	1
1773.06	1
1773.72	1
1774.38	0
1775.04	0
1775.7	0
1776.36	0
1777.02	0
1777.68	0
1778.34	0
1779	1
1779.66	1
1780.32	2
1780.98	0
1781.64	2
1782.3	1
1782.97	0
1783.63	0
1784.29	0
1784.95	1
1785.61	0
1786.27	0
1786.93	0
1787.6	0
1788.26	0
1788.92	1
1789.58	0
1790.24	1
1790.91	0
1791.57	1
1792.23	0
1792.89	0
1793.56	0
1794.22	0
1794.88	0
1795.55	1
1796.21	0
1796.87	0
1797.54	0
1798.2	1
1798.86	0
1799.53	0
1800.19	0
1800.85	1
1801.52	0
1802.18	0
1802.85	1
1803.51	0
1804.17	0
1804.84	0
1805.5	1
1806.17	0
1806.83	0
1807.5	0
1808.16	0
1808.83	1
1809.49	0
1810.16	0
1810.82	2
1811.49	0
1812.15	0
1812.82	0
1813.48	0
1814.15	0
1814.82	1
1815.48	0
1816.15	0
1816.82	0
1817.48	0
1818.15	0
1818.81	0
1819.48	0
1820.15	0
1820.81	0
1821.48	0
1822.15	1
1822.82	0
1823.48	0
1824.15	0
1824.82	1
1825.49	1
1826.15	0
1826.82	0
1827.49	0
1828.16	1
1828.82	0
1829.49	1
1830.16	0
1830.83	0
1831.5	0
1832.17	0
1832.84	0
1833.5	0
1834.17	0
1834.84	0
1835.51	0
1836.18	0
1836.85	1
1837.52	0
1838.19	0
1838.86	0
1839.53	0
1840.2	0
1840.87	0
1841.54	0
1842.21	0
1842.88	0
1843.55	0
1844.22	0
1844.89	0
1845.56	0
1846.23	0
1846.9	0
1847.57	0
1848.24	0
1848.91	0
1849.58	0
1850.26	1
1850.93	0
1851.6	0
1852.27	0
1852.94	0
1853.61	0
1854.29	1
1854.96	0
1855.63	0
1856.3	0
1856.97	0
1857.65	0
1858.32	0
1858.99	0
1859.67	0
1860.34	0
1861.01	0
1861.68	1
1862.36	0
1863.03	0
1863.7	0
1864.38	0
1865.05	0
1865.72	0
1866.4	0
1867.07	0
1867.75	0
1868.42	0
1869.09	0
1869.77	0
1870.44	0
1871.12	0
1871.79	0
1872.47	0
1873.14	0
1873.82	0
1874.49	0
1875.17	0
1875.84	0
1876.52	1
1877.19	0
1877.87	0
1878.54	0
1879.22	2
1879.89	0
1880.57	0
1881.25	1
1881.92	0
1882.6	0
1883.28	0
1883.95	0
1884.63	0
1885.31	0
1885.98	0
1886.66	0
1887.34	0
1888.01	0
1888.69	0
1889.37	0
1890.04	1
1890.72	0
1891.4	0
1892.08	0
1892.75	1
1893.43	0
1894.11	0
1894.79	0
1895.47	0
1896.15	1
1896.82	0
1897.5	0
1898.18	1
1898.86	0
1899.54	0
1900.22	0
1900.9	0
1901.57	0
1902.25	0
1902.93	0
1903.61	0
1904.29	0
1904.97	0
1905.65	0
1906.33	0
1907.01	0
1907.69	0
1908.37	0
1909.05	0
1909.73	0
1910.41	0
1911.09	0
1911.77	0
1912.45	1
1913.14	0
1913.82	0
1914.5	0
1915.18	0
1915.86	0
1916.54	0
1917.22	0
1917.9	0
1918.59	0
1919.27	0
1919.95	0
1920.63	0
1921.31	0
1922	0
1922.68	1
1923.36	0
1924.04	0
1924.73	0
1925.41	0
1926.09	0
1926.77	2
1927.46	0
1928.14	0
1928.82	0
1929.51	0
1930.19	1
1930.87	0
1931.56	1
1932.24	0
1932.92	0
1933.61	0
1934.29	0
1934.98	0
1935.66	0
1936.35	0
1937.03	0
1937.71	0
1938.4	0
1939.08	0
1939.77	0
1940.45	0
1941.14	0
1941.82	0
1942.51	0
1943.19	0
1943.88	0
1944.57	1
1945.25	0
1945.94	0
1946.62	0
1947.31	0
1948	0
1948.68	0
1949.37	1
1950.05	0
1950.74	0
1951.43	1
1952.11	0
1952.8	0
1953.49	0
1954.18	0
1954.86	0
1955.55	0
1956.24	0
1956.92	0
1957.61	0
1958.3	0
1958.99	0
1959.68	1
1960.36	0
1961.05	0
1961.74	0
1962.43	0
1963.12	0
1963.81	0
1964.49	0
1965.18	0
1965.87	0
1966.56	2
1967.25	0
1967.94	0
1968.63	0
1969.32	0
1970.01	1
1970.7	0
1971.39	0
1972.08	0
1972.77	0
1973.46	0
1974.15	0
1974.84	0
1975.53	0
1976.22	0
1976.91	0
1977.6	0
1978.29	0
1978.98	1
1979.67	0
1980.36	0
1981.05	0
1981.74	1
1982.43	0
1983.13	1
1983.82	0
1984.51	0
1985.2	1
1985.89	0
1986.58	0
1987.28	0
1987.97	0
1988.66	0
1989.35	1
1990.05	1
1990.74	0
1991.43	0
1992.12	0
1992.82	1
1993.51	0
1994.2	0
1994.9	0
1995.59	0
1996.28	0
1996.98	0
1997.67	0
1998.36	0
1999.06	0
1999.75	0
2000.45	0
2001.14	1
2001.83	0
2002.53	0
2003.22	0
2003.92	0
2004.61	0
2005.31	0
2006	0
2006.7	0
2007.39	0
2008.09	0
2008.78	0
2009.48	0
2010.17	0
2010.87	1
2011.57	2
2012.26	0
2012.96	0
2013.65	0
2014.35	0
2015.05	0
2015.74	0
2016.44	0
2017.13	0
2017.83	0
2018.53	0
2019.23	0
2019.92	0
2020.62	0
2021.32	0
2022.01	0
2022.71	0
2023.41	0
2024.11	0
2024.8	0
2025.5	1
2026.2	0
2026.9	0
2027.6	0
2028.29	0
2028.99	0
2029.69	0
2030.39	0
2031.09	0
2031.79	0
2032.49	0
2033.19	0
2033.88	0
2034.58	0
2035.28	0
2035.98	2
2036.68	1
2037.38	0
2038.08	0
2038.78	0
2039.48	0
2040.18	1
2040.88	0
2041.58	0
2042.28	0
2042.98	0
2043.68	0
2044.38	0
2045.08	0
2045.79	0
2046.49	0
2047.19	0
2047.89	0
2048.59	0
2049.29	0
2049.99	0
2050.69	0
2051.4	0
2052.1	0
2052.8	0
2053.5	0
2054.2	0
2054.91	0
2055.61	0
2056.31	0
2057.01	0
2057.72	0
2058.42	0
2059.12	0
2059.83	0
2060.53	0
2061.23	0
2061.94	0
2062.64	1
2063.34	0
2064.05	0
2064.75	0
2065.45	0
2066.16	0
2066.86	0
2067.57	0
2068.27	0
2068.97	0
2069.68	0
2070.38	0
2071.09	0
2071.79	0
2072.5	0
2073.2	0
2073.91	1
2074.61	0
2075.32	0
2076.02	0
2076.73	0
2077.44	0
2078.14	0
2078.85	0
2079.55	0
2080.26	0
2080.97	0
2081.67	0
2082.38	0
2083.09	0
2083.79	1
2084.5	0
2085.21	0
2085.91	0
2086.62	0
2087.33	1
2088.03	0
2088.74	0
2089.45	0
2090.16	0
2090.86	0
2091.57	1
2092.28	0
2092.99	1
2093.7	1
2094.4	0
2095.11	1
2095.82	0
2096.53	0
2097.24	0
2097.95	0
2098.66	0
2099.36	0
2100.07	0
2100.78	0
2101.49	0
2102.2	0
2102.91	1
2103.62	0
2104.33	0
2105.04	0
2105.75	0
2106.46	2
2107.17	0
2107.88	0
2108.59	0
2109.3	0
2110.01	1
2110.72	0
2111.43	0
2112.14	0
2112.86	0
2113.57	0
2114.28	0
2114.99	0
2115.7	0
2116.41	0
2117.12	0
2117.84	1
2118.55	0
2119.26	0
2119.97	0
2120.68	1
2121.4	0
2122.11	0
2122.82	0
2123.53	0
2124.25	0
2124.96	0
2125.67	0
2126.39	0
2127.1	0
2127.81	0
2128.53	0
2129.24	1
2129.95	0
2130.67	0
2131.38	0
2132.09	1
2132.81	0
2133.52	0
2134.24	0
2134.95	0
2135.67	0
2136.38	0
2137.09	0
2137.81	0
2138.52	0
2139.24	1
2139.95	1
2140.67	1
2141.38	0
2142.1	0
2142.82	0
2143.53	0
2144.25	0
2144.96	0
2145.68	0
2146.39	1
2147.11	0
2147.83	0
2148.54	0
2149.26	0
2149.98	0
2150.69	0
2151.41	0
2152.13	0
2152.84	1
2153.56	0
2154.28	0
2155	0
2155.71	0
2156.43	0
2157.15	0
2157.87	0
2158.58	0
2159.3	0
2160.02	0
2160.74	0
2161.46	0
2162.18	0
2162.89	0
2163.61	0
2164.33	0
2165.05	0
2165.77	0
2166.49	0
2167.21	0
2167.93	0
2168.65	0
2169.37	0
2170.09	0
2170.81	0
2171.53	0
2172.25	0
2172.97	0
2173.69	1
2174.41	0
2175.13	0
2175.85	0
2176.57	0
2177.29	0
2178.01	0
2178.73	0
2179.45	0
2180.17	0
2180.89	0
2181.61	0
2182.34	0
2183.06	0
2183.78	0
2184.5	0
2185.22	0
2185.94	0
2186.67	0
2187.39	0
2188.11	1
2188.83	0
2189.56	0
2190.28	0
2191	0
2191.72	1
2192.45	0
2193.17	0
2193.89	0
2194.62	0
2195.34	0
2196.06	0
2196.79	0
2197.51	0
2198.24	1
2198.96	0
2199.68	0
2200.41	0
2201.13	0
2201.86	0
2202.58	0
2203.31	0
2204.03	0
2204.76	0
2205.48	0
2206.21	1
2206.93	0
2207.66	0
2208.38	0
2209.11	0
2209.83	0
2210.56	0
2211.28	0
2212.01	0
2212.74	0
2213.46	0
2214.19	0
2214.91	0
2215.64	0
2216.37	0
2217.09	0
2217.82	0
2218.55	0
2219.28	0
2220	1
2220.73	0
2221.46	0
2222.18	0
2222.91	0
2223.64	0
2224.37	0
2225.1	0
2225.82	0
2226.55	0
2227.28	1
2228.01	0
2228.74	0
2229.46	0
2230.19	0
2230.92	0
2231.65	0
2232.38	0
2233.11	0
2233.84	0
2234.57	0
2235.3	0
2236.03	1
2236.76	0
2237.49	0
2238.22	0
2238.95	0
2239.68	0
2240.41	0
2241.14	1
2241.87	0
2242.6	0
2243.33	0
2244.06	0
2244.79	0
2245.52	0
2246.25	0
2246.98	0
2247.71	1
2248.45	0
2249.18	0
2249.91	0
2250.64	0
2251.37	0
2252.1	0
2252.84	0
2253.57	0
2254.3	0
2255.03	0
2255.77	0
2256.5	0
2257.23	0
2257.96	0
2258.7	0
2259.43	0
2260.16	0
2260.9	0
2261.63	0
2262.36	0
2263.1	1
2263.83	0
2264.56	0
2265.3	0
2266.03	0
2266.77	0
2267.5	0
2268.24	0
2268.97	0
2269.7	0
2270.44	0
2271.17	0
2271.91	0
2272.64	0
2273.38	0
2274.11	0
2274.85	0
2275.58	0
2276.32	0
2277.06	0
2277.79	0
2278.53	0
2279.26	0
2280	0
2280.74	0
2281.47	0
2282.21	0
2282.95	0
2283.68	0
2284.42	0
2285.16	0
2285.89	0
2286.63	0
2287.37	0
2288.1	0
2288.84	0
2289.58	0
2290.32	0
2291.06	0
2291.79	0
2292.53	0
2293.27	0
2294.01	0
2294.75	0
2295.48	0
2296.22	0
2296.96	0
2297.7	0
2298.44	0
2299.18	0
2299.92	2
2300.66	0
2301.4	0
2302.14	0
2302.87	0
2303.61	0
2304.35	0
2305.09	0
2305.83	0
2306.57	0
2307.31	0
2308.05	0
2308.8	0
2309.54	0
2310.28	0
2311.02	0
2311.76	0
2312.5	0
2313.24	1
2313.98	0
2314.72	0
2315.46	0
2316.21	0
2316.95	0
2317.69	0
2318.43	0
2319.17	0
2319.92	0
2320.66	0
2321.4	0
2322.14	0
2322.88	1
2323.63	0
2324.37	0
2325.11	0
2325.86	0
2326.6	0
2327.34	0
2328.09	0
2328.83	0
2329.57	0
2330.32	0
2331.06	0
2331.8	0
2332.55	0
2333.29	0
2334.04	1
2334.78	0
2335.52	0
2336.27	0
2337.01	0
2337.76	0
2338.5	1
2339.25	1
2339.99	0
2340.74	1
2341.48	0
2342.23	0
2342.98	0
2343.72	0
2344.47	0
2345.21	0
2345.96	0
2346.7	0
2347.45	1
2348.2	0
2348.94	0
2349.69	1
2350.44	0
2351.18	0
2351.93	0
2352.68	0
2353.42	0
2354.17	0
2354.92	0
2355.67	0
2356.41	0
2357.16	0
2357.91	0
2358.66	0
2359.41	0
2360.15	0
2360.9	0
2361.65	0
2362.4	0
2363.15	0
2363.9	0
2364.65	0
2365.39	0
2366.14	0
2366.89	0
2367.64	0
2368.39	0
2369.14	0
2369.89	0
2370.64	0
2371.39	0
2372.14	0
2372.89	0
2373.64	0
2374.39	0
2375.14	0
2375.89	0
2376.64	0
2377.39	0
2378.14	0
2378.89	0
2379.64	0
2380.4	0
2381.15	0
2381.9	0
2382.65	0
2383.4	0
2384.15	0
2384.9	0
2385.66	0
2386.41	0
2387.16	1
2387.91	0
2388.67	0
2389.42	0
2390.17	0
2390.92	0
2391.68	0
2392.43	0
2393.18	0
2393.94	0
2394.69	0
2395.44	0
2396.2	0
2396.95	0
2397.7	1
2398.46	0
2399.21	0
2399.96	0
2400.72	0
2401.47	0
2402.23	0
2402.98	0
2403.74	0
2404.49	0
2405.25	0
2406	0
2406.76	0
2407.51	1
2408.27	1
2409.02	0
2409.78	0
2410.53	0
2411.29	0
2412.05	0
2412.8	0
2413.56	0
2414.31	0
2415.07	0
2415.83	0
2416.58	0
2417.34	0
2418.1	0
2418.85	0
2419.61	0
2420.37	0
2421.12	0
2421.88	1
2422.64	0
2423.4	1
2424.15	0
2424.91	0
2425.67	0
2426.43	0
2427.19	0
2427.94	0
2428.7	0
2429.46	0
2430.22	0
2430.98	0
2431.74	0
2432.5	0
2433.26	0
2434.01	0
2434.77	0
2435.53	0
2436.29	0
2437.05	0
2437.81	0
2438.57	0
2439.33	0
2440.09	0
2440.85	0
2441.61	0
2442.37	0
2443.13	1
2443.89	1
2444.65	0
2445.42	0
2446.18	0
2446.94	0
2447.7	0
2448.46	0
2449.22	0
2449.98	0
2450.74	0
2451.51	0
2452.27	0
2453.03	0
2453.79	0
2454.55	0
2455.32	0
2456.08	0
2456.84	0
2457.6	0
2458.37	0
2459.13	0
2459.89	0
2460.66	0
2461.42	0
2462.18	1
2462.95	0
2463.71	0
2464.47	1
2465.24	0
2466	0
2466.76	0
2467.53	0
2468.29	0
2469.06	0
2469.82	0
2470.59	1
2471.35	0
2472.12	0
2472.88	0
2473.65	0
2474.41	0
2475.18	0
2475.94	0
2476.71	0
2477.47	0
2478.24	0
2479	0
2479.77	0
2480.54	0
2481.3	0
2482.07	0
2482.84	0
2483.6	0
2484.37	0
2485.14	0
2485.9	1
2486.67	0
2487.44	0
2488.2	0
2488.97	0
2489.74	0
2490.51	0
2491.27	0
2492.04	0
2492.81	0
2493.58	0
2494.35	0
2495.11	0
2495.88	0
2496.65	0
2497.42	0
2498.19	0
2498.96	1
2499.73	0
2500.49	0
2501.26	0
2502.03	0
2502.8	0
2503.57	0
2504.34	0
2505.11	0
2505.88	0
2506.65	0
2507.42	0
2508.19	0
2508.96	0
2509.73	0
2510.5	0
2511.27	0
2512.04	1
2512.81	0
2513.59	0
2514.36	0
2515.13	0
2515.9	0
2516.67	0
2517.44	0
2518.21	0
2518.99	0
2519.76	0
2520.53	0
2521.3	0
2522.07	0
2522.85	0
2523.62	0
2524.39	0
2525.16	0
2525.94	0
2526.71	0
2527.48	0
2528.26	0
2529.03	0
2529.8	0
2530.58	0
2531.35	0
2532.12	0
2532.9	0
2533.67	0
2534.45	0
2535.22	0
2535.99	1
2536.77	0
2537.54	0
2538.32	0
2539.09	0
2539.87	0
2540.64	0
2541.42	0
2542.19	0
2542.97	0
2543.74	0
2544.52	0
2545.3	0
2546.07	0
2546.85	0
2547.62	0
2548.4	0
2549.18	0
2549.95	0
2550.73	0
2551.5	0
2552.28	0
2553.06	0
2553.84	0
2554.61	0
2555.39	0
2556.17	0
2556.94	0
2557.72	0
2558.5	0
2559.28	0
2560.06	1
2560.83	0
2561.61	0
2562.39	0
2563.17	0
2563.95	0
2564.72	0
2565.5	0
2566.28	0
2567.06	0
2567.84	0
2568.62	0
2569.4	0
2570.18	0
2570.96	0
2571.74	0
2572.52	0
2573.3	1
2574.08	0
2574.86	0
2575.64	0
2576.42	2
2577.2	1
2577.98	0
2578.76	1
2579.54	1
2580.32	0
2581.1	0
2581.88	0
2582.66	0
2583.45	0
2584.23	0
2585.01	0
2585.79	0
2586.57	0
2587.35	0
2588.14	0
2588.92	0
2589.7	0
2590.48	0
2591.27	0
2592.05	0
2592.83	0
2593.61	1
2594.4	0
2595.18	0
2595.96	0
2596.75	0
2597.53	0
2598.31	0
2599.1	0
2599.88	0
2600.66	2
2601.45	0
2602.23	0
2603.02	0
2603.8	0
2604.59	0
2605.37	0
2606.16	0
2606.94	0
2607.72	0
2608.51	0
2609.3	0
2610.08	0
2610.87	1
2611.65	0
2612.44	0
2613.22	0
2614.01	0
2614.79	0
2615.58	0
2616.37	0
2617.15	0
2617.94	0
2618.73	0
2619.51	0
2620.3	0
2621.09	0
2621.87	0
2622.66	0
2623.45	0
2624.24	0
2625.02	0
2625.81	0
2626.6	0
2627.39	0
2628.17	0
2628.96	0
2629.75	0
2630.54	0
2631.33	0
2632.12	0
2632.9	0
2633.69	1
2634.48	0
2635.27	0
2636.06	0
2636.85	0
2637.64	0
2638.43	0
2639.22	0
2640.01	0
2640.8	0
2641.59	0
2642.38	0
2643.17	0
2643.96	0
2644.75	0
2645.54	0
2646.33	0
2647.12	0
2647.91	0
2648.7	0
2649.49	0
2650.29	0
2651.08	1
2651.87	0
2652.66	0
2653.45	0
2654.24	0
2655.04	0
2655.83	0
2656.62	1
2657.41	0
2658.2	0
2659	0
2659.79	0
2660.58	0
2661.37	0
2662.17	0
2662.96	0
2663.75	0
2664.55	0
2665.34	0
2666.13	1
2666.93	0
2667.72	0
2668.52	0
2669.31	0
2670.1	0
2670.9	0
2671.69	0
2672.49	0
2673.28	0
2674.08	0
2674.87	0
2675.67	0
2676.46	0
2677.26	0
2678.05	1
2678.85	0
2679.64	0
2680.44	0
2681.24	0
2682.03	0
2682.83	0
2683.62	0
2684.42	0
2685.22	0
2686.01	0
2686.81	0
2687.61	0
2688.4	0
2689.2	0
2690	0
2690.79	0
2691.59	0
2692.39	0
2693.19	1
2693.98	0
2694.78	0
2695.58	0
2696.38	0
2697.18	0
2697.97	0
2698.77	0
2699.57	0
2700.37	0
2701.17	0
2701.97	0
2702.77	0
2703.57	0
2704.37	0
2705.16	0
2705.96	0
2706.76	0
2707.56	1
2708.36	0
2709.16	0
2709.96	0
2710.76	0
2711.56	0
2712.36	0
2713.16	0
2713.97	0
2714.77	0
2715.57	0
2716.37	0
2717.17	0
2717.97	0
2718.77	0
2719.57	0
2720.37	0
2721.18	0
2721.98	0
2722.78	0
2723.58	0
2724.38	0
2725.19	0
2725.99	0
2726.79	0
2727.59	0
2728.4	0
2729.2	0
2730	0
2730.81	0
2731.61	0
2732.41	0
2733.22	0
2734.02	0
2734.82	0
2735.63	0
2736.43	0
2737.24	0
2738.04	1
2738.84	0
2739.65	1
2740.45	1
2741.26	0
2742.06	0
2742.87	0
2743.67	0
2744.48	0
2745.28	1
2746.09	0
2746.89	0
2747.7	0
2748.51	0
2749.31	0
2750.12	0
2750.92	1
2751.73	0
2752.54	0
2753.34	0
2754.15	0
2754.96	0
2755.76	0
2756.57	0
2757.38	0
2758.18	0
2758.99	0
2759.8	0
2760.61	0
2761.41	0
2762.22	0
2763.03	0
2763.84	1
2764.64	0
2765.45	0
2766.26	0
2767.07	0
2767.88	0
2768.69	0
2769.5	0
2770.3	0
2771.11	0
2771.92	1
2772.73	0
2773.54	1
2774.35	0
2775.16	0
2775.97	0
2776.78	0
2777.59	0
2778.4	0
2779.21	0
2780.02	0
2780.83	0
2781.64	0
2782.45	0
2783.26	1
2784.08	0
2784.89	0
2785.7	0
2786.51	0
2787.32	1
2788.13	0
2788.94	0
2789.76	0
2790.57	0
2791.38	0
2792.19	0
2793	1
2793.82	0
2794.63	0
2795.44	0
2796.25	0
2797.07	0
2797.88	0
2798.69	0
2799.51	0
2800.32	0
2801.13	0
2801.95	0
2802.76	0
2803.57	0
2804.39	0
2805.2	1
2806.02	0
2806.83	1
2807.65	0
2808.46	1
2809.27	0
2810.09	1
2810.9	0
2811.72	0
2812.53	0
2813.35	1
2814.17	0
2814.98	0
2815.8	0
2816.61	0
2817.43	0
2818.24	0
2819.06	0
2819.88	0
2820.69	0
2821.51	0
2822.33	0
2823.14	0
2823.96	0
2824.78	0
2825.59	0
2826.41	0
2827.23	0
2828.05	0
2828.86	0
2829.68	0
2830.5	0
2831.32	0
2832.13	1
2832.95	0
2833.77	0
2834.59	0
2835.41	0
2836.23	0
2837.05	0
2837.86	0
2838.68	0
2839.5	0
2840.32	0
2841.14	1
2841.96	0
2842.78	0
2843.6	0
2844.42	0
2845.24	0
2846.06	0
2846.88	1
2847.7	0
2848.52	0
2849.34	0
2850.16	0
2850.98	0
2851.8	0
2852.62	0
2853.45	0
2854.27	0
2855.09	0
2855.91	0
2856.73	0
2857.55	0
2858.38	0
2859.2	0
2860.02	0
2860.84	0
2861.66	0
2862.49	0
2863.31	0
2864.13	0
2864.95	0
2865.78	0
2866.6	0
2867.42	0
2868.25	0
2869.07	0
2869.89	0
2870.72	0
2871.54	0
2872.37	0
2873.19	1
2874.01	0
2874.84	0
2875.66	0
2876.49	0
2877.31	0
2878.14	0
2878.96	0
2879.79	0
2880.61	0
2881.44	0
2882.26	0
2883.09	1
2883.91	0
2884.74	0
2885.57	0
2886.39	0
2887.22	0
2888.04	0
2888.87	0
2889.7	1
2890.52	0
2891.35	1
2892.18	0
2893	0
2893.83	1
2894.66	0
2895.49	0
2896.31	0
2897.14	0
2897.97	1
2898.8	0
2899.62	1
2900.45	0
2901.28	1
2902.11	0
2902.94	0
2903.77	0
2904.59	0
2905.42	1
2906.25	0
2907.08	0
2907.91	0
2908.74	0
2909.57	0
2910.4	0
2911.23	0
2912.06	0
2912.89	0
2913.72	0
2914.55	0
2915.38	0
2916.21	0
2917.04	0
2917.87	0
2918.7	0
2919.53	0
2920.36	1
2921.19	0
2922.02	0
2922.86	0
2923.69	0
2924.52	0
2925.35	0
2926.18	0
2927.01	1
2927.85	0
2928.68	0
2929.51	0
2930.34	1
2931.18	0
2932.01	0
2932.84	0
2933.67	0
2934.51	0
2935.34	0
2936.17	0
2937.01	1
2937.84	0
2938.67	0
2939.51	0
2940.34	0
2941.18	0
2942.01	0
2942.84	0
2943.68	0
2944.51	0
2945.35	0
2946.18	0
2947.02	0
2947.85	1
2948.69	0
2949.52	0
2950.36	0
2951.19	1
2952.03	0
2952.86	0
2953.7	0
2954.54	0
2955.37	0
2956.21	0
2957.04	1
2957.88	0
2958.72	0
2959.55	0
2960.39	0
2961.23	1
2962.07	0
2962.9	0
2963.74	0
2964.58	0
2965.41	0
2966.25	0
2967.09	0
2967.93	1
2968.77	0
2969.6	0
2970.44	0
2971.28	0
2972.12	1
2972.96	0
2973.8	0
2974.64	0
2975.47	0
2976.31	0
2977.15	0
2977.99	0
2978.83	0
2979.67	0
2980.51	0
2981.35	0
2982.19	0
2983.03	0
2983.87	1
2984.71	0
2985.55	0
2986.39	0
2987.23	2
2988.07	0
2988.92	0
2989.76	1
2990.6	0
2991.44	0
2992.28	0
2993.12	0
2993.96	0
2994.81	0
2995.65	1
2996.49	0
2997.33	0
2998.17	0
2999.02	1
2999.86	0
3000.7	1
3001.55	0
3002.39	0
3003.23	0
3004.07	0
3004.92	0
3005.76	0
3006.61	0
3007.45	0
3008.29	0
3009.14	0
3009.98	0
3010.82	0
3011.67	0
3012.51	0
3013.36	0
3014.2	0
3015.05	0
3015.89	0
3016.74	0
3017.58	0
3018.43	0
3019.27	1
3020.12	0
3020.96	0
3021.81	0
3022.66	0
3023.5	0
3024.35	0
3025.19	0
3026.04	0
3026.89	0
3027.73	0
3028.58	0
3029.43	0
3030.27	0
3031.12	0
3031.97	0
3032.82	0
3033.66	0
3034.51	1
3035.36	0
3036.21	0
3037.06	0
3037.9	0
3038.75	0
3039.6	0
3040.45	2
3041.3	1
3042.15	0
3042.99	0
3043.84	0
3044.69	0
3045.54	0
3046.39	0
3047.24	0
3048.09	0
3048.94	0
3049.79	0
3050.64	0
3051.49	0
3052.34	0
3053.19	0
3054.04	1
3054.89	0
3055.74	0
3056.59	0
3057.44	0
3058.3	0
3059.15	0
3060	0
3060.85	0
3061.7	0
3062.55	0
3063.4	0
3064.26	0
3065.11	0
3065.96	0
3066.81	1
3067.67	0
3068.52	0
3069.37	0
3070.22	0
3071.08	0
3071.93	0
3072.78	0
3073.64	0
3074.49	0
3075.34	0
3076.2	0
3077.05	0
3077.9	0
3078.76	0
3079.61	0
3080.47	1
3081.32	0
3082.18	1
3083.03	0
3083.89	1
3084.74	0
3085.6	0
3086.45	0
3087.31	0
3088.16	0
3089.02	0
3089.87	0
3090.73	0
3091.58	1
3092.44	0
3093.3	0
3094.15	0
3095.01	0
3095.87	0
3096.72	0
3097.58	0
3098.44	0
3099.29	0
3100.15	0
3101.01	0
3101.87	0
3102.72	0
3103.58	1
3104.44	0
3105.3	0
3106.15	0
3107.01	0
3107.87	0
3108.73	0
3109.59	0
3110.45	0
3111.31	0
3112.16	0
3113.02	0
3113.88	0
3114.74	0
3115.6	0
3116.46	0
3117.32	0
3118.18	0
3119.04	0
3119.9	0
3120.76	0
3121.62	0
3122.48	0
3123.34	0
3124.2	0
3125.06	0
3125.92	1
3126.79	0
3127.65	1
3128.51	0
3129.37	0
3130.23	0
3131.09	0
3131.95	0
3132.82	0
3133.68	0
3134.54	0
3135.4	0
3136.27	0
3137.13	0
3137.99	0
3138.85	0
3139.72	0
3140.58	0
3141.44	0
3142.31	0
3143.17	0
3144.03	0
3144.9	0
3145.76	0
3146.62	0
3147.49	0
3148.35	0
3149.22	0
3150.08	0
3150.95	0
3151.81	0
3152.68	0
3153.54	0
3154.41	0
3155.27	0
3156.14	0
3157	0
3157.87	0
3158.73	0
3159.6	0
3160.46	0
3161.33	0
3162.2	0
3163.06	0
3163.93	0
3164.8	0
3165.66	0
3166.53	0
3167.4	0
3168.26	0
3169.13	0
3170	0
3170.86	0
3171.73	0
3172.6	0
3173.47	0
3174.34	0
3175.2	0
3176.07	0
3176.94	0
3177.81	0
3178.68	0
3179.55	0
3180.41	0
3181.28	0
3182.15	0
3183.02	0
3183.89	0
3184.76	1
3185.63	1
3186.5	0
3187.37	0
3188.24	0
3189.11	0
3189.98	0
3190.85	0
3191.72	0
3192.59	0
3193.46	0
3194.33	1
3195.2	0
3196.08	0
3196.95	0
3197.82	0
3198.69	0
3199.56	0
3200.43	0
3201.3	0
3202.18	0
3203.05	1
3203.92	0
3204.79	1
3205.67	1
3206.54	0
3207.41	0
3208.28	0
3209.16	0
3210.03	0
3210.9	0
3211.78	0
3212.65	0
3213.52	0
3214.4	0
3215.27	0
3216.14	0
3217.02	0
3217.89	0
3218.77	0
3219.64	0
3220.52	0
3221.39	0
3222.27	0
3223.14	0
3224.02	0
3224.89	0
3225.77	0
3226.64	0
3227.52	0
3228.39	0
3229.27	1
3230.15	0
3231.02	0
3231.9	0
3232.77	0
3233.65	0
3234.53	0
3235.4	0
3236.28	0
3237.16	0
3238.04	0
3238.91	0
3239.79	0
3240.67	1
3241.55	0
3242.42	0
3243.3	0
3244.18	0
3245.06	0
3245.94	0
3246.81	0
3247.69	0
3248.57	0
3249.45	0
3250.33	0
3251.21	0
3252.09	0
3252.97	0
3253.85	0
3254.73	0
3255.61	0
3256.49	0
3257.37	0
3258.25	0
3259.13	0
3260.01	0
3260.89	0
3261.77	1
3262.65	0
3263.53	0
3264.41	0
3265.29	0
3266.17	0
3267.05	0
3267.93	0
3268.82	0
3269.7	0
3270.58	1
3271.46	0
3272.34	0
3273.23	0
3274.11	0
3274.99	0
3275.87	0
3276.76	0
3277.64	0
3278.52	0
3279.41	0
3280.29	0
3281.17	1
3282.06	0
3282.94	0
3283.82	1
3284.71	0
3285.59	0
3286.47	1
3287.36	0
3288.24	0
3289.13	0
3290.01	0
3290.9	0
3291.78	0
3292.67	0
3293.55	0
3294.44	0
3295.32	0
3296.21	0
3297.09	0
3297.98	0
3298.87	0
3299.75	0
3300.64	0
3301.52	0
3302.41	0
3303.3	0
3304.18	0
3305.07	1
3305.96	0
3306.85	0
3307.73	0
3308.62	0
3309.51	0
3310.39	0
3311.28	0
3312.17	0
3313.06	0
3313.95	0
3314.83	1
3315.72	1
3316.61	0
3317.5	0
3318.39	0
3319.28	0
3320.17	0
3321.06	0
3321.94	0
3322.83	0
3323.72	0
3324.61	0
3325.5	1
3326.39	0
3327.28	0
3328.17	0
3329.06	0
3329.95	0
3330.84	0
3331.74	0
3332.63	0
3333.52	0
3334.41	0
3335.3	0
3336.19	0
3337.08	0
3337.97	0
3338.87	0
3339.76	0
3340.65	0
3341.54	0
3342.43	0
3343.33	0
3344.22	0
3345.11	0
3346	0
3346.9	0
3347.79	0
3348.68	0
3349.58	0
3350.47	0
3351.36	0
3352.26	0
3353.15	0
3354.04	0
3354.94	0
3355.83	0
3356.73	0
3357.62	0
3358.51	0
3359.41	0
3360.3	1
3361.2	0
3362.09	0
3362.99	0
3363.88	0
3364.78	0
3365.68	0
3366.57	0
3367.47	0
3368.36	0
3369.26	0
3370.16	0
3371.05	0
3371.95	0
3372.84	0
3373.74	0
3374.64	0
3375.53	0
3376.43	0
3377.33	0
3378.23	0
3379.12	0
3380.02	0
3380.92	0
3381.82	0
3382.72	0
3383.61	0
3384.51	0
3385.41	0
3386.31	1
3387.21	0
3388.11	0
3389	0
3389.9	0
3390.8	0
3391.7	1
3392.6	0
3393.5	0
3394.4	0
3395.3	0
3396.2	0
3397.1	0
3398	0
3398.9	0
3399.8	0
3400.7	0
3401.6	0
3402.5	0
3403.4	0
3404.31	0
3405.21	0
3406.11	0
3407.01	0
3407.91	0
3408.81	0
3409.71	0
3410.62	0
3411.52	1
3412.42	0
3413.32	0
3414.23	0
3415.13	1
3416.03	0
3416.93	0
3417.84	0
3418.74	0
3419.64	0
3420.55	0
3421.45	0
3422.35	0
3423.26	0
3424.16	0
3425.07	0
3425.97	0
3426.87	0
3427.78	0
3428.68	0
3429.59	0
3430.49	0
3431.4	0
3432.3	0
3433.21	0
3434.11	0
3435.02	0
3435.93	1
3436.83	0
3437.74	0
3438.64	0
3439.55	0
3440.46	0
3441.36	0
3442.27	0
3443.17	0
3444.08	0
3444.99	0
3445.9	0
3446.8	1
3447.71	0
3448.62	0
3449.53	0
3450.43	0
3451.34	0
3452.25	0
3453.16	0
3454.06	0
3454.97	0
3455.88	0
3456.79	0
3457.7	0
3458.61	0
3459.52	0
3460.43	0
3461.34	0
3462.24	0
3463.15	0
3464.06	1
3464.97	0
3465.88	0
3466.79	0
3467.7	0
3468.61	0
3469.52	1
3470.44	0
3471.35	0
3472.26	0
3473.17	0
3474.08	0
3474.99	0
3475.9	0
3476.81	0
3477.72	1
3478.64	0
3479.55	0
3480.46	0
3481.37	0
3482.28	0
3483.2	0
3484.11	0
3485.02	0
3485.93	0
3486.85	0
3487.76	0
3488.67	1
3489.59	0
3490.5	0
3491.41	0
3492.33	0
3493.24	0
3494.16	0
3495.07	0
3495.98	0
3496.9	0
3497.81	0
3498.73	0
3499.64	0
3500.56	0
3501.47	0
3502.39	0
3503.3	0
3504.22	0
3505.13	1
3506.05	0
3506.96	0
3507.88	0
3508.8	0
3509.71	0
3510.63	0
3511.55	0
3512.46	0
3513.38	0
3514.3	0
3515.21	0
3516.13	0
3517.05	0
3517.96	0
3518.88	0
3519.8	0
3520.72	0
3521.64	0
3522.55	0
3523.47	0
3524.39	0
3525.31	0
3526.23	0
3527.15	0
3528.06	0
3528.98	0
3529.9	1
3530.82	0
3531.74	0
3532.66	0
3533.58	0
3534.5	0
3535.42	1
3536.34	0
3537.26	0
3538.18	0
3539.1	0
3540.02	0
3540.94	0
3541.86	0
3542.78	0
3543.7	0
3544.62	0
3545.55	0
3546.47	0
3547.39	0
3548.31	0
3549.23	0
3550.15	0
3551.08	0
3552	0
3552.92	0
3553.84	0
3554.77	0
3555.69	1
3556.61	0
3557.53	0
3558.46	0
3559.38	1
3560.3	0
3561.23	0
3562.15	0
3563.08	0
3564	1
3564.92	0
3565.85	0
3566.77	0
3567.7	0
3568.62	0
3569.55	0
3570.47	0
3571.4	0
3572.32	0
3573.25	0
3574.17	0
3575.1	0
3576.02	0
3576.95	0
3577.87	1
3578.8	0
3579.73	1
3580.65	0
3581.58	1
3582.51	0
3583.43	0
3584.36	0
3585.29	1
3586.21	0
3587.14	0
3588.07	0
3589	0
3589.92	0
3590.85	0
3591.78	0
3592.71	0
3593.63	0
3594.56	0
3595.49	0
3596.42	0
3597.35	0
3598.28	1
3599.21	0
3600.14	0
3601.06	0
3601.99	0
3602.92	0
3603.85	1
3604.78	0
3605.71	0
3606.64	0
3607.57	0
3608.5	0
3609.43	0
3610.36	0
3611.29	0
3612.23	0
3613.16	0
3614.09	1
3615.02	0
3615.95	0
3616.88	0
3617.81	0
3618.74	0
3619.68	0
3620.61	0
3621.54	0
3622.47	0
3623.41	0
3624.34	0
3625.27	0
3626.2	0
3627.14	0
3628.07	0
3629	0
3629.94	0
3630.87	0
3631.8	0
3632.74	0
3633.67	0
3634.6	1
3635.54	0
3636.47	0
3637.41	0
3638.34	0
3639.28	0
3640.21	0
3641.15	0
3642.08	0
3643.02	0
3643.95	0
3644.89	0
3645.82	0
3646.76	0
3647.69	0
3648.63	0
3649.57	0
3650.5	0
3651.44	1
3652.37	0
3653.31	0
3654.25	0
3655.19	0
3656.12	0
3657.06	0
3658	0
3658.93	0
3659.87	0
3660.81	0
3661.75	0
3662.69	0
3663.62	0
3664.56	0
3665.5	0
3666.44	0
3667.38	0
3668.32	0
3669.25	0
3670.19	0
3671.13	0
3672.07	0
3673.01	0
3673.95	0
3674.89	0
3675.83	0
3676.77	0
3677.71	0
3678.65	0
3679.59	0
3680.53	0
3681.47	0
3682.41	0
3683.35	0
3684.3	0
3685.24	0
3686.18	0
3687.12	0
3688.06	0
3689	0
3689.94	0
3690.89	0
3691.83	0
3692.77	0
3693.71	0
3694.66	0
3695.6	0
3696.54	0
3697.48	0
3698.43	0
3699.37	0
3700.31	0
3701.26	0
3702.2	0
3703.14	0
3704.09	0
3705.03	0
3705.98	0
3706.92	0
3707.86	0
3708.81	0
3709.75	0
3710.7	0
3711.64	0
3712.59	0
3713.53	0
3714.48	0
3715.42	0
3716.37	1
3717.32	0
3718.26	0
3719.21	0
3720.15	0
3721.1	0
3722.05	0
3722.99	0
3723.94	0
3724.89	0
3725.83	0
3726.78	0
3727.73	0
3728.67	0
3729.62	0
3730.57	0
3731.52	0
3732.47	0
3733.41	0
3734.36	0
3735.31	0
3736.26	0
3737.21	0
3738.16	0
3739.1	0
3740.05	0
3741	0
3741.95	0
3742.9	0
3743.85	0
3744.8	0
3745.75	0
3746.7	0
3747.65	0
3748.6	0
3749.55	0
3750.5	0
3751.45	0
3752.4	0
3753.35	0
3754.3	0
3755.25	0
3756.21	0
3757.16	0
3758.11	0
3759.06	0
3760.01	0
3760.96	0
3761.92	0
3762.87	0
3763.82	0
3764.77	0
3765.72	0
3766.68	0
3767.63	0
3768.58	0
3769.54	0
3770.49	0
3771.44	1
3772.4	0
3773.35	1
3774.3	0
3775.26	0
3776.21	0
3777.17	0
3778.12	0
3779.07	1
3780.03	0
3780.98	0
3781.94	0
3782.89	0
3783.85	0
3784.8	0
3785.76	0
3786.72	0
3787.67	0
3788.63	0
3789.58	0
3790.54	0
3791.49	0
3792.45	0
3793.41	0
3794.36	0
3795.32	0
3796.28	1
3797.23	0
3798.19	0
3799.15	0
3800.11	0
3801.06	0
3802.02	0
3802.98	0
3803.94	0
3804.9	0
3805.85	0
3806.81	1
3807.77	0
3808.73	0
3809.69	0
3810.65	0
3811.61	0
3812.57	0
3813.52	0
3814.48	0
3815.44	0
3816.4	0
3817.36	0
3818.32	0
3819.28	0
3820.24	0
3821.2	0
3822.16	0
3823.13	0
3824.09	0
3825.05	0
3826.01	0
3826.97	0
3827.93	0
3828.89	0
3829.85	0
3830.82	0
3831.78	0
3832.74	0
3833.7	0
3834.66	0
3835.63	0
3836.59	0
3837.55	0
3838.51	0
3839.48	0
3840.44	0
3841.4	0
3842.37	0
3843.33	0
3844.29	0
3845.26	0
3846.22	1
3847.19	0
3848.15	0
3849.11	0
3850.08	0
3851.04	0
3852.01	0
3852.97	0
3853.94	0
3854.9	0
3855.87	0
3856.83	0
3857.8	0
3858.77	0
3859.73	1
3860.7	0
3861.66	0
3862.63	0
3863.6	0
3864.56	0
3865.53	0
3866.5	0
3867.46	0
3868.43	0
3869.4	0
3870.36	0
3871.33	0
3872.3	0
3873.27	0
3874.23	0
3875.2	1
3876.17	0
3877.14	0
3878.11	0
3879.08	0
3880.04	0
3881.01	0
3881.98	0
3882.95	0
3883.92	0
3884.89	0
3885.86	0
3886.83	0
3887.8	0
3888.77	0
3889.74	0
3890.71	0
3891.68	0
3892.65	0
3893.62	0
3894.59	0
3895.56	0
3896.53	0
3897.5	0
3898.48	0
3899.45	0
3900.42	0
3901.39	0
3902.36	0
3903.33	0
3904.31	0
3905.28	0
3906.25	0
3907.22	0
3908.2	0
3909.17	0
3910.14	0
3911.11	0
3912.09	0
3913.06	0
3914.03	1
3915.01	0
3915.98	0
3916.96	0
3917.93	0
3918.9	0
3919.88	0
3920.85	0
3921.83	0
3922.8	0
3923.78	0
3924.75	0
3925.73	1
3926.7	0
3927.68	1
3928.65	0
3929.63	0
3930.6	0
3931.58	0
3932.56	0
3933.53	0
3934.51	0
3935.49	0
3936.46	0
3937.44	0
3938.42	0
3939.39	0
3940.37	0
3941.35	0
3942.32	0
3943.3	0
3944.28	0
3945.26	0
3946.24	0
3947.21	0
3948.19	0
3949.17	0
3950.15	0
3951.13	0
3952.11	0
3953.09	0
3954.06	0
3955.04	0
3956.02	0
3957	0
3957.98	0
3958.96	0
3959.94	1
3960.92	0
3961.9	0
3962.88	0
3963.86	0
3964.84	0
3965.82	0
3966.81	0
3967.79	0
3968.77	0
3969.75	0
3970.73	0
3971.71	0
3972.69	0
3973.68	0
3974.66	0
3975.64	0
3976.62	1
3977.6	0
3978.59	0
3979.57	0
3980.55	0
3981.53	0
3982.52	0
3983.5	0
3984.48	0
3985.47	1
3986.45	0
3987.44	0
3988.42	0
3989.4	0
3990.39	0
3991.37	0
3992.36	1
3993.34	0
3994.33	0
3995.31	0
3996.3	1
3997.28	0
3998.27	0
3999.25	0
4000.24	0
4001.22	0
4002.21	0
4003.19	0
4004.18	0
4005.17	0
4006.15	0
4007.14	0
4008.13	0
4009.11	0
4010.1	0
4011.09	0
4012.07	0
4013.06	0
4014.05	0
4015.04	0
4016.02	0
4017.01	0
4018	0
4018.99	0
4019.98	0
4020.97	0
4021.95	0
4022.94	0
4023.93	0
4024.92	0
4025.91	0
4026.9	0
4027.89	0
4028.88	0
4029.87	0
4030.86	0
4031.85	0
4032.84	0
4033.83	0
4034.82	0
4035.81	0
4036.8	0
4037.79	0
4038.78	1
4039.77	0
4040.76	0
4041.76	0
4042.75	0
4043.74	0
4044.73	1
4045.72	0
4046.71	0
4047.71	0
4048.7	0
4049.69	0
4050.68	0
4051.68	0
4052.67	0
4053.66	0
4054.66	0
4055.65	0
4056.64	0
4057.64	0
4058.63	1
4059.62	0
4060.62	0
4061.61	0
4062.61	0
4063.6	0
4064.59	0
4065.59	0
4066.58	1
4067.58	0
4068.57	0
4069.57	0
4070.56	0
4071.56	0
4072.56	1
4073.55	0
4074.55	0
4075.54	0
4076.54	0
4077.54	0
4078.53	0
4079.53	1
4080.53	0
4081.52	0
4082.52	0
4083.52	0
4084.51	0
4085.51	0
4086.51	0
4087.51	0
4088.51	0
4089.5	0
4090.5	0
4091.5	0
4092.5	0
4093.5	0
4094.5	0
4095.49	0
4096.49	0
4097.49	0
4098.49	0
4099.49	0
4100.49	1
4101.49	0
4102.49	0
4103.49	0
4104.49	0
4105.49	0
4106.49	0
4107.49	0
4108.49	0
4109.49	0
4110.49	1
4111.5	0
4112.5	0
4113.5	0
4114.5	0
4115.5	0
4116.5	0
4117.51	0
4118.51	0
4119.51	0
4120.51	0
4121.51	0
4122.52	0
4123.52	0
4124.52	0
4125.53	0
4126.53	0
4127.53	0
4128.54	1
4129.54	0
4130.54	0
4131.55	0
4132.55	0
4133.56	0
4134.56	0
4135.56	0
4136.57	0
4137.57	0
4138.58	0
4139.58	0
4140.59	0
4141.59	0
4142.6	0
4143.6	0
4144.61	0
4145.62	0
4146.62	0
4147.63	0
4148.63	0
4149.64	0
4150.65	0
4151.65	0
4152.66	0
4153.67	0
4154.68	0
4155.68	0
4156.69	0
4157.7	0
4158.71	0
4159.71	0
4160.72	0
4161.73	0
4162.74	0
4163.75	0
4164.75	0
4165.76	0
4166.77	0
4167.78	0
4168.79	0
4169.8	0
4170.81	0
4171.82	0
4172.83	0
4173.84	0
4174.85	0
4175.86	0
4176.87	0
4177.88	0
4178.89	0
4179.9	0
4180.91	0
4181.92	0
4182.93	0
4183.94	0
4184.95	0
4185.97	0
4186.98	0
4187.99	0
4189	0
4190.01	0
4191.02	0
4192.04	0
4193.05	0
4194.06	0
4195.07	0
4196.09	0
4197.1	0
4198.11	0
4199.13	0
4200.14	0
4201.15	0
4202.17	0
4203.18	0
4204.2	0
4205.21	0
4206.22	0
4207.24	0
4208.25	0
4209.27	0
4210.28	0
4211.3	0
4212.31	0
4213.33	0
4214.34	0
4215.36	0
4216.37	0
4217.39	0
4218.41	0
4219.42	0
4220.44	1
4221.46	0
4222.47	0
4223.49	0
4224.51	0
4225.52	0
4226.54	0
4227.56	1
4228.57	0
4229.59	0
4230.61	0
4231.63	0
4232.64	0
4233.66	1
4234.68	0
4235.7	0
4236.72	0
4237.74	0
4238.76	0
4239.77	0
4240.79	0
4241.81	0
4242.83	0
4243.85	0
4244.87	0
4245.89	0
4246.91	0
4247.93	1
4248.95	0
4249.97	0
4250.99	0
4252.01	0
4253.03	0
4254.05	0
4255.08	0
4256.1	1
4257.12	0
4258.14	0
4259.16	0
4260.18	0
4261.2	0
4262.23	0
4263.25	0
4264.27	0
4265.29	1
4266.32	0
4267.34	0
4268.36	1
4269.38	0
4270.41	0
4271.43	1
4272.45	1
4273.48	0
4274.5	1
4275.53	0
4276.55	0
4277.57	0
4278.6	1
4279.62	0
4280.65	0
4281.67	0
4282.7	0
4283.72	0
4284.75	1
4285.77	0
4286.8	0
4287.82	0
4288.85	0
4289.88	0
4290.9	0
4291.93	0
4292.95	0
4293.98	0
4295.01	0
4296.03	0
4297.06	1
4298.09	0
4299.11	1
4300.14	1
4301.17	0
4302.2	0
4303.22	0
4304.25	0
4305.28	0
4306.31	0
4307.34	0
4308.37	0
4309.39	0
4310.42	0
4311.45	0
4312.48	0
4313.51	0
4314.54	0
4315.57	0
4316.6	0
4317.63	0
4318.66	0
4319.69	0
4320.72	0
4321.75	0
4322.78	0
4323.81	0
4324.84	0
4325.87	0
4326.9	0
4327.93	0
4328.96	0
4330	0
4331.03	0
4332.06	0
4333.09	2
4334.12	0
4335.15	0
4336.19	0
4337.22	0
4338.25	0
4339.28	0
4340.32	0
4341.35	0
4342.38	0
4343.42	0
4344.45	0
4345.48	0
4346.52	0
4347.55	0
4348.59	0
4349.62	0
4350.65	0
4351.69	0
4352.72	0
4353.76	0
4354.79	0
4355.83	0
4356.86	0
4357.9	0
4358.93	0
4359.97	0
4361	0
4362.04	0
4363.08	0
4364.11	0
4365.15	0
4366.19	0
4367.22	0
4368.26	0
4369.3	0
4370.33	0
4371.37	0
4372.41	0
4373.44	0
4374.48	0
4375.52	0
4376.56	0
4377.6	0
4378.63	0
4379.67	0
4380.71	0
4381.75	0
4382.79	0
4383.83	1
4384.87	1
4385.9	0
4386.94	0
4387.98	1
4389.02	0
4390.06	0
4391.1	1
4392.14	0
4393.18	0
4394.22	0
4395.26	0
4396.3	0
4397.34	0
4398.39	0
4399.43	0
4400.47	0
4401.51	0
4402.55	0
4403.59	0
4404.63	0
4405.68	1
4406.72	1
4407.76	0
4408.8	1
4409.84	0
4410.89	0
4411.93	0
4412.97	0
4414.02	0
4415.06	0
4416.1	1
4417.15	0
4418.19	0
4419.23	0
4420.28	0
4421.32	0
4422.36	0
4423.41	0
4424.45	0
4425.5	0
4426.54	0
4427.59	0
4428.63	0
4429.68	0
4430.72	0
4431.77	0
4432.81	0
4433.86	0
4434.91	0
4435.95	0
4437	0
4438.04	0
4439.09	0
4440.14	1
4441.18	0
4442.23	0
4443.28	0
4444.33	0
4445.37	0
4446.42	0
4447.47	0
4448.52	0
4449.56	0
4450.61	0
4451.66	0
4452.71	0
4453.76	0
4454.8	0
4455.85	0
4456.9	0
4457.95	0
4459	0
4460.05	1
4461.1	1
4462.15	0
4463.2	0
4464.25	1
4465.3	0
4466.35	0
4467.4	0
4468.45	1
4469.5	0
4470.55	0
4471.6	0
4472.65	0
4473.7	0
4474.76	0
4475.81	1
4476.86	0
4477.91	1
4478.96	0
4480.02	0
4481.07	1
4482.12	0
4483.17	1
4484.22	0
4485.28	0
4486.33	0
4487.38	0
4488.44	0
4489.49	0
4490.54	0
4491.6	0
4492.65	0
4493.71	0
4494.76	0
4495.81	0
4496.87	0
4497.92	0
4498.98	1
4500.03	0
4501.09	0
4502.14	1
4503.2	0
4504.25	0
4505.31	0
4506.36	0
4507.42	0
4508.48	0
4509.53	0
4510.59	0
4511.64	0
4512.7	0
4513.76	0
4514.82	0
4515.87	0
4516.93	0
4517.99	1
4519.04	1
4520.1	1
4521.16	1
4522.22	0
4523.28	2
4524.33	1
4525.39	0
4526.45	0
4527.51	0
4528.57	0
4529.63	0
4530.69	0
4531.74	0
4532.8	0
4533.86	0
4534.92	0
4535.98	1
4537.04	0
4538.1	1
4539.16	0
4540.22	1
4541.28	1
4542.34	2
4543.41	0
4544.47	1
4545.53	0
4546.59	0
4547.65	0
4548.71	0
4549.77	0
4550.83	0
4551.9	0
4552.96	0
4554.02	0
4555.08	1
4556.15	0
4557.21	0
4558.27	2
4559.33	0
4560.4	1
4561.46	0
4562.52	0
4563.59	1
4564.65	0
4565.72	0
4566.78	0
4567.84	0
4568.91	0
4569.97	0
4571.04	0
4572.1	0
4573.17	0
4574.23	1
4575.3	0
4576.36	0
4577.43	0
4578.49	0
4579.56	0
4580.62	0
4581.69	1
4582.76	0
4583.82	0
4584.89	0
4585.96	0
4587.02	0
4588.09	0
4589.16	1
4590.22	0
4591.29	0
4592.36	1
4593.43	0
4594.49	1
4595.56	0
4596.63	0
4597.7	0
4598.77	0
4599.84	0
4600.9	0
4601.97	0
4603.04	0
4604.11	0
4605.18	0
4606.25	0
4607.32	0
4608.39	0
4609.46	1
4610.53	0
4611.6	0
4612.67	0
4613.74	0
4614.81	0
4615.88	0
4616.95	0
4618.02	0
4619.09	0
4620.16	0
4621.24	0
4622.31	0
4623.38	0
4624.45	0
4625.52	0
4626.6	0
4627.67	0
4628.74	0
4629.81	0
4630.89	0
4631.96	0
4633.03	0
4634.1	0
4635.18	0
4636.25	0
4637.32	0
4638.4	0
4639.47	0
4640.55	0
4641.62	0
4642.7	0
4643.77	0
4644.84	0
4645.92	0
4646.99	0
4648.07	0
4649.14	0
4650.22	0
4651.3	0
4652.37	0
4653.45	0
4654.52	0
4655.6	0
4656.68	0
4657.75	0
4658.83	0
4659.9	0
4660.98	0
4662.06	0
4663.14	0
4664.21	0
4665.29	0
4666.37	0
4667.45	0
4668.52	0
4669.6	0
4670.68	0
4671.76	0
4672.84	0
4673.92	0
4674.99	0
4676.07	0
4677.15	0
4678.23	0
4679.31	0
4680.39	0
4681.47	0
4682.55	0
4683.63	0
4684.71	0
4685.79	0
4686.87	0
4687.95	0
4689.03	0
4690.11	0
4691.19	0
4692.27	0
4693.36	0
4694.44	0
4695.52	0
4696.6	0
4697.68	0
4698.76	0
4699.85	0
4700.93	0
4702.01	0
4703.09	0
4704.18	0
4705.26	0
4706.34	0
4707.43	0
4708.51	0
4709.59	0
4710.68	0
4711.76	0
4712.84	0
4713.93	0
4715.01	0
4716.1	0
4717.18	0
4718.27	0
4719.35	0
4720.44	0
4721.52	0
4722.61	0
4723.69	0
4724.78	0
4725.86	0
4726.95	0
4728.03	0
4729.12	0
4730.21	0
4731.29	0
4732.38	0
4733.47	0
4734.55	0
4735.64	0
4736.73	0
4737.81	0
4738.9	0
4739.99	0
4741.08	0
4742.17	0
4743.25	0
4744.34	0
4745.43	0
4746.52	0
4747.61	0
4748.7	0
4749.78	0
4750.87	0
4751.96	0
4753.05	0
4754.14	0
4755.23	0
4756.32	0
4757.41	0
4758.5	0
4759.59	0
4760.68	0
4761.77	0
4762.86	0
4763.95	0
4765.05	0
4766.14	0
4767.23	0
4768.32	0
4769.41	0
4770.5	0
4771.59	0
4772.69	0
4773.78	0
4774.87	0
4775.96	0
4777.06	0
4778.15	0
4779.24	0
4780.34	0
4781.43	0
4782.52	0
4783.62	0
4784.71	0
4785.8	0
4786.9	0
4787.99	0
4789.09	0
4790.18	0
4791.27	0
4792.37	0
4793.46	0
4794.56	0
4795.65	0
4796.75	0
4797.84	0
4798.94	0
4800.04	0
4801.13	0
4802.23	0
4803.32	0
4804.42	0
4805.52	0
4806.61	0
4807.71	0
4808.81	0
4809.9	0
4811	0
4812.1	0
4813.2	0
4814.29	0
4815.39	0
4816.49	0
4817.59	0
4818.69	0
4819.79	0
4820.88	0
4821.98	0
4823.08	0
4824.18	0
4825.28	0
4826.38	0
4827.48	0
4828.58	0
4829.68	0
4830.78	0
4831.88	0
4832.98	0
4834.08	0
4835.18	0
4836.28	0
4837.38	0
4838.48	0
4839.58	0
4840.68	0
4841.79	0
4842.89	0
4843.99	0
4845.09	0
4846.19	0
4847.29	0
4848.4	0
4849.5	0
4850.6	0
4851.7	0
4852.81	0
4853.91	0
4855.01	0
4856.12	0
4857.22	0
4858.32	0
4859.43	0
4860.53	0
4861.64	0
4862.74	0
4863.85	0
4864.95	0
4866.05	0
4867.16	0
4868.26	0
4869.37	0
4870.47	0
4871.58	0
4872.69	0
4873.79	0
4874.9	0
4876	0
4877.11	0
4878.22	0
4879.32	0
4880.43	0
4881.54	0
4882.64	0
4883.75	0
4884.86	0
4885.96	0
4887.07	0
4888.18	0
4889.29	0
4890.4	0
4891.5	0
4892.61	0
4893.72	0
4894.83	0
4895.94	0
4897.05	0
4898.16	0
4899.27	0
4900.37	0
4901.48	0
4902.59	0
4903.7	0
4904.81	0
4905.92	0
4907.03	0
4908.14	0
4909.25	0
4910.37	0
4911.48	0
4912.59	0
4913.7	0
4914.81	0
4915.92	0
4917.03	0
4918.14	0
4919.26	0
4920.37	0
4921.48	0
4922.59	0
4923.71	0
4924.82	0
4925.93	0
4927.04	0
4928.16	0
4929.27	0
4930.38	0
4931.5	0
4932.61	0
4933.72	0
4934.84	0
4935.95	0
4937.07	0
4938.18	0
4939.3	0
4940.41	0
4941.53	0
4942.64	0
4943.76	0
4944.87	0
4945.99	0
4947.1	0
4948.22	0
4949.33	0
4950.45	0
4951.57	0
4952.68	0
4953.8	0
4954.92	0
4956.03	0
4957.15	0
4958.27	0
4959.38	0
4960.5	0
4961.62	0
4962.74	0
4963.86	0
4964.97	0
4966.09	0
4967.21	0
4968.33	0
4969.45	0
4970.57	0
4971.68	0
4972.8	0
4973.92	0
4975.04	0
4976.16	0
4977.28	0
4978.4	0
4979.52	0
4980.64	0
4981.76	0
4982.88	0
4984	0
4985.12	0
4986.25	0
4987.37	0
4988.49	0
4989.61	0
4990.73	0
4991.85	0
4992.97	0
4994.1	0
4995.22	0
4996.34	0
4997.46	0
4998.59	0
4999.71	0
5000.83	0
5001.95	0
5003.08	0
5004.2	0
5005.32	0
5006.45	0
5007.57	0
5008.7	0
5009.82	0
5010.94	0
5012.07	0
5013.19	0
5014.32	0
5015.44	0
5016.57	0
5017.69	0
5018.82	0
5019.94	0
5021.07	0
5022.19	0
5023.32	0
5024.45	0
5025.57	0
5026.7	0
5027.83	0
5028.95	0
5030.08	0
5031.21	0
5032.33	0
5033.46	0
5034.59	0
5035.72	0
5036.84	0
5037.97	0
5039.1	0
5040.23	0
5041.36	0
5042.48	0
5043.61	0
5044.74	0
5045.87	0
5047	0
5048.13	0
5049.26	0
5050.39	0
5051.52	0
5052.65	0
5053.78	0
5054.91	0
5056.04	0
5057.17	0
5058.3	0
5059.43	0
5060.56	0
5061.69	0
5062.82	0
5063.95	0
5065.09	0
5066.22	0
5067.35	0
5068.48	0
5069.61	0
5070.75	0
5071.88	0
5073.01	0
5074.14	0
5075.28	0
5076.41	0
5077.54	0
5078.68	0
5079.81	0
5080.94	0
5082.08	0
5083.21	0
5084.35	0
5085.48	0
5086.61	0
5087.75	0
5088.88	0
5090.02	0
5091.15	0
5092.29	0
5093.42	0
5094.56	0
5095.69	0
5096.83	0
5097.97	0
5099.1	0
5100.24	0
5101.37	0
5102.51	0
5103.65	0
5104.79	0
5105.92	0
5107.06	0
5108.2	0
5109.33	0
5110.47	0
5111.61	0
5112.75	0
5113.89	0
5115.02	0
5116.16	0
5117.3	0
5118.44	0
5119.58	0
5120.72	0
5121.86	0
5123	0
5124.13	0
5125.27	0
5126.41	0
5127.55	0
5128.69	0
5129.83	0
5130.97	0
5132.12	0
5133.26	0
5134.4	0
5135.54	0
5136.68	0
5137.82	0
5138.96	0
5140.1	0
5141.24	0
5142.39	0
5143.53	0
5144.67	0
5145.81	0
5146.96	0
5148.1	0
5149.24	0
5150.38	0
5151.53	0
5152.67	0
5153.81	0
5154.96	0
5156.1	0
5157.25	0
5158.39	0
5159.53	0
5160.68	0
5161.82	0
5162.97	0
5164.11	0
5165.26	0
5166.4	0
5167.55	0
5168.69	0
5169.84	0
5170.98	0
5172.13	0
5173.28	0
5174.42	0
5175.57	0
5176.71	0
5177.86	0
5179.01	0
5180.15	0
5181.3	0
5182.45	0
5183.6	0
5184.74	0
5185.89	0
5187.04	0
5188.19	0
5189.34	0
5190.48	0
5191.63	0
5192.78	0
5193.93	0
5195.08	0
5196.23	0
5197.38	0
5198.53	0
5199.68	0
5200.83	0
5201.98	0
5203.13	0
5204.28	0
5205.43	0
5206.58	0
5207.73	0
5208.88	0
5210.03	0
5211.18	0
5212.33	0
5213.48	0
5214.63	0
5215.79	0
5216.94	0
5218.09	0
5219.24	0
5220.39	0
5221.55	0
5222.7	0
5223.85	0
5225	0
5226.16	0
5227.31	0
5228.46	0
5229.62	0
5230.77	0
5231.93	0
5233.08	0
5234.23	0
5235.39	0
5236.54	0
5237.7	0
5238.85	0
5240.01	0
5241.16	0
5242.32	0
5243.47	0
5244.63	0
5245.78	0
5246.94	0
5248.1	0
5249.25	0
5250.41	0
5251.56	0
5252.72	0
5253.88	0
5255.04	0
5256.19	0
5257.35	0
5258.51	0
5259.66	0
5260.82	0
5261.98	0
5263.14	0
5264.3	0
5265.45	0
5266.61	0
5267.77	0
5268.93	0
5270.09	0
5271.25	0
5272.41	0
5273.57	0
5274.73	0
5275.89	0
5277.05	0
5278.21	0
5279.37	0
5280.53	0
5281.69	0
5282.85	0
5284.01	0
5285.17	0
5286.33	0
5287.49	0
5288.65	0
5289.81	0
5290.98	0
5292.14	0
5293.3	0
5294.46	0
5295.62	0
5296.79	0
5297.95	0
5299.11	0
5300.28	0
5301.44	0
5302.6	0
5303.77	0
5304.93	0
5306.09	0
5307.26	0
5308.42	0
5309.58	0
5310.75	0
5311.91	0
5313.08	0
5314.24	0
5315.41	0
5316.57	0
5317.74	0
5318.9	0
5320.07	0
5321.24	0
5322.4	0
5323.57	0
5324.73	0
5325.9	0
5327.07	0
5328.23	0
5329.4	0
5330.57	0
5331.73	0
5332.9	0
5334.07	0
5335.24	0
5336.4	0
5337.57	0
5338.74	0
5339.91	0
5341.08	0
5342.25	0
5343.41	0
5344.58	0
5345.75	0
5346.92	0
5348.09	0
5349.26	0
5350.43	0
5351.6	0
5352.77	0
5353.94	0
5355.11	0
5356.28	0
5357.45	0
5358.62	0
5359.79	0
5360.96	0
5362.13	0
5363.31	0
5364.48	0
5365.65	0
5366.82	0
5367.99	0
5369.16	0
5370.34	0
5371.51	0
5372.68	0
5373.85	0
5375.03	0
5376.2	0
5377.37	0
5378.55	0
5379.72	0
5380.89	0
5382.07	0
5383.24	0
5384.42	0
5385.59	0
5386.76	0
5387.94	0
5389.11	0
5390.29	0
5391.46	0
5392.64	0
5393.81	0
5394.99	0
5396.17	0
5397.34	0
5398.52	0
5399.69	0
5400.87	0
5402.05	0
5403.22	0
5404.4	0
5405.58	0
5406.75	0
5407.93	0
5409.11	0
5410.29	0
5411.46	0
5412.64	0
5413.82	0
5415	0
5416.18	0
5417.35	0
5418.53	0
5419.71	0
5420.89	0
5422.07	0
5423.25	0
5424.43	0
5425.61	0
5426.79	0
5427.97	0
5429.15	0
5430.33	0
5431.51	0
5432.69	0
5433.87	0
5435.05	0
5436.23	0
5437.41	0
5438.59	0
5439.78	0
5440.96	0
5442.14	0
5443.32	0
5444.5	0
5445.69	0
5446.87	0
5448.05	0
5449.23	0
5450.42	0
5451.6	0
5452.78	0
5453.97	0
5455.15	0
5456.33	0
5457.52	0
5458.7	0
5459.88	0
5461.07	0
5462.25	0
5463.44	0
5464.62	0
5465.81	0
5466.99	0
5468.18	0
5469.36	0
5470.55	0
5471.73	0
5472.92	0
5474.11	0
5475.29	0
5476.48	0
5477.67	0
5478.85	0
5480.04	0
5481.23	0
5482.41	0
5483.6	0
5484.79	0
5485.98	0
5487.16	0
5488.35	0
5489.54	0
5490.73	0
5491.92	0
5493.1	0
5494.29	0
5495.48	0
5496.67	0
5497.86	0
5499.05	0
5500.24	0
5501.43	0
5502.62	0
5503.81	0
5505	0
5506.19	0
5507.38	0
5508.57	0
5509.76	0
5510.95	0
5512.14	0
5513.33	0
5514.52	0
5515.72	0
5516.91	0
5518.1	0
5519.29	0
5520.48	0
5521.68	0
5522.87	0
5524.06	0
5525.25	0
5526.45	0
5527.64	0
5528.83	0
5530.03	0
5531.22	0
5532.41	0
5533.61	0
5534.8	0
5536	0
5537.19	0
5538.38	0
5539.58	0
5540.77	0
5541.97	0
5543.16	0
5544.36	0
5545.55	0
5546.75	0
5547.95	0
5549.14	0
5550.34	0
5551.53	0
5552.73	0
5553.93	0
5555.12	0
5556.32	0
5557.52	0
5558.71	0
5559.91	0
5561.11	0
5562.31	0
5563.5	0
5564.7	0
5565.9	0
5567.1	0
5568.3	0
5569.5	0
5570.69	0
5571.89	0
5573.09	0
5574.29	0
5575.49	0
5576.69	0
5577.89	0
5579.09	0
5580.29	0
5581.49	0
5582.69	0
5583.89	0
5585.09	0
5586.29	0
5587.49	0
5588.69	0
5589.9	0
5591.1	0
5592.3	0
5593.5	0
5594.7	0
5595.9	0
5597.11	0
5598.31	0
5599.51	0
5600.71	0
5601.92	0
5603.12	0
5604.32	0
5605.53	0
5606.73	0
5607.93	0
5609.14	0
5610.34	0
5611.55	0
5612.75	0
5613.95	0
5615.16	0
5616.36	0
5617.57	0
5618.77	0
5619.98	0
5621.18	0
5622.39	0
5623.6	0
5624.8	0
5626.01	0
5627.21	0
5628.42	0
5629.63	0
5630.83	0
5632.04	0
5633.25	0
5634.45	0
5635.66	0
5636.87	0
5638.08	0
5639.28	0
5640.49	0
5641.7	0
5642.91	0
5644.12	0
5645.33	0
5646.53	0
5647.74	0
5648.95	0
5650.16	0
5651.37	0
5652.58	0
5653.79	0
5655	0
5656.21	0
5657.42	0
5658.63	0
5659.84	0
5661.05	0
5662.26	0
5663.47	0
5664.68	0
5665.9	0
5667.11	0
5668.32	0
5669.53	0
5670.74	0
5671.95	0
5673.17	0
5674.38	0
5675.59	0
5676.8	0
5678.02	0
5679.23	0
5680.44	0
5681.66	0
5682.87	0
5684.08	0
5685.3	0
5686.51	0
5687.73	0
5688.94	0
5690.15	0
5691.37	0
5692.58	0
5693.8	0
5695.01	0
5696.23	0
5697.44	0
5698.66	0
5699.88	0
5701.09	0
5702.31	0
5703.52	0
5704.74	0
5705.96	0
5707.17	0
5708.39	0
5709.61	0
5710.82	0
5712.04	0
5713.26	0
5714.48	0
5715.69	0
5716.91	0
5718.13	0
5719.35	0
5720.57	0
5721.79	0
5723	0
5724.22	0
5725.44	0
5726.66	0
5727.88	0
5729.1	0
5730.32	0
5731.54	0
5732.76	0
5733.98	0
5735.2	0
5736.42	0
5737.64	0
5738.86	0
5740.08	0
5741.31	0
5742.53	0
5743.75	0
5744.97	0
5746.19	0
5747.41	0
5748.64	0
5749.86	0
5751.08	0
5752.3	0
5753.53	0
5754.75	0
5755.97	0
5757.19	0
5758.42	0
5759.64	0
5760.87	0
5762.09	0
5763.31	0
5764.54	0
5765.76	0
5766.99	0
5768.21	0
5769.44	0
5770.66	0
5771.89	0
5773.11	0
5774.34	0
5775.56	0
5776.79	0
5778.01	0
5779.24	0
5780.47	0
5781.69	0
5782.92	0
5784.15	0
5785.37	0
5786.6	0
5787.83	0
5789.05	0
5790.28	0
5791.51	0
5792.74	0
5793.97	0
5795.19	0
5796.42	0
5797.65	0
5798.88	0
5800.11	0
5801.34	0
5802.57	0
5803.8	0
5805.03	0
5806.26	0
5807.48	0
5808.71	0
5809.95	0
5811.18	0
5812.41	0
5813.64	0
5814.87	0
5816.1	0
5817.33	0
5818.56	0
5819.79	0
5821.02	0
5822.26	0
5823.49	0
5824.72	0
5825.95	0
5827.18	0
5828.42	0
5829.65	0
5830.88	0
5832.11	0
5833.35	0
5834.58	0
5835.81	0
5837.05	0
5838.28	0
5839.52	0
5840.75	0
5841.98	0
5843.22	0
5844.45	0
5845.69	0
5846.92	0
5848.16	0
5849.39	0
5850.63	0
5851.86	0
5853.1	0
5854.34	0
5855.57	0
5856.81	0
5858.05	0
5859.28	0
5860.52	0
5861.76	0
5862.99	0
5864.23	0
5865.47	0
5866.7	0
5867.94	0
5869.18	0
5870.42	0
5871.66	0
5872.89	0
5874.13	0
5875.37	0
5876.61	0
5877.85	0
5879.09	0
5880.33	0
5881.57	0
5882.81	0
5884.05	0
5885.29	0
5886.53	0
5887.77	0
5889.01	0
5890.25	0
5891.49	0
5892.73	0
5893.97	0
5895.21	0
5896.45	0
5897.69	0
5898.94	0
5900.18	0
5901.42	0
5902.66	0
5903.91	0
5905.15	0
5906.39	0
5907.63	0
5908.88	0
5910.12	0
5911.36	0
5912.61	0
5913.85	0
5915.09	0
5916.34	0
5917.58	0
5918.83	0
5920.07	0
5921.32	0
5922.56	0
5923.8	0
5925.05	0
5926.3	0
5927.54	0
5928.79	0
5930.03	0
5931.28	0
5932.52	0
5933.77	0
5935.02	0
5936.26	0
5937.51	0
5938.76	0
5940	0
5941.25	0
5942.5	0
5943.75	0
5944.99	0
5946.24	0
5947.49	0
5948.74	0
5949.99	0
5951.23	0
5952.48	0
5953.73	0
5954.98	0
5956.23	0
5957.48	0
5958.73	0
5959.98	0
5961.23	0
5962.48	0
5963.73	0
5964.98	0
5966.23	0
5967.48	0
5968.73	0
5969.98	0
5971.23	0
5972.48	0
5973.74	0
5974.99	0
5976.24	0
5977.49	0
5978.74	0
5980	0
5981.25	0
5982.5	0
5983.75	0
5985.01	0
5986.26	0
5987.51	0
5988.77	0
5990.02	0
5991.27	0
5992.53	0
5993.78	0
5995.04	0
5996.29	0
5997.54	0
5998.8	0
6000.05	0
6001.31	0
6002.56	0
6003.82	0
6005.07	0
6006.33	0
6007.59	0
6008.84	0
6010.1	0
6011.35	0
6012.61	0
6013.87	0
6015.12	0
6016.38	0
6017.64	0
6018.9	0
6020.15	0
6021.41	0
6022.67	0
6023.93	0
6025.18	0
6026.44	0
6027.7	0
6028.96	0
6030.22	0
6031.48	0
6032.74	0
6034	0
6035.26	0
6036.52	0
6037.77	0
6039.03	0
6040.29	0
6041.56	0
6042.82	0
6044.08	0
6045.34	0
6046.6	0
6047.86	0
6049.12	0
6050.38	0
6051.64	0
6052.9	0
6054.17	0
6055.43	0
6056.69	0
6057.95	0
6059.22	0
6060.48	0
6061.74	0
6063	0
6064.27	0
6065.53	0
6066.79	0
6068.06	0
6069.32	0
6070.59	0
6071.85	0
6073.11	0
6074.38	0
6075.64	0
6076.91	0
6078.17	0
6079.44	0
6080.7	0
6081.97	0
6083.23	0
6084.5	0
6085.77	0
6087.03	0
6088.3	0
6089.56	0
6090.83	0
6092.1	0
6093.37	0
6094.63	0
6095.9	0
6097.17	0
6098.43	0
6099.7	0
6100.97	0
6102.24	0
6103.51	0
6104.78	0
6106.04	0
6107.31	0
6108.58	0
6109.85	0
6111.12	0
6112.39	0
6113.66	0
6114.93	0
6116.2	0
6117.47	0
6118.74	0
6120.01	0
6121.28	0
6122.55	0
6123.82	0
6125.09	0
6126.36	0
6127.63	0
6128.91	0
6130.18	0
6131.45	0
6132.72	0
6133.99	0
6135.27	0
6136.54	0
6137.81	0
6139.08	0
6140.36	0
6141.63	0
6142.9	0
6144.18	0
6145.45	0
6146.72	0
6148	0
6149.27	0
6150.55	0
6151.82	0
6153.1	0
6154.37	0
6155.65	0
6156.92	0
6158.2	0
6159.47	0
6160.75	0
6162.02	0
6163.3	0
6164.58	0
6165.85	0
6167.13	0
6168.4	0
6169.68	0
6170.96	0
6172.24	0
6173.51	0
6174.79	0
6176.07	0
6177.35	0
6178.62	0
6179.9	0
6181.18	0
6182.46	0
6183.74	0
6185.02	0
6186.29	0
6187.57	0
6188.85	0
6190.13	0
6191.41	0
6192.69	0
6193.97	0
6195.25	0
6196.53	0
6197.81	0
6199.09	0
6200.37	0
6201.65	0
6202.94	0
6204.22	0
6205.5	0
6206.78	0
6208.06	0
6209.34	0
6210.63	0
6211.91	0
6213.19	0
6214.47	0
6215.76	0
6217.04	0
6218.32	0
6219.6	0
6220.89	0
6222.17	0
6223.45	0
6224.74	0
6226.02	0
6227.31	0
6228.59	0
6229.88	0
6231.16	0
6232.45	0
6233.73	0
6235.02	0
6236.3	0
6237.59	0
6238.87	0
6240.16	0
6241.44	0
6242.73	0
6244.02	0
6245.3	0
6246.59	0
6247.88	0
6249.16	0
6250.45	0
6251.74	0
6253.03	0
6254.31	0
6255.6	0
6256.89	0
6258.18	0
6259.47	0
6260.75	0
6262.04	0
6263.33	0
6264.62	0
6265.91	0
6267.2	0
6268.49	0
6269.78	0
6271.07	0
